ch	pt	fine_thr	a_fit	b_fit
 0	 0	 0	220.504	0.580
 0	 0	 1	219.466	0.557
 0	 0	 2	218.629	0.521
 0	 0	 3	217.590	0.521
 0	 0	 4	216.682	0.549
 0	 0	 5	215.639	0.563
 0	 0	 6	214.722	0.543
 0	 0	 7	213.654	0.579
 0	 1	 0	220.420	0.403
 0	 1	 1	219.363	0.373
 0	 1	 2	218.521	0.376
 0	 1	 3	217.389	0.399
 0	 1	 4	216.566	0.426
 0	 1	 5	215.578	0.394
 0	 1	 6	214.589	0.405
 0	 1	 7	213.529	0.396
 0	 2	 0	220.448	0.404
 0	 2	 1	219.402	0.393
 0	 2	 2	218.523	0.401
 0	 2	 3	217.469	0.398
 0	 2	 4	216.588	0.384
 0	 2	 5	215.582	0.400
 0	 2	 6	214.624	0.408
 0	 2	 7	213.597	0.397
 0	 3	 0	220.536	0.472
 0	 3	 1	219.507	0.445
 0	 3	 2	218.626	0.456
 0	 3	 3	217.574	0.462
 0	 3	 4	216.730	0.403
 0	 3	 5	215.679	0.439
 0	 3	 6	214.706	0.454
 0	 3	 7	213.666	0.416
 0	 4	 0	220.608	0.544
 0	 4	 1	219.512	0.498
 0	 4	 2	218.648	0.501
 0	 4	 3	217.601	0.537
 0	 4	 4	216.801	0.462
 0	 4	 5	215.697	0.495
 0	 4	 6	214.787	0.458
 0	 4	 7	213.682	0.450
 0	 5	 0	220.255	0.260
 0	 5	 1	219.222	0.283
 0	 5	 2	218.327	0.245
 0	 5	 3	217.273	0.253
 0	 5	 4	216.422	0.279
 0	 5	 5	215.346	0.266
 0	 5	 6	214.422	0.279
 0	 5	 7	213.341	0.240
 0	 6	 0	220.278	0.263
 0	 6	 1	219.203	0.220
 0	 6	 2	218.354	0.226
 0	 6	 3	217.250	0.215
 0	 6	 4	216.429	0.242
 0	 6	 5	215.286	0.202
 0	 6	 6	214.372	0.237
 0	 6	 7	213.314	0.225
 0	 7	 0	220.248	0.208
 0	 7	 1	219.227	0.214
 0	 7	 2	218.292	0.200
 0	 7	 3	217.268	0.238
 0	 7	 4	216.400	0.233
 0	 7	 5	215.310	0.224
 0	 7	 6	214.350	0.226
 0	 7	 7	213.354	0.225
 1	 0	 0	222.118	0.368
 1	 0	 1	221.107	0.361
 1	 0	 2	220.184	0.372
 1	 0	 3	219.146	0.315
 1	 0	 4	218.311	0.342
 1	 0	 5	217.314	0.334
 1	 0	 6	216.391	0.362
 1	 0	 7	215.364	0.371
 1	 1	 0	222.141	0.301
 1	 1	 1	221.077	0.263
 1	 1	 2	220.188	0.296
 1	 1	 3	219.131	0.239
 1	 1	 4	218.286	0.312
 1	 1	 5	217.254	0.272
 1	 1	 6	216.393	0.315
 1	 1	 7	215.364	0.313
 1	 2	 0	222.121	0.286
 1	 2	 1	221.118	0.289
 1	 2	 2	220.182	0.298
 1	 2	 3	219.167	0.290
 1	 2	 4	218.282	0.304
 1	 2	 5	217.236	0.266
 1	 2	 6	216.416	0.282
 1	 2	 7	215.377	0.287
 1	 3	 0	222.134	0.303
 1	 3	 1	221.103	0.312
 1	 3	 2	220.145	0.253
 1	 3	 3	219.140	0.237
 1	 3	 4	218.287	0.269
 1	 3	 5	217.261	0.240
 1	 3	 6	216.410	0.275
 1	 3	 7	215.359	0.288
 1	 4	 0	222.135	0.327
 1	 4	 1	221.098	0.359
 1	 4	 2	220.162	0.360
 1	 4	 3	219.183	0.346
 1	 4	 4	218.317	0.342
 1	 4	 5	217.327	0.343
 1	 4	 6	216.371	0.329
 1	 4	 7	215.313	0.335
 1	 5	 0	222.156	0.274
 1	 5	 1	221.058	0.279
 1	 5	 2	220.153	0.295
 1	 5	 3	219.132	0.285
 1	 5	 4	218.284	0.278
 1	 5	 5	217.203	0.290
 1	 5	 6	216.401	0.318
 1	 5	 7	215.306	0.293
 1	 6	 0	222.151	0.297
 1	 6	 1	221.111	0.291
 1	 6	 2	220.100	0.294
 1	 6	 3	219.131	0.285
 1	 6	 4	218.246	0.244
 1	 6	 5	217.202	0.229
 1	 6	 6	216.333	0.266
 1	 6	 7	215.352	0.306
 1	 7	 0	222.123	0.247
 1	 7	 1	221.084	0.252
 1	 7	 2	220.132	0.257
 1	 7	 3	219.126	0.241
 1	 7	 4	218.291	0.282
 1	 7	 5	217.290	0.300
 1	 7	 6	216.361	0.279
 1	 7	 7	215.289	0.231
 2	 0	 0	217.178	0.347
 2	 0	 1	216.132	0.338
 2	 0	 2	215.076	0.371
 2	 0	 3	214.029	0.355
 2	 0	 4	213.095	0.352
 2	 0	 5	211.960	0.358
 2	 0	 6	210.962	0.368
 2	 0	 7	209.814	0.350
 2	 1	 0	217.177	0.328
 2	 1	 1	216.089	0.300
 2	 1	 2	215.085	0.300
 2	 1	 3	213.964	0.327
 2	 1	 4	213.101	0.296
 2	 1	 5	211.940	0.313
 2	 1	 6	210.932	0.323
 2	 1	 7	209.844	0.274
 2	 2	 0	217.182	0.298
 2	 2	 1	216.030	0.282
 2	 2	 2	215.085	0.300
 2	 2	 3	214.003	0.307
 2	 2	 4	213.108	0.294
 2	 2	 5	211.991	0.340
 2	 2	 6	210.960	0.288
 2	 2	 7	209.853	0.296
 2	 3	 0	217.125	0.319
 2	 3	 1	216.062	0.275
 2	 3	 2	215.074	0.260
 2	 3	 3	213.947	0.285
 2	 3	 4	213.079	0.271
 2	 3	 5	211.982	0.267
 2	 3	 6	210.952	0.283
 2	 3	 7	209.875	0.284
 2	 4	 0	217.179	0.267
 2	 4	 1	216.056	0.276
 2	 4	 2	215.117	0.249
 2	 4	 3	213.937	0.310
 2	 4	 4	213.075	0.272
 2	 4	 5	211.964	0.265
 2	 4	 6	210.943	0.303
 2	 4	 7	209.848	0.243
 2	 5	 0	217.141	0.279
 2	 5	 1	216.024	0.283
 2	 5	 2	215.108	0.289
 2	 5	 3	213.956	0.275
 2	 5	 4	213.061	0.305
 2	 5	 5	211.965	0.265
 2	 5	 6	210.931	0.261
 2	 5	 7	209.866	0.249
 2	 6	 0	217.143	0.278
 2	 6	 1	215.991	0.306
 2	 6	 2	215.027	0.271
 2	 6	 3	213.989	0.279
 2	 6	 4	213.057	0.276
 2	 6	 5	211.978	0.267
 2	 6	 6	210.931	0.261
 2	 6	 7	209.827	0.269
 2	 7	 0	217.159	0.292
 2	 7	 1	216.066	0.274
 2	 7	 2	215.061	0.263
 2	 7	 3	214.014	0.303
 2	 7	 4	213.096	0.295
 2	 7	 5	211.929	0.304
 2	 7	 6	210.956	0.285
 2	 7	 7	209.824	0.287
 3	 0	 0	231.327	0.369
 3	 0	 1	230.250	0.372
 3	 0	 2	229.321	0.346
 3	 0	 3	228.224	0.348
 3	 0	 4	227.348	0.362
 3	 0	 5	226.259	0.371
 3	 0	 6	225.273	0.346
 3	 0	 7	224.144	0.340
 3	 1	 0	231.307	0.298
 3	 1	 1	230.269	0.319
 3	 1	 2	229.298	0.306
 3	 1	 3	228.255	0.309
 3	 1	 4	227.377	0.309
 3	 1	 5	226.197	0.327
 3	 1	 6	225.233	0.318
 3	 1	 7	224.136	0.335
 3	 2	 0	231.369	0.307
 3	 2	 1	230.224	0.316
 3	 2	 2	229.311	0.305
 3	 2	 3	228.231	0.281
 3	 2	 4	227.372	0.289
 3	 2	 5	226.221	0.294
 3	 2	 6	225.241	0.276
 3	 2	 7	224.154	0.309
 3	 3	 0	231.335	0.286
 3	 3	 1	230.239	0.310
 3	 3	 2	229.304	0.283
 3	 3	 3	228.192	0.229
 3	 3	 4	227.392	0.290
 3	 3	 5	226.151	0.277
 3	 3	 6	225.234	0.279
 3	 3	 7	224.100	0.329
 3	 4	 0	231.358	0.316
 3	 4	 1	230.268	0.304
 3	 4	 2	229.263	0.351
 3	 4	 3	228.246	0.300
 3	 4	 4	227.394	0.322
 3	 4	 5	226.236	0.328
 3	 4	 6	225.264	0.321
 3	 4	 7	224.117	0.334
 3	 5	 0	231.307	0.293
 3	 5	 1	230.247	0.313
 3	 5	 2	229.275	0.295
 3	 5	 3	228.216	0.286
 3	 5	 4	227.343	0.303
 3	 5	 5	226.230	0.290
 3	 5	 6	225.196	0.292
 3	 5	 7	224.067	0.276
 3	 6	 0	231.309	0.292
 3	 6	 1	230.227	0.269
 3	 6	 2	229.269	0.254
 3	 6	 3	228.182	0.309
 3	 6	 4	227.297	0.280
 3	 6	 5	226.220	0.272
 3	 6	 6	225.249	0.299
 3	 6	 7	224.070	0.275
 3	 7	 0	231.323	0.291
 3	 7	 1	230.250	0.291
 3	 7	 2	229.277	0.273
 3	 7	 3	228.208	0.277
 3	 7	 4	227.273	0.265
 3	 7	 5	226.216	0.285
 3	 7	 6	225.237	0.288
 3	 7	 7	224.089	0.298
 4	 0	 0	220.971	0.408
 4	 0	 1	219.964	0.405
 4	 0	 2	219.037	0.360
 4	 0	 3	218.087	0.317
 4	 0	 4	217.238	0.371
 4	 0	 5	216.243	0.349
 4	 0	 6	215.319	0.365
 4	 0	 7	214.216	0.370
 4	 1	 0	220.973	0.332
 4	 1	 1	220.024	0.301
 4	 1	 2	219.038	0.328
 4	 1	 3	218.049	0.340
 4	 1	 4	217.206	0.308
 4	 1	 5	216.186	0.307
 4	 1	 6	215.289	0.335
 4	 1	 7	214.235	0.298
 4	 2	 0	220.944	0.339
 4	 2	 1	220.018	0.334
 4	 2	 2	219.032	0.299
 4	 2	 3	218.116	0.286
 4	 2	 4	217.207	0.308
 4	 2	 5	216.226	0.300
 4	 2	 6	215.273	0.307
 4	 2	 7	214.235	0.289
 4	 3	 0	220.942	0.278
 4	 3	 1	219.979	0.337
 4	 3	 2	219.070	0.308
 4	 3	 3	218.055	0.263
 4	 3	 4	217.197	0.292
 4	 3	 5	216.169	0.271
 4	 3	 6	215.279	0.310
 4	 3	 7	214.237	0.288
 4	 4	 0	220.972	0.301
 4	 4	 1	219.924	0.320
 4	 4	 2	219.055	0.339
 4	 4	 3	218.065	0.306
 4	 4	 4	217.260	0.332
 4	 4	 5	216.192	0.314
 4	 4	 6	215.337	0.320
 4	 4	 7	214.242	0.326
 4	 5	 0	220.927	0.302
 4	 5	 1	219.910	0.297
 4	 5	 2	218.988	0.286
 4	 5	 3	218.022	0.297
 4	 5	 4	217.158	0.273
 4	 5	 5	216.136	0.300
 4	 5	 6	215.243	0.286
 4	 5	 7	214.118	0.255
 4	 6	 0	220.913	0.298
 4	 6	 1	219.894	0.311
 4	 6	 2	218.944	0.279
 4	 6	 3	217.993	0.312
 4	 6	 4	217.130	0.282
 4	 6	 5	216.127	0.318
 4	 6	 6	215.159	0.307
 4	 6	 7	214.157	0.245
 4	 7	 0	220.848	0.278
 4	 7	 1	219.845	0.277
 4	 7	 2	218.928	0.255
 4	 7	 3	217.951	0.265
 4	 7	 4	217.104	0.256
 4	 7	 5	216.168	0.303
 4	 7	 6	215.161	0.272
 4	 7	 7	214.098	0.313
 5	 0	 0	213.449	0.394
 5	 0	 1	212.314	0.395
 5	 0	 2	211.428	0.405
 5	 0	 3	210.321	0.400
 5	 0	 4	209.468	0.424
 5	 0	 5	208.369	0.386
 5	 0	 6	207.469	0.384
 5	 0	 7	206.306	0.402
 5	 1	 0	213.387	0.331
 5	 1	 1	212.364	0.327
 5	 1	 2	211.411	0.366
 5	 1	 3	210.310	0.355
 5	 1	 4	209.443	0.350
 5	 1	 5	208.290	0.346
 5	 1	 6	207.391	0.329
 5	 1	 7	206.308	0.344
 5	 2	 0	213.390	0.325
 5	 2	 1	212.375	0.324
 5	 2	 2	211.422	0.326
 5	 2	 3	210.315	0.337
 5	 2	 4	209.401	0.344
 5	 2	 5	208.334	0.346
 5	 2	 6	207.365	0.335
 5	 2	 7	206.291	0.318
 5	 3	 0	213.382	0.339
 5	 3	 1	212.368	0.317
 5	 3	 2	211.397	0.328
 5	 3	 3	210.291	0.314
 5	 3	 4	209.422	0.295
 5	 3	 5	208.310	0.310
 5	 3	 6	207.391	0.311
 5	 3	 7	206.345	0.325
 5	 4	 0	213.380	0.316
 5	 4	 1	212.329	0.301
 5	 4	 2	211.427	0.307
 5	 4	 3	210.325	0.311
 5	 4	 4	209.377	0.329
 5	 4	 5	208.230	0.326
 5	 4	 6	207.253	0.304
 5	 4	 7	206.344	0.303
 5	 5	 0	213.388	0.295
 5	 5	 1	212.349	0.307
 5	 5	 2	211.413	0.326
 5	 5	 3	210.298	0.315
 5	 5	 4	209.392	0.302
 5	 5	 5	208.331	0.309
 5	 5	 6	207.386	0.293
 5	 5	 7	206.330	0.313
 5	 6	 0	213.360	0.324
 5	 6	 1	212.323	0.276
 5	 6	 2	211.392	0.296
 5	 6	 3	210.272	0.313
 5	 6	 4	209.399	0.299
 5	 6	 5	208.253	0.316
 5	 6	 6	207.377	0.290
 5	 6	 7	206.323	0.275
 5	 7	 0	213.403	0.299
 5	 7	 1	212.321	0.297
 5	 7	 2	211.395	0.306
 5	 7	 3	210.342	0.303
 5	 7	 4	209.406	0.318
 5	 7	 5	208.326	0.303
 5	 7	 6	207.359	0.303
 5	 7	 7	206.323	0.281
 6	 0	 0	219.130	0.440
 6	 0	 1	218.108	0.444
 6	 0	 2	217.201	0.434
 6	 0	 3	216.155	0.458
 6	 0	 4	215.265	0.414
 6	 0	 5	214.197	0.449
 6	 0	 6	213.301	0.435
 6	 0	 7	212.259	0.429
 6	 1	 0	219.087	0.363
 6	 1	 1	218.096	0.358
 6	 1	 2	217.228	0.368
 6	 1	 3	216.125	0.376
 6	 1	 4	215.251	0.386
 6	 1	 5	214.184	0.371
 6	 1	 6	213.216	0.374
 6	 1	 7	212.197	0.383
 6	 2	 0	219.058	0.324
 6	 2	 1	218.086	0.343
 6	 2	 2	217.172	0.313
 6	 2	 3	216.191	0.322
 6	 2	 4	215.214	0.348
 6	 2	 5	214.180	0.334
 6	 2	 6	213.193	0.294
 6	 2	 7	212.218	0.304
 6	 3	 0	219.078	0.305
 6	 3	 1	218.061	0.307
 6	 3	 2	217.170	0.331
 6	 3	 3	216.157	0.318
 6	 3	 4	215.228	0.320
 6	 3	 5	214.180	0.327
 6	 3	 6	213.182	0.298
 6	 3	 7	212.204	0.309
 6	 4	 0	219.085	0.317
 6	 4	 1	218.061	0.307
 6	 4	 2	217.145	0.297
 6	 4	 3	216.112	0.290
 6	 4	 4	215.218	0.285
 6	 4	 5	214.131	0.316
 6	 4	 6	213.205	0.289
 6	 4	 7	212.214	0.338
 6	 5	 0	219.051	0.332
 6	 5	 1	218.079	0.333
 6	 5	 2	217.202	0.318
 6	 5	 3	216.127	0.317
 6	 5	 4	215.221	0.317
 6	 5	 5	214.101	0.326
 6	 5	 6	213.261	0.294
 6	 5	 7	212.201	0.302
 6	 6	 0	219.102	0.247
 6	 6	 1	218.112	0.310
 6	 6	 2	217.094	0.294
 6	 6	 3	216.112	0.263
 6	 6	 4	215.202	0.291
 6	 6	 5	214.085	0.264
 6	 6	 6	213.219	0.272
 6	 6	 7	212.198	0.280
 6	 7	 0	219.047	0.308
 6	 7	 1	218.046	0.283
 6	 7	 2	217.156	0.293
 6	 7	 3	216.101	0.326
 6	 7	 4	215.212	0.314
 6	 7	 5	214.102	0.312
 6	 7	 6	213.216	0.286
 6	 7	 7	212.249	0.305
 7	 0	 0	219.247	0.500
 7	 0	 1	218.298	0.516
 7	 0	 2	217.343	0.504
 7	 0	 3	216.333	0.521
 7	 0	 4	215.339	0.478
 7	 0	 5	214.338	0.483
 7	 0	 6	213.355	0.506
 7	 0	 7	212.278	0.499
 7	 1	 0	219.253	0.368
 7	 1	 1	218.266	0.414
 7	 1	 2	217.293	0.415
 7	 1	 3	216.284	0.428
 7	 1	 4	215.351	0.422
 7	 1	 5	214.340	0.436
 7	 1	 6	213.344	0.408
 7	 1	 7	212.313	0.439
 7	 2	 0	219.278	0.368
 7	 2	 1	218.250	0.386
 7	 2	 2	217.292	0.382
 7	 2	 3	216.242	0.380
 7	 2	 4	215.382	0.376
 7	 2	 5	214.308	0.379
 7	 2	 6	213.307	0.350
 7	 2	 7	212.313	0.371
 7	 3	 0	219.270	0.352
 7	 3	 1	218.238	0.356
 7	 3	 2	217.279	0.358
 7	 3	 3	216.240	0.337
 7	 3	 4	215.403	0.363
 7	 3	 5	214.310	0.373
 7	 3	 6	213.334	0.351
 7	 3	 7	212.244	0.364
 7	 4	 0	219.289	0.335
 7	 4	 1	218.297	0.328
 7	 4	 2	217.269	0.345
 7	 4	 3	216.258	0.365
 7	 4	 4	215.378	0.333
 7	 4	 5	214.261	0.336
 7	 4	 6	213.292	0.305
 7	 4	 7	212.252	0.336
 7	 5	 0	219.266	0.330
 7	 5	 1	218.287	0.336
 7	 5	 2	217.323	0.346
 7	 5	 3	216.188	0.374
 7	 5	 4	215.360	0.356
 7	 5	 5	214.285	0.358
 7	 5	 6	213.305	0.321
 7	 5	 7	212.233	0.354
 7	 6	 0	219.252	0.304
 7	 6	 1	218.246	0.329
 7	 6	 2	217.296	0.332
 7	 6	 3	216.224	0.316
 7	 6	 4	215.360	0.338
 7	 6	 5	214.291	0.342
 7	 6	 6	213.303	0.317
 7	 6	 7	212.334	0.349
 7	 7	 0	219.270	0.324
 7	 7	 1	218.254	0.315
 7	 7	 2	217.321	0.331
 7	 7	 3	216.218	0.336
 7	 7	 4	215.430	0.308
 7	 7	 5	214.226	0.343
 7	 7	 6	213.314	0.331
 7	 7	 7	212.276	0.325
 8	 0	 0	223.126	0.489
 8	 0	 1	222.048	0.489
 8	 0	 2	221.087	0.456
 8	 0	 3	220.002	0.458
 8	 0	 4	219.142	0.480
 8	 0	 5	218.101	0.468
 8	 0	 6	217.166	0.486
 8	 0	 7	216.074	0.513
 8	 1	 0	223.014	0.437
 8	 1	 1	221.955	0.427
 8	 1	 2	221.042	0.428
 8	 1	 3	219.934	0.433
 8	 1	 4	219.108	0.410
 8	 1	 5	218.057	0.401
 8	 1	 6	217.161	0.406
 8	 1	 7	216.086	0.420
 8	 2	 0	223.036	0.436
 8	 2	 1	221.892	0.390
 8	 2	 2	220.987	0.413
 8	 2	 3	219.943	0.404
 8	 2	 4	219.027	0.381
 8	 2	 5	218.022	0.400
 8	 2	 6	217.151	0.396
 8	 2	 7	216.077	0.436
 8	 3	 0	222.960	0.424
 8	 3	 1	221.934	0.437
 8	 3	 2	220.977	0.399
 8	 3	 3	219.963	0.418
 8	 3	 4	219.087	0.419
 8	 3	 5	218.029	0.426
 8	 3	 6	217.099	0.409
 8	 3	 7	216.018	0.453
 8	 4	 0	222.945	0.461
 8	 4	 1	221.899	0.492
 8	 4	 2	220.985	0.430
 8	 4	 3	219.929	0.411
 8	 4	 4	218.973	0.419
 8	 4	 5	218.029	0.391
 8	 4	 6	217.122	0.425
 8	 4	 7	216.047	0.431
 8	 5	 0	222.937	0.464
 8	 5	 1	221.898	0.508
 8	 5	 2	220.965	0.459
 8	 5	 3	219.895	0.444
 8	 5	 4	218.935	0.439
 8	 5	 5	217.972	0.464
 8	 5	 6	217.039	0.459
 8	 5	 7	216.029	0.478
 8	 6	 0	222.990	0.509
 8	 6	 1	221.844	0.482
 8	 6	 2	220.948	0.519
 8	 6	 3	219.904	0.460
 8	 6	 4	218.946	0.428
 8	 6	 5	218.000	0.479
 8	 6	 6	217.002	0.510
 8	 6	 7	216.033	0.498
 8	 7	 0	222.959	0.501
 8	 7	 1	221.874	0.529
 8	 7	 2	220.888	0.527
 8	 7	 3	219.898	0.470
 8	 7	 4	218.968	0.493
 8	 7	 5	217.934	0.518
 8	 7	 6	216.991	0.507
 8	 7	 7	216.030	0.476
 9	 0	 0	220.291	0.394
 9	 0	 1	219.277	0.418
 9	 0	 2	218.283	0.433
 9	 0	 3	217.233	0.418
 9	 0	 4	216.323	0.440
 9	 0	 5	215.301	0.461
 9	 0	 6	214.231	0.434
 9	 0	 7	213.252	0.398
 9	 1	 0	220.222	0.404
 9	 1	 1	219.272	0.381
 9	 1	 2	218.230	0.359
 9	 1	 3	217.182	0.409
 9	 1	 4	216.227	0.394
 9	 1	 5	215.238	0.421
 9	 1	 6	214.248	0.418
 9	 1	 7	213.165	0.359
 9	 2	 0	220.226	0.377
 9	 2	 1	219.258	0.354
 9	 2	 2	218.224	0.382
 9	 2	 3	217.162	0.355
 9	 2	 4	216.243	0.389
 9	 2	 5	215.194	0.371
 9	 2	 6	214.224	0.353
 9	 2	 7	213.167	0.352
 9	 3	 0	220.276	0.388
 9	 3	 1	219.176	0.380
 9	 3	 2	218.218	0.361
 9	 3	 3	217.144	0.393
 9	 3	 4	216.191	0.348
 9	 3	 5	215.174	0.399
 9	 3	 6	214.226	0.395
 9	 3	 7	213.182	0.377
 9	 4	 0	220.241	0.416
 9	 4	 1	219.199	0.418
 9	 4	 2	218.263	0.401
 9	 4	 3	217.162	0.373
 9	 4	 4	216.229	0.400
 9	 4	 5	215.187	0.403
 9	 4	 6	214.251	0.439
 9	 4	 7	213.155	0.364
 9	 5	 0	220.271	0.432
 9	 5	 1	219.180	0.425
 9	 5	 2	218.234	0.410
 9	 5	 3	217.153	0.410
 9	 5	 4	216.268	0.440
 9	 5	 5	215.174	0.423
 9	 5	 6	214.218	0.465
 9	 5	 7	213.133	0.415
 9	 6	 0	220.241	0.490
 9	 6	 1	219.158	0.454
 9	 6	 2	218.172	0.439
 9	 6	 3	217.094	0.447
 9	 6	 4	216.259	0.483
 9	 6	 5	215.128	0.445
 9	 6	 6	214.230	0.467
 9	 6	 7	213.191	0.419
 9	 7	 0	220.199	0.472
 9	 7	 1	219.121	0.475
 9	 7	 2	218.232	0.442
 9	 7	 3	217.122	0.463
 9	 7	 4	216.238	0.507
 9	 7	 5	215.150	0.480
 9	 7	 6	214.245	0.475
 9	 7	 7	213.111	0.431
10	 0	 0	226.184	0.413
10	 0	 1	225.032	0.421
10	 0	 2	223.995	0.411
10	 0	 3	222.876	0.410
10	 0	 4	222.016	0.412
10	 0	 5	220.827	0.405
10	 0	 6	219.865	0.391
10	 0	 7	218.776	0.410
10	 1	 0	226.123	0.398
10	 1	 1	225.019	0.388
10	 1	 2	223.978	0.391
10	 1	 3	222.857	0.349
10	 1	 4	221.981	0.374
10	 1	 5	220.843	0.343
10	 1	 6	219.809	0.342
10	 1	 7	218.805	0.346
10	 2	 0	226.138	0.351
10	 2	 1	224.976	0.349
10	 2	 2	223.911	0.388
10	 2	 3	222.900	0.340
10	 2	 4	221.912	0.368
10	 2	 5	220.799	0.381
10	 2	 6	219.791	0.346
10	 2	 7	218.729	0.344
10	 3	 0	226.147	0.396
10	 3	 1	224.957	0.370
10	 3	 2	223.903	0.375
10	 3	 3	222.828	0.378
10	 3	 4	221.948	0.345
10	 3	 5	220.763	0.386
10	 3	 6	219.818	0.409
10	 3	 7	218.706	0.372
10	 4	 0	226.104	0.392
10	 4	 1	224.956	0.405
10	 4	 2	223.941	0.390
10	 4	 3	222.826	0.398
10	 4	 4	221.956	0.383
10	 4	 5	220.776	0.396
10	 4	 6	219.806	0.392
10	 4	 7	218.682	0.376
10	 5	 0	226.080	0.442
10	 5	 1	224.958	0.452
10	 5	 2	223.914	0.429
10	 5	 3	222.838	0.439
10	 5	 4	221.878	0.428
10	 5	 5	220.791	0.437
10	 5	 6	219.784	0.393
10	 5	 7	218.708	0.412
10	 6	 0	226.039	0.481
10	 6	 1	224.979	0.455
10	 6	 2	223.923	0.474
10	 6	 3	222.807	0.453
10	 6	 4	221.934	0.487
10	 6	 5	220.824	0.428
10	 6	 6	219.768	0.428
10	 6	 7	218.712	0.443
10	 7	 0	226.091	0.475
10	 7	 1	224.983	0.515
10	 7	 2	223.941	0.484
10	 7	 3	222.818	0.501
10	 7	 4	221.922	0.516
10	 7	 5	220.752	0.503
10	 7	 6	219.776	0.455
10	 7	 7	218.703	0.509
11	 0	 0	226.509	0.404
11	 0	 1	225.309	0.387
11	 0	 2	224.380	0.390
11	 0	 3	223.237	0.368
11	 0	 4	222.247	0.415
11	 0	 5	221.113	0.403
11	 0	 6	220.203	0.403
11	 0	 7	219.210	0.355
11	 1	 0	226.514	0.371
11	 1	 1	225.316	0.358
11	 1	 2	224.339	0.360
11	 1	 3	223.168	0.352
11	 1	 4	222.290	0.356
11	 1	 5	221.081	0.347
11	 1	 6	220.159	0.356
11	 1	 7	219.226	0.333
11	 2	 0	226.485	0.345
11	 2	 1	225.347	0.360
11	 2	 2	224.328	0.371
11	 2	 3	223.112	0.368
11	 2	 4	222.303	0.343
11	 2	 5	221.096	0.331
11	 2	 6	220.150	0.360
11	 2	 7	219.232	0.354
11	 3	 0	226.471	0.382
11	 3	 1	225.268	0.373
11	 3	 2	224.322	0.363
11	 3	 3	223.105	0.362
11	 3	 4	222.222	0.379
11	 3	 5	221.033	0.348
11	 3	 6	220.096	0.358
11	 3	 7	219.167	0.339
11	 4	 0	226.469	0.411
11	 4	 1	225.287	0.397
11	 4	 2	224.284	0.386
11	 4	 3	223.139	0.358
11	 4	 4	222.438	0.384
11	 4	 5	221.068	0.412
11	 4	 6	220.096	0.367
11	 4	 7	219.150	0.408
11	 5	 0	226.413	0.410
11	 5	 1	225.264	0.412
11	 5	 2	224.267	0.390
11	 5	 3	223.132	0.425
11	 5	 4	222.417	0.409
11	 5	 5	221.006	0.407
11	 5	 6	220.077	0.392
11	 5	 7	219.127	0.387
11	 6	 0	226.435	0.456
11	 6	 1	225.197	0.433
11	 6	 2	224.263	0.451
11	 6	 3	223.123	0.437
11	 6	 4	222.146	0.447
11	 6	 5	220.990	0.418
11	 6	 6	220.294	0.429
11	 6	 7	219.149	0.368
11	 7	 0	226.520	0.459
11	 7	 1	225.294	0.466
11	 7	 2	224.236	0.450
11	 7	 3	223.107	0.489
11	 7	 4	222.230	0.423
11	 7	 5	221.051	0.438
11	 7	 6	220.298	0.446
11	 7	 7	219.127	0.446
12	 0	 0	220.334	0.397
12	 0	 1	219.244	0.357
12	 0	 2	218.251	0.372
12	 0	 3	217.190	0.369
12	 0	 4	216.278	0.384
12	 0	 5	215.097	0.396
12	 0	 6	214.086	0.420
12	 0	 7	213.000	0.388
12	 1	 0	220.343	0.344
12	 1	 1	219.180	0.269
12	 1	 2	218.260	0.328
12	 1	 3	217.225	0.374
12	 1	 4	216.261	0.349
12	 1	 5	215.096	0.390
12	 1	 6	214.065	0.337
12	 1	 7	212.986	0.338
12	 2	 0	220.295	0.332
12	 2	 1	219.188	0.365
12	 2	 2	218.264	0.347
12	 2	 3	217.144	0.326
12	 2	 4	216.273	0.381
12	 2	 5	215.034	0.307
12	 2	 6	214.060	0.359
12	 2	 7	213.014	0.335
12	 3	 0	220.347	0.363
12	 3	 1	219.174	0.343
12	 3	 2	218.259	0.349
12	 3	 3	217.150	0.371
12	 3	 4	216.237	0.375
12	 3	 5	215.047	0.383
12	 3	 6	214.048	0.326
12	 3	 7	212.953	0.373
12	 4	 0	220.304	0.384
12	 4	 1	219.150	0.381
12	 4	 2	218.262	0.348
12	 4	 3	217.174	0.386
12	 4	 4	216.153	0.389
12	 4	 5	215.060	0.418
12	 4	 6	214.025	0.356
12	 4	 7	212.932	0.374
12	 5	 0	220.304	0.406
12	 5	 1	219.141	0.424
12	 5	 2	218.208	0.408
12	 5	 3	217.167	0.424
12	 5	 4	216.201	0.385
12	 5	 5	215.033	0.391
12	 5	 6	214.025	0.399
12	 5	 7	212.934	0.366
12	 6	 0	220.257	0.457
12	 6	 1	219.119	0.438
12	 6	 2	218.273	0.431
12	 6	 3	217.091	0.459
12	 6	 4	216.208	0.418
12	 6	 5	215.022	0.383
12	 6	 6	214.028	0.427
12	 6	 7	212.941	0.438
12	 7	 0	220.223	0.445
12	 7	 1	219.113	0.435
12	 7	 2	218.238	0.415
12	 7	 3	217.135	0.454
12	 7	 4	216.143	0.457
12	 7	 5	214.974	0.468
12	 7	 6	214.038	0.429
12	 7	 7	212.931	0.467
13	 0	 0	216.874	0.369
13	 0	 1	215.743	0.386
13	 0	 2	214.763	0.356
13	 0	 3	213.690	0.361
13	 0	 4	212.828	0.377
13	 0	 5	211.710	0.383
13	 0	 6	210.699	0.375
13	 0	 7	209.672	0.391
13	 1	 0	216.851	0.366
13	 1	 1	215.801	0.333
13	 1	 2	214.786	0.362
13	 1	 3	213.705	0.366
13	 1	 4	212.832	0.352
13	 1	 5	211.728	0.358
13	 1	 6	210.757	0.357
13	 1	 7	209.644	0.363
13	 2	 0	216.865	0.377
13	 2	 1	215.760	0.327
13	 2	 2	214.761	0.351
13	 2	 3	213.639	0.357
13	 2	 4	212.811	0.364
13	 2	 5	211.715	0.383
13	 2	 6	210.717	0.375
13	 2	 7	209.613	0.368
13	 3	 0	216.879	0.398
13	 3	 1	215.720	0.422
13	 3	 2	214.794	0.391
13	 3	 3	213.681	0.384
13	 3	 4	212.839	0.367
13	 3	 5	211.665	0.388
13	 3	 6	210.694	0.391
13	 3	 7	209.597	0.400
13	 4	 0	216.853	0.414
13	 4	 1	215.740	0.393
13	 4	 2	214.756	0.386
13	 4	 3	213.668	0.389
13	 4	 4	212.816	0.408
13	 4	 5	211.689	0.421
13	 4	 6	210.706	0.411
13	 4	 7	209.579	0.396
13	 5	 0	216.873	0.420
13	 5	 1	215.767	0.423
13	 5	 2	214.747	0.418
13	 5	 3	213.668	0.446
13	 5	 4	212.849	0.481
13	 5	 5	211.676	0.427
13	 5	 6	210.694	0.456
13	 5	 7	209.596	0.443
13	 6	 0	216.870	0.506
13	 6	 1	215.756	0.477
13	 6	 2	214.740	0.478
13	 6	 3	213.688	0.478
13	 6	 4	212.796	0.452
13	 6	 5	211.674	0.466
13	 6	 6	210.739	0.514
13	 6	 7	209.607	0.475
13	 7	 0	216.823	0.500
13	 7	 1	215.782	0.503
13	 7	 2	214.763	0.501
13	 7	 3	213.718	0.509
13	 7	 4	212.825	0.503
13	 7	 5	211.703	0.549
13	 7	 6	210.773	0.533
13	 7	 7	209.560	0.539
14	 0	 0	222.231	0.367
14	 0	 1	221.226	0.395
14	 0	 2	220.262	0.389
14	 0	 3	219.104	0.347
14	 0	 4	218.187	0.355
14	 0	 5	217.152	0.329
14	 0	 6	216.173	0.385
14	 0	 7	215.125	0.371
14	 1	 0	222.215	0.357
14	 1	 1	221.175	0.370
14	 1	 2	220.188	0.337
14	 1	 3	219.097	0.298
14	 1	 4	218.193	0.328
14	 1	 5	217.117	0.352
14	 1	 6	216.179	0.334
14	 1	 7	215.088	0.318
14	 2	 0	222.254	0.367
14	 2	 1	221.142	0.368
14	 2	 2	220.133	0.366
14	 2	 3	219.068	0.354
14	 2	 4	218.200	0.359
14	 2	 5	217.094	0.332
14	 2	 6	216.137	0.383
14	 2	 7	215.043	0.320
14	 3	 0	222.213	0.391
14	 3	 1	221.130	0.412
14	 3	 2	220.177	0.371
14	 3	 3	219.052	0.360
14	 3	 4	218.182	0.377
14	 3	 5	217.092	0.357
14	 3	 6	216.167	0.389
14	 3	 7	215.021	0.358
14	 4	 0	222.217	0.388
14	 4	 1	221.061	0.406
14	 4	 2	220.118	0.406
14	 4	 3	219.019	0.392
14	 4	 4	218.146	0.367
14	 4	 5	217.109	0.390
14	 4	 6	216.101	0.406
14	 4	 7	214.994	0.398
14	 5	 0	222.187	0.433
14	 5	 1	221.061	0.441
14	 5	 2	220.106	0.447
14	 5	 3	218.971	0.451
14	 5	 4	218.176	0.427
14	 5	 5	217.083	0.458
14	 5	 6	216.123	0.423
14	 5	 7	214.957	0.454
14	 6	 0	222.203	0.469
14	 6	 1	221.062	0.486
14	 6	 2	220.138	0.480
14	 6	 3	218.981	0.476
14	 6	 4	218.184	0.456
14	 6	 5	217.037	0.490
14	 6	 6	216.061	0.492
14	 6	 7	214.898	0.501
14	 7	 0	222.151	0.528
14	 7	 1	221.062	0.531
14	 7	 2	220.024	0.492
14	 7	 3	219.003	0.463
14	 7	 4	218.080	0.509
14	 7	 5	217.036	0.464
14	 7	 6	216.082	0.535
14	 7	 7	214.933	0.509
15	 0	 0	218.498	0.388
15	 0	 1	217.449	0.362
15	 0	 2	216.520	0.360
15	 0	 3	215.335	0.369
15	 0	 4	214.472	0.368
15	 0	 5	213.427	0.338
15	 0	 6	212.431	0.366
15	 0	 7	211.387	0.373
15	 1	 0	218.497	0.335
15	 1	 1	217.430	0.346
15	 1	 2	216.490	0.339
15	 1	 3	215.395	0.359
15	 1	 4	214.469	0.349
15	 1	 5	213.416	0.348
15	 1	 6	212.444	0.348
15	 1	 7	211.325	0.361
15	 2	 0	218.477	0.346
15	 2	 1	217.409	0.370
15	 2	 2	216.521	0.380
15	 2	 3	215.339	0.349
15	 2	 4	214.470	0.383
15	 2	 5	213.348	0.360
15	 2	 6	212.429	0.359
15	 2	 7	211.348	0.382
15	 3	 0	218.453	0.365
15	 3	 1	217.375	0.382
15	 3	 2	216.471	0.374
15	 3	 3	215.334	0.380
15	 3	 4	214.441	0.380
15	 3	 5	213.344	0.375
15	 3	 6	212.372	0.382
15	 3	 7	211.300	0.389
15	 4	 0	218.449	0.405
15	 4	 1	217.364	0.377
15	 4	 2	216.482	0.400
15	 4	 3	215.334	0.397
15	 4	 4	214.366	0.405
15	 4	 5	213.351	0.399
15	 4	 6	212.393	0.397
15	 4	 7	211.248	0.400
15	 5	 0	218.442	0.437
15	 5	 1	217.338	0.428
15	 5	 2	216.401	0.442
15	 5	 3	215.312	0.482
15	 5	 4	214.402	0.452
15	 5	 5	213.288	0.465
15	 5	 6	212.378	0.422
15	 5	 7	211.245	0.474
15	 6	 0	218.419	0.473
15	 6	 1	217.352	0.468
15	 6	 2	216.380	0.516
15	 6	 3	215.281	0.495
15	 6	 4	214.411	0.523
15	 6	 5	213.256	0.474
15	 6	 6	212.366	0.445
15	 6	 7	211.245	0.486
15	 7	 0	218.416	0.510
15	 7	 1	217.335	0.516
15	 7	 2	216.376	0.513
15	 7	 3	215.312	0.478
15	 7	 4	214.346	0.510
15	 7	 5	213.276	0.493
15	 7	 6	212.421	0.514
15	 7	 7	211.229	0.487
16	 0	 0	228.370	0.362
16	 0	 1	227.348	0.372
16	 0	 2	226.422	0.388
16	 0	 3	225.346	0.351
16	 0	 4	224.479	0.351
16	 0	 5	223.396	0.338
16	 0	 6	222.562	0.357
16	 0	 7	221.470	0.359
16	 1	 0	228.392	0.321
16	 1	 1	227.313	0.344
16	 1	 2	226.366	0.324
16	 1	 3	225.264	0.321
16	 1	 4	224.485	0.338
16	 1	 5	223.443	0.326
16	 1	 6	222.486	0.314
16	 1	 7	221.467	0.310
16	 2	 0	228.371	0.303
16	 2	 1	227.369	0.310
16	 2	 2	226.382	0.339
16	 2	 3	225.352	0.306
16	 2	 4	224.496	0.324
16	 2	 5	223.438	0.327
16	 2	 6	222.471	0.306
16	 2	 7	221.456	0.303
16	 3	 0	228.371	0.309
16	 3	 1	227.330	0.309
16	 3	 2	226.388	0.298
16	 3	 3	225.311	0.310
16	 3	 4	224.494	0.315
16	 3	 5	223.414	0.314
16	 3	 6	222.468	0.308
16	 3	 7	221.435	0.291
16	 4	 0	228.362	0.304
16	 4	 1	227.331	0.316
16	 4	 2	226.346	0.305
16	 4	 3	225.332	0.328
16	 4	 4	224.453	0.308
16	 4	 5	223.481	0.306
16	 4	 6	222.484	0.303
16	 4	 7	221.451	0.303
16	 5	 0	228.348	0.314
16	 5	 1	227.339	0.312
16	 5	 2	226.340	0.321
16	 5	 3	225.268	0.304
16	 5	 4	224.450	0.328
16	 5	 5	223.492	0.325
16	 5	 6	222.492	0.314
16	 5	 7	221.467	0.300
16	 6	 0	228.338	0.305
16	 6	 1	227.330	0.312
16	 6	 2	226.312	0.324
16	 6	 3	225.306	0.320
16	 6	 4	224.445	0.311
16	 6	 5	223.475	0.323
16	 6	 6	222.468	0.333
16	 6	 7	221.400	0.306
16	 7	 0	228.323	0.312
16	 7	 1	227.313	0.320
16	 7	 2	226.293	0.313
16	 7	 3	225.400	0.314
16	 7	 4	224.424	0.340
16	 7	 5	223.402	0.308
16	 7	 6	222.418	0.312
16	 7	 7	221.430	0.315
17	 0	 0	223.711	0.339
17	 0	 1	222.720	0.361
17	 0	 2	221.789	0.354
17	 0	 3	220.760	0.359
17	 0	 4	219.984	0.347
17	 0	 5	218.913	0.352
17	 0	 6	218.006	0.326
17	 0	 7	217.064	0.372
17	 1	 0	223.659	0.339
17	 1	 1	222.703	0.286
17	 1	 2	221.822	0.319
17	 1	 3	220.739	0.307
17	 1	 4	219.903	0.328
17	 1	 5	218.865	0.301
17	 1	 6	218.050	0.324
17	 1	 7	217.068	0.265
17	 2	 0	223.693	0.293
17	 2	 1	222.797	0.317
17	 2	 2	221.736	0.330
17	 2	 3	220.800	0.326
17	 2	 4	219.872	0.285
17	 2	 5	218.937	0.277
17	 2	 6	218.002	0.271
17	 2	 7	217.064	0.266
17	 3	 0	223.728	0.308
17	 3	 1	222.763	0.311
17	 3	 2	221.851	0.310
17	 3	 3	220.760	0.303
17	 3	 4	219.854	0.279
17	 3	 5	218.910	0.298
17	 3	 6	217.994	0.271
17	 3	 7	216.995	0.307
17	 4	 0	223.794	0.276
17	 4	 1	222.742	0.288
17	 4	 2	221.739	0.307
17	 4	 3	220.777	0.316
17	 4	 4	219.843	0.327
17	 4	 5	218.916	0.299
17	 4	 6	217.980	0.313
17	 4	 7	217.039	0.272
17	 5	 0	223.684	0.289
17	 5	 1	222.779	0.294
17	 5	 2	221.744	0.309
17	 5	 3	220.740	0.295
17	 5	 4	219.838	0.292
17	 5	 5	218.909	0.256
17	 5	 6	217.978	0.313
17	 5	 7	217.041	0.272
17	 6	 0	223.692	0.311
17	 6	 1	222.697	0.313
17	 6	 2	221.800	0.318
17	 6	 3	220.737	0.317
17	 6	 4	219.916	0.298
17	 6	 5	218.902	0.295
17	 6	 6	217.983	0.270
17	 6	 7	216.998	0.305
17	 7	 0	223.674	0.307
17	 7	 1	222.667	0.291
17	 7	 2	221.716	0.334
17	 7	 3	220.765	0.297
17	 7	 4	219.891	0.263
17	 7	 5	218.940	0.306
17	 7	 6	217.972	0.268
17	 7	 7	217.021	0.339
18	 0	 0	222.044	0.365
18	 0	 1	220.907	0.318
18	 0	 2	219.982	0.365
18	 0	 3	218.900	0.348
18	 0	 4	217.928	0.377
18	 0	 5	216.816	0.367
18	 0	 6	215.869	0.354
18	 0	 7	214.829	0.368
18	 1	 0	221.974	0.295
18	 1	 1	220.941	0.338
18	 1	 2	219.900	0.294
18	 1	 3	218.878	0.321
18	 1	 4	217.880	0.341
18	 1	 5	216.862	0.314
18	 1	 6	215.857	0.332
18	 1	 7	214.837	0.354
18	 2	 0	221.987	0.301
18	 2	 1	220.927	0.281
18	 2	 2	219.894	0.327
18	 2	 3	218.875	0.287
18	 2	 4	217.884	0.334
18	 2	 5	216.836	0.315
18	 2	 6	215.892	0.337
18	 2	 7	214.783	0.312
18	 3	 0	222.012	0.313
18	 3	 1	220.886	0.335
18	 3	 2	219.903	0.339
18	 3	 3	218.857	0.299
18	 3	 4	217.944	0.263
18	 3	 5	216.884	0.334
18	 3	 6	215.855	0.323
18	 3	 7	214.712	0.320
18	 4	 0	222.001	0.271
18	 4	 1	220.906	0.296
18	 4	 2	219.877	0.320
18	 4	 3	218.794	0.336
18	 4	 4	217.922	0.266
18	 4	 5	216.843	0.318
18	 4	 6	215.889	0.323
18	 4	 7	214.736	0.326
18	 5	 0	221.968	0.268
18	 5	 1	220.820	0.286
18	 5	 2	219.870	0.338
18	 5	 3	218.856	0.298
18	 5	 4	217.883	0.322
18	 5	 5	216.846	0.308
18	 5	 6	215.852	0.321
18	 5	 7	214.783	0.342
18	 6	 0	221.976	0.313
18	 6	 1	220.864	0.326
18	 6	 2	219.832	0.272
18	 6	 3	218.799	0.318
18	 6	 4	217.925	0.321
18	 6	 5	216.800	0.326
18	 6	 6	215.828	0.337
18	 6	 7	214.772	0.347
18	 7	 0	222.033	0.322
18	 7	 1	220.905	0.350
18	 7	 2	219.897	0.326
18	 7	 3	218.842	0.318
18	 7	 4	217.906	0.296
18	 7	 5	216.864	0.314
18	 7	 6	215.839	0.317
18	 7	 7	214.730	0.340
19	 0	 0	207.966	0.381
19	 0	 1	206.980	0.396
19	 0	 2	206.013	0.406
19	 0	 3	204.965	0.385
19	 0	 4	204.018	0.395
19	 0	 5	202.999	0.348
19	 0	 6	202.056	0.402
19	 0	 7	201.097	0.392
19	 1	 0	207.963	0.328
19	 1	 1	206.933	0.372
19	 1	 2	206.008	0.361
19	 1	 3	204.976	0.358
19	 1	 4	203.973	0.361
19	 1	 5	202.897	0.328
19	 1	 6	202.071	0.323
19	 1	 7	201.110	0.323
19	 2	 0	207.947	0.285
19	 2	 1	206.937	0.323
19	 2	 2	205.973	0.294
19	 2	 3	204.976	0.333
19	 2	 4	203.953	0.339
19	 2	 5	202.911	0.296
19	 2	 6	202.051	0.283
19	 2	 7	201.123	0.320
19	 3	 0	207.980	0.329
19	 3	 1	206.922	0.345
19	 3	 2	205.987	0.322
19	 3	 3	205.018	0.311
19	 3	 4	203.969	0.309
19	 3	 5	202.907	0.295
19	 3	 6	202.069	0.263
19	 3	 7	201.139	0.335
19	 4	 0	207.978	0.322
19	 4	 1	206.925	0.278
19	 4	 2	206.026	0.323
19	 4	 3	205.005	0.325
19	 4	 4	203.975	0.310
19	 4	 5	202.970	0.273
19	 4	 6	202.108	0.259
19	 4	 7	201.084	0.317
19	 5	 0	207.949	0.314
19	 5	 1	206.880	0.306
19	 5	 2	205.975	0.349
19	 5	 3	205.015	0.332
19	 5	 4	204.008	0.309
19	 5	 5	202.946	0.305
19	 5	 6	202.133	0.336
19	 5	 7	201.040	0.289
19	 6	 0	207.995	0.307
19	 6	 1	206.895	0.336
19	 6	 2	206.049	0.333
19	 6	 3	205.002	0.325
19	 6	 4	203.991	0.309
19	 6	 5	202.944	0.304
19	 6	 6	202.122	0.331
19	 6	 7	201.089	0.262
19	 7	 0	207.993	0.365
19	 7	 1	206.959	0.341
19	 7	 2	206.023	0.356
19	 7	 3	204.984	0.324
19	 7	 4	203.972	0.321
19	 7	 5	202.938	0.343
19	 7	 6	202.129	0.303
19	 7	 7	201.016	0.273
20	 0	 0	213.309	0.387
20	 0	 1	212.240	0.432
20	 0	 2	211.269	0.420
20	 0	 3	210.168	0.436
20	 0	 4	209.302	0.432
20	 0	 5	208.125	0.417
20	 0	 6	207.189	0.443
20	 0	 7	206.188	0.423
20	 1	 0	213.291	0.374
20	 1	 1	212.225	0.395
20	 1	 2	211.331	0.353
20	 1	 3	210.198	0.370
20	 1	 4	209.279	0.404
20	 1	 5	208.182	0.346
20	 1	 6	207.181	0.363
20	 1	 7	206.201	0.338
20	 2	 0	213.238	0.368
20	 2	 1	212.232	0.354
20	 2	 2	211.212	0.354
20	 2	 3	210.166	0.324
20	 2	 4	209.273	0.354
20	 2	 5	208.170	0.345
20	 2	 6	207.230	0.320
20	 2	 7	206.130	0.354
20	 3	 0	213.329	0.320
20	 3	 1	212.161	0.361
20	 3	 2	211.207	0.366
20	 3	 3	210.198	0.339
20	 3	 4	209.268	0.341
20	 3	 5	208.155	0.344
20	 3	 6	207.206	0.316
20	 3	 7	206.168	0.323
20	 4	 0	213.281	0.327
20	 4	 1	212.243	0.344
20	 4	 2	211.239	0.322
20	 4	 3	210.188	0.331
20	 4	 4	209.210	0.307
20	 4	 5	208.123	0.319
20	 4	 6	207.267	0.329
20	 4	 7	206.200	0.332
20	 5	 0	213.179	0.383
20	 5	 1	212.290	0.327
20	 5	 2	211.231	0.363
20	 5	 3	210.052	0.340
20	 5	 4	209.263	0.335
20	 5	 5	208.088	0.316
20	 5	 6	207.185	0.331
20	 5	 7	206.173	0.301
20	 6	 0	213.322	0.336
20	 6	 1	212.223	0.323
20	 6	 2	211.204	0.331
20	 6	 3	210.158	0.349
20	 6	 4	209.195	0.313
20	 6	 5	208.167	0.332
20	 6	 6	207.263	0.331
20	 6	 7	206.082	0.374
20	 7	 0	213.288	0.339
20	 7	 1	212.194	0.346
20	 7	 2	211.277	0.356
20	 7	 3	210.087	0.319
20	 7	 4	209.185	0.317
20	 7	 5	208.077	0.319
20	 7	 6	207.138	0.334
20	 7	 7	206.094	0.252
21	 0	 0	220.494	0.396
21	 0	 1	219.451	0.379
21	 0	 2	218.603	0.377
21	 0	 3	217.625	0.395
21	 0	 4	216.790	0.360
21	 0	 5	215.752	0.403
21	 0	 6	214.802	0.439
21	 0	 7	213.713	0.391
21	 1	 0	220.593	0.345
21	 1	 1	219.561	0.347
21	 1	 2	218.564	0.359
21	 1	 3	217.603	0.335
21	 1	 4	216.757	0.340
21	 1	 5	215.709	0.349
21	 1	 6	214.715	0.337
21	 1	 7	213.702	0.358
21	 2	 0	220.561	0.331
21	 2	 1	219.400	0.316
21	 2	 2	218.612	0.338
21	 2	 3	217.595	0.340
21	 2	 4	216.742	0.329
21	 2	 5	215.708	0.318
21	 2	 6	214.764	0.317
21	 2	 7	213.642	0.313
21	 3	 0	220.638	0.331
21	 3	 1	219.296	0.308
21	 3	 2	218.583	0.328
21	 3	 3	217.654	0.337
21	 3	 4	216.770	0.326
21	 3	 5	215.675	0.307
21	 3	 6	214.774	0.327
21	 3	 7	213.713	0.350
21	 4	 0	220.580	0.329
21	 4	 1	219.479	0.290
21	 4	 2	218.525	0.317
21	 4	 3	217.580	0.327
21	 4	 4	216.721	0.319
21	 4	 5	215.777	0.302
21	 4	 6	214.680	0.328
21	 4	 7	213.608	0.326
21	 5	 0	220.567	0.330
21	 5	 1	219.392	0.318
21	 5	 2	218.579	0.322
21	 5	 3	217.598	0.311
21	 5	 4	216.805	0.321
21	 5	 5	215.650	0.335
21	 5	 6	214.745	0.297
21	 5	 7	213.606	0.292
21	 6	 0	220.606	0.298
21	 6	 1	219.431	0.310
21	 6	 2	218.600	0.301
21	 6	 3	217.576	0.302
21	 6	 4	216.738	0.317
21	 6	 5	215.609	0.324
21	 6	 6	214.709	0.322
21	 6	 7	213.492	0.294
21	 7	 0	220.594	0.321
21	 7	 1	219.476	0.303
21	 7	 2	218.619	0.295
21	 7	 3	217.543	0.308
21	 7	 4	216.784	0.313
21	 7	 5	215.674	0.344
21	 7	 6	214.718	0.292
21	 7	 7	213.630	0.300
22	 0	 0	219.221	0.454
22	 0	 1	218.179	0.428
22	 0	 2	217.310	0.458
22	 0	 3	216.297	0.445
22	 0	 4	215.418	0.450
22	 0	 5	214.345	0.455
22	 0	 6	213.371	0.450
22	 0	 7	212.367	0.459
22	 1	 0	219.170	0.357
22	 1	 1	218.199	0.408
22	 1	 2	217.341	0.393
22	 1	 3	216.268	0.429
22	 1	 4	215.443	0.382
22	 1	 5	214.361	0.396
22	 1	 6	213.326	0.400
22	 1	 7	212.299	0.376
22	 2	 0	219.197	0.334
22	 2	 1	218.184	0.345
22	 2	 2	217.319	0.350
22	 2	 3	216.281	0.360
22	 2	 4	215.360	0.338
22	 2	 5	214.290	0.346
22	 2	 6	213.395	0.348
22	 2	 7	212.366	0.376
22	 3	 0	219.225	0.361
22	 3	 1	218.192	0.368
22	 3	 2	217.316	0.340
22	 3	 3	216.289	0.356
22	 3	 4	215.384	0.361
22	 3	 5	214.329	0.367
22	 3	 6	213.376	0.354
22	 3	 7	212.319	0.359
22	 4	 0	219.221	0.329
22	 4	 1	218.212	0.327
22	 4	 2	217.344	0.313
22	 4	 3	216.247	0.333
22	 4	 4	215.393	0.360
22	 4	 5	214.292	0.365
22	 4	 6	213.393	0.320
22	 4	 7	212.291	0.330
22	 5	 0	219.192	0.335
22	 5	 1	218.180	0.340
22	 5	 2	217.347	0.327
22	 5	 3	216.235	0.311
22	 5	 4	215.370	0.338
22	 5	 5	214.244	0.368
22	 5	 6	213.385	0.342
22	 5	 7	212.345	0.325
22	 6	 0	219.206	0.330
22	 6	 1	218.216	0.337
22	 6	 2	217.302	0.329
22	 6	 3	216.259	0.333
22	 6	 4	215.436	0.347
22	 6	 5	214.306	0.338
22	 6	 6	213.345	0.313
22	 6	 7	212.312	0.331
22	 7	 0	219.167	0.331
22	 7	 1	218.200	0.359
22	 7	 2	217.300	0.323
22	 7	 3	216.274	0.326
22	 7	 4	215.370	0.338
22	 7	 5	214.262	0.340
22	 7	 6	213.338	0.349
22	 7	 7	212.305	0.345
23	 0	 0	223.934	0.458
23	 0	 1	223.001	0.446
23	 0	 2	222.017	0.468
23	 0	 3	220.990	0.456
23	 0	 4	220.008	0.433
23	 0	 5	219.100	0.422
23	 0	 6	218.116	0.430
23	 0	 7	217.115	0.452
23	 1	 0	223.896	0.430
23	 1	 1	222.964	0.374
23	 1	 2	222.006	0.364
23	 1	 3	220.902	0.389
23	 1	 4	219.979	0.379
23	 1	 5	219.005	0.389
23	 1	 6	218.072	0.400
23	 1	 7	217.100	0.430
23	 2	 0	223.901	0.360
23	 2	 1	222.962	0.375
23	 2	 2	221.988	0.384
23	 2	 3	220.903	0.353
23	 2	 4	219.961	0.368
23	 2	 5	218.998	0.371
23	 2	 6	218.131	0.367
23	 2	 7	217.092	0.353
23	 3	 0	223.984	0.392
23	 3	 1	222.995	0.364
23	 3	 2	221.981	0.381
23	 3	 3	220.845	0.319
23	 3	 4	220.026	0.361
23	 3	 5	219.034	0.283
23	 3	 6	218.008	0.364
23	 3	 7	217.051	0.328
23	 4	 0	223.976	0.371
23	 4	 1	222.969	0.320
23	 4	 2	221.942	0.352
23	 4	 3	220.907	0.374
23	 4	 4	219.995	0.357
23	 4	 5	218.981	0.311
23	 4	 6	217.999	0.356
23	 4	 7	217.025	0.346
23	 5	 0	223.983	0.346
23	 5	 1	222.953	0.352
23	 5	 2	221.931	0.327
23	 5	 3	220.839	0.349
23	 5	 4	220.000	0.325
23	 5	 5	218.980	0.338
23	 5	 6	218.009	0.337
23	 5	 7	217.024	0.339
23	 6	 0	223.993	0.363
23	 6	 1	222.876	0.285
23	 6	 2	221.949	0.309
23	 6	 3	220.912	0.354
23	 6	 4	219.992	0.336
23	 6	 5	219.012	0.327
23	 6	 6	217.998	0.326
23	 6	 7	217.019	0.352
23	 7	 0	223.941	0.295
23	 7	 1	222.958	0.272
23	 7	 2	221.903	0.351
23	 7	 3	220.884	0.323
23	 7	 4	220.009	0.324
23	 7	 5	218.958	0.318
23	 7	 6	217.953	0.346
23	 7	 7	217.009	0.357
24	 0	 0	212.708	0.499
24	 0	 1	211.667	0.496
24	 0	 2	210.763	0.497
24	 0	 3	209.693	0.478
24	 0	 4	208.822	0.477
24	 0	 5	207.817	0.511
24	 0	 6	206.890	0.495
24	 0	 7	205.882	0.516
24	 1	 0	212.758	0.415
24	 1	 1	211.664	0.425
24	 1	 2	210.728	0.402
24	 1	 3	209.726	0.392
24	 1	 4	208.869	0.385
24	 1	 5	207.812	0.422
24	 1	 6	206.857	0.401
24	 1	 7	205.871	0.422
24	 2	 0	212.763	0.347
24	 2	 1	211.619	0.385
24	 2	 2	210.726	0.364
24	 2	 3	209.708	0.396
24	 2	 4	208.828	0.373
24	 2	 5	207.853	0.398
24	 2	 6	206.904	0.384
24	 2	 7	205.844	0.380
24	 3	 0	212.740	0.360
24	 3	 1	211.694	0.348
24	 3	 2	210.720	0.358
24	 3	 3	209.712	0.373
24	 3	 4	208.791	0.377
24	 3	 5	207.832	0.339
24	 3	 6	206.880	0.333
24	 3	 7	205.798	0.376
24	 4	 0	212.714	0.351
24	 4	 1	211.701	0.367
24	 4	 2	210.719	0.373
24	 4	 3	209.693	0.337
24	 4	 4	208.803	0.383
24	 4	 5	207.827	0.350
24	 4	 6	206.888	0.381
24	 4	 7	205.843	0.337
24	 5	 0	212.773	0.352
24	 5	 1	211.673	0.355
24	 5	 2	210.741	0.357
24	 5	 3	209.642	0.347
24	 5	 4	208.799	0.354
24	 5	 5	207.839	0.316
24	 5	 6	206.883	0.345
24	 5	 7	205.835	0.359
24	 6	 0	212.730	0.340
24	 6	 1	211.677	0.368
24	 6	 2	210.750	0.346
24	 6	 3	209.685	0.376
24	 6	 4	208.806	0.352
24	 6	 5	207.774	0.333
24	 6	 6	206.811	0.343
24	 6	 7	205.855	0.373
24	 7	 0	212.772	0.320
24	 7	 1	211.664	0.369
24	 7	 2	210.761	0.355
24	 7	 3	209.691	0.343
24	 7	 4	208.905	0.352
24	 7	 5	207.843	0.318
24	 7	 6	206.885	0.353
24	 7	 7	205.843	0.350
25	 0	 0	217.854	0.423
25	 0	 1	216.820	0.396
25	 0	 2	215.829	0.362
25	 0	 3	214.760	0.385
25	 0	 4	213.899	0.371
25	 0	 5	212.857	0.423
25	 0	 6	211.865	0.408
25	 0	 7	210.793	0.438
25	 1	 0	217.901	0.328
25	 1	 1	216.793	0.335
25	 1	 2	215.751	0.366
25	 1	 3	214.796	0.353
25	 1	 4	213.884	0.343
25	 1	 5	212.848	0.337
25	 1	 6	211.869	0.345
25	 1	 7	210.783	0.356
25	 2	 0	217.851	0.297
25	 2	 1	216.798	0.310
25	 2	 2	215.772	0.337
25	 2	 3	214.817	0.318
25	 2	 4	213.844	0.328
25	 2	 5	212.849	0.329
25	 2	 6	211.876	0.369
25	 2	 7	210.773	0.338
25	 3	 0	217.863	0.343
25	 3	 1	216.792	0.308
25	 3	 2	215.776	0.322
25	 3	 3	214.723	0.329
25	 3	 4	213.871	0.303
25	 3	 5	212.856	0.312
25	 3	 6	211.884	0.322
25	 3	 7	210.718	0.303
25	 4	 0	217.821	0.300
25	 4	 1	216.733	0.298
25	 4	 2	215.816	0.308
25	 4	 3	214.742	0.295
25	 4	 4	213.885	0.288
25	 4	 5	212.780	0.310
25	 4	 6	211.817	0.317
25	 4	 7	210.714	0.312
25	 5	 0	217.845	0.328
25	 5	 1	216.753	0.284
25	 5	 2	215.761	0.332
25	 5	 3	214.708	0.345
25	 5	 4	213.810	0.295
25	 5	 5	212.813	0.283
25	 5	 6	211.784	0.312
25	 5	 7	210.766	0.305
25	 6	 0	217.796	0.309
25	 6	 1	216.712	0.283
25	 6	 2	215.792	0.299
25	 6	 3	214.723	0.320
25	 6	 4	213.840	0.274
25	 6	 5	212.885	0.243
25	 6	 6	211.843	0.307
25	 6	 7	210.757	0.335
25	 7	 0	217.832	0.270
25	 7	 1	216.743	0.320
25	 7	 2	215.805	0.281
25	 7	 3	214.773	0.292
25	 7	 4	213.846	0.295
25	 7	 5	212.768	0.280
25	 7	 6	211.760	0.315
25	 7	 7	210.725	0.289
26	 0	 0	224.737	0.392
26	 0	 1	223.636	0.389
26	 0	 2	222.709	0.389
26	 0	 3	221.658	0.369
26	 0	 4	220.729	0.365
26	 0	 5	219.673	0.355
26	 0	 6	218.752	0.400
26	 0	 7	217.808	0.402
26	 1	 0	224.722	0.359
26	 1	 1	223.636	0.348
26	 1	 2	222.728	0.347
26	 1	 3	221.639	0.350
26	 1	 4	220.714	0.325
26	 1	 5	219.672	0.352
26	 1	 6	218.723	0.365
26	 1	 7	217.757	0.376
26	 2	 0	224.735	0.330
26	 2	 1	223.647	0.347
26	 2	 2	222.683	0.332
26	 2	 3	221.593	0.329
26	 2	 4	220.705	0.303
26	 2	 5	219.662	0.309
26	 2	 6	218.726	0.322
26	 2	 7	217.680	0.328
26	 3	 0	224.711	0.315
26	 3	 1	223.616	0.333
26	 3	 2	222.671	0.320
26	 3	 3	221.584	0.332
26	 3	 4	220.757	0.308
26	 3	 5	219.680	0.314
26	 3	 6	218.708	0.322
26	 3	 7	217.713	0.324
26	 4	 0	224.689	0.339
26	 4	 1	223.561	0.325
26	 4	 2	222.649	0.343
26	 4	 3	221.570	0.334
26	 4	 4	220.661	0.322
26	 4	 5	219.684	0.326
26	 4	 6	218.796	0.300
26	 4	 7	217.718	0.308
26	 5	 0	224.680	0.317
26	 5	 1	223.634	0.326
26	 5	 2	222.743	0.303
26	 5	 3	221.615	0.294
26	 5	 4	220.693	0.307
26	 5	 5	219.636	0.316
26	 5	 6	218.704	0.325
26	 5	 7	217.711	0.301
26	 6	 0	224.660	0.321
26	 6	 1	223.615	0.308
26	 6	 2	222.692	0.315
26	 6	 3	221.621	0.311
26	 6	 4	220.687	0.331
26	 6	 5	219.657	0.320
26	 6	 6	218.726	0.312
26	 6	 7	217.666	0.307
26	 7	 0	224.689	0.332
26	 7	 1	223.662	0.332
26	 7	 2	222.663	0.313
26	 7	 3	221.578	0.330
26	 7	 4	220.651	0.314
26	 7	 5	219.649	0.288
26	 7	 6	218.752	0.362
26	 7	 7	217.756	0.285
27	 0	 0	217.820	0.411
27	 0	 1	216.904	0.391
27	 0	 2	215.991	0.428
27	 0	 3	214.957	0.435
27	 0	 4	214.035	0.382
27	 0	 5	213.090	0.374
27	 0	 6	212.063	0.408
27	 0	 7	211.086	0.417
27	 1	 0	217.846	0.328
27	 1	 1	216.911	0.333
27	 1	 2	215.976	0.367
27	 1	 3	214.897	0.383
27	 1	 4	213.983	0.334
27	 1	 5	213.009	0.327
27	 1	 6	212.156	0.336
27	 1	 7	211.026	0.324
27	 2	 0	217.836	0.353
27	 2	 1	216.801	0.333
27	 2	 2	215.969	0.283
27	 2	 3	214.902	0.378
27	 2	 4	214.027	0.372
27	 2	 5	212.986	0.338
27	 2	 6	212.094	0.340
27	 2	 7	211.054	0.309
27	 3	 0	217.848	0.320
27	 3	 1	216.799	0.301
27	 3	 2	215.911	0.364
27	 3	 3	214.966	0.307
27	 3	 4	214.031	0.330
27	 3	 5	212.977	0.301
27	 3	 6	212.069	0.340
27	 3	 7	211.027	0.342
27	 4	 0	217.860	0.356
27	 4	 1	216.807	0.322
27	 4	 2	215.962	0.335
27	 4	 3	214.885	0.335
27	 4	 4	213.992	0.338
27	 4	 5	212.897	0.312
27	 4	 6	212.105	0.337
27	 4	 7	210.971	0.340
27	 5	 0	217.875	0.319
27	 5	 1	216.809	0.281
27	 5	 2	215.963	0.335
27	 5	 3	214.943	0.367
27	 5	 4	214.088	0.343
27	 5	 5	212.990	0.365
27	 5	 6	212.079	0.359
27	 5	 7	210.994	0.337
27	 6	 0	217.864	0.302
27	 6	 1	216.846	0.337
27	 6	 2	215.921	0.319
27	 6	 3	214.876	0.321
27	 6	 4	214.039	0.318
27	 6	 5	212.954	0.316
27	 6	 6	212.062	0.306
27	 6	 7	211.021	0.338
27	 7	 0	217.855	0.322
27	 7	 1	216.806	0.328
27	 7	 2	215.908	0.332
27	 7	 3	214.918	0.297
27	 7	 4	214.109	0.324
27	 7	 5	212.996	0.309
27	 7	 6	212.104	0.312
27	 7	 7	211.006	0.327
28	 0	 0	225.189	0.387
28	 0	 1	224.085	0.388
28	 0	 2	223.116	0.372
28	 0	 3	222.032	0.393
28	 0	 4	221.223	0.385
28	 0	 5	220.168	0.363
28	 0	 6	219.203	0.388
28	 0	 7	218.183	0.339
28	 1	 0	225.171	0.344
28	 1	 1	224.085	0.321
28	 1	 2	223.090	0.330
28	 1	 3	222.009	0.324
28	 1	 4	221.204	0.300
28	 1	 5	220.120	0.332
28	 1	 6	219.187	0.296
28	 1	 7	218.158	0.317
28	 2	 0	225.122	0.358
28	 2	 1	224.069	0.314
28	 2	 2	223.121	0.320
28	 2	 3	222.027	0.269
28	 2	 4	221.235	0.329
28	 2	 5	220.123	0.305
28	 2	 6	219.132	0.239
28	 2	 7	218.114	0.287
28	 3	 0	225.161	0.317
28	 3	 1	224.096	0.314
28	 3	 2	223.079	0.265
28	 3	 3	222.047	0.327
28	 3	 4	221.189	0.295
28	 3	 5	220.136	0.282
28	 3	 6	219.158	0.232
28	 3	 7	218.129	0.317
28	 4	 0	225.128	0.318
28	 4	 1	224.065	0.304
28	 4	 2	223.072	0.275
28	 4	 3	222.048	0.340
28	 4	 4	221.194	0.313
28	 4	 5	220.105	0.292
28	 4	 6	219.178	0.310
28	 4	 7	218.108	0.249
28	 5	 0	225.187	0.316
28	 5	 1	224.045	0.308
28	 5	 2	223.048	0.272
28	 5	 3	222.008	0.326
28	 5	 4	221.154	0.308
28	 5	 5	220.109	0.345
28	 5	 6	219.157	0.294
28	 5	 7	218.077	0.303
28	 6	 0	225.087	0.318
28	 6	 1	224.018	0.304
28	 6	 2	223.032	0.308
28	 6	 3	222.034	0.329
28	 6	 4	221.146	0.311
28	 6	 5	220.138	0.300
28	 6	 6	219.152	0.329
28	 6	 7	218.112	0.288
28	 7	 0	225.117	0.333
28	 7	 1	224.025	0.301
28	 7	 2	223.057	0.270
28	 7	 3	221.992	0.310
28	 7	 4	221.170	0.313
28	 7	 5	220.070	0.273
28	 7	 6	219.137	0.283
28	 7	 7	218.087	0.343
29	 0	 0	224.314	0.316
29	 0	 1	223.366	0.342
29	 0	 2	222.303	0.336
29	 0	 3	221.315	0.356
29	 0	 4	220.318	0.360
29	 0	 5	219.330	0.410
29	 0	 6	218.371	0.337
29	 0	 7	217.426	0.365
29	 1	 0	224.266	0.342
29	 1	 1	223.250	0.350
29	 1	 2	222.377	0.336
29	 1	 3	221.251	0.291
29	 1	 4	220.324	0.315
29	 1	 5	219.277	0.321
29	 1	 6	218.333	0.321
29	 1	 7	217.425	0.329
29	 2	 0	224.413	0.312
29	 2	 1	223.231	0.307
29	 2	 2	222.242	0.295
29	 2	 3	221.202	0.301
29	 2	 4	220.407	0.297
29	 2	 5	219.294	0.313
29	 2	 6	218.310	0.310
29	 2	 7	217.434	0.321
29	 3	 0	224.268	0.284
29	 3	 1	223.298	0.286
29	 3	 2	222.223	0.310
29	 3	 3	221.204	0.309
29	 3	 4	220.310	0.314
29	 3	 5	219.355	0.301
29	 3	 6	218.329	0.288
29	 3	 7	217.259	0.295
29	 4	 0	224.240	0.321
29	 4	 1	223.273	0.282
29	 4	 2	222.233	0.289
29	 4	 3	221.181	0.318
29	 4	 4	220.292	0.282
29	 4	 5	219.261	0.287
29	 4	 6	218.500	0.299
29	 4	 7	217.289	0.295
29	 5	 0	224.266	0.305
29	 5	 1	223.218	0.303
29	 5	 2	222.224	0.293
29	 5	 3	221.312	0.296
29	 5	 4	220.278	0.355
29	 5	 5	219.261	0.287
29	 5	 6	218.364	0.282
29	 5	 7	217.412	0.300
29	 6	 0	224.255	0.309
29	 6	 1	223.299	0.311
29	 6	 2	222.270	0.284
29	 6	 3	221.198	0.280
29	 6	 4	220.282	0.304
29	 6	 5	219.268	0.304
29	 6	 6	218.329	0.301
29	 6	 7	217.300	0.314
29	 7	 0	224.284	0.303
29	 7	 1	223.200	0.278
29	 7	 2	222.388	0.330
29	 7	 3	221.253	0.290
29	 7	 4	220.293	0.304
29	 7	 5	219.265	0.351
29	 7	 6	218.319	0.293
29	 7	 7	217.262	0.287
30	 0	 0	223.987	0.327
30	 0	 1	222.947	0.360
30	 0	 2	221.998	0.357
30	 0	 3	220.931	0.357
30	 0	 4	219.986	0.345
30	 0	 5	218.981	0.311
30	 0	 6	218.014	0.313
30	 0	 7	217.007	0.356
30	 1	 0	223.965	0.328
30	 1	 1	222.944	0.325
30	 1	 2	221.971	0.268
30	 1	 3	220.889	0.295
30	 1	 4	219.970	0.310
30	 1	 5	218.979	0.328
30	 1	 6	217.995	0.325
30	 1	 7	217.017	0.276
30	 2	 0	223.965	0.328
30	 2	 1	222.926	0.300
30	 2	 2	222.001	0.271
30	 2	 3	220.877	0.242
30	 2	 4	219.931	0.273
30	 2	 5	218.934	0.277
30	 2	 6	218.063	0.306
30	 2	 7	216.996	0.325
30	 3	 0	223.950	0.307
30	 3	 1	222.936	0.302
30	 3	 2	221.989	0.301
30	 3	 3	220.871	0.303
30	 3	 4	219.963	0.280
30	 3	 5	218.935	0.285
30	 3	 6	217.970	0.268
30	 3	 7	216.991	0.307
30	 4	 0	223.937	0.275
30	 4	 1	222.926	0.300
30	 4	 2	221.998	0.271
30	 4	 3	220.910	0.250
30	 4	 4	219.924	0.301
30	 4	 5	218.931	0.255
30	 4	 6	217.985	0.313
30	 4	 7	216.986	0.276
30	 5	 0	223.922	0.271
30	 5	 1	222.883	0.253
30	 5	 2	221.967	0.267
30	 5	 3	220.923	0.253
30	 5	 4	219.958	0.280
30	 5	 5	218.856	0.298
30	 5	 6	218.039	0.266
30	 5	 7	216.998	0.306
30	 6	 0	223.986	0.310
30	 6	 1	222.933	0.302
30	 6	 2	221.949	0.264
30	 6	 3	220.896	0.293
30	 6	 4	219.940	0.276
30	 6	 5	218.913	0.299
30	 6	 6	218.028	0.323
30	 6	 7	216.993	0.304
30	 7	 0	223.961	0.280
30	 7	 1	222.929	0.265
30	 7	 2	221.927	0.258
30	 7	 3	220.894	0.246
30	 7	 4	219.977	0.283
30	 7	 5	218.932	0.256
30	 7	 6	218.045	0.265
30	 7	 7	216.974	0.275
31	 0	 0	217.159	0.342
31	 0	 1	216.145	0.323
31	 0	 2	215.171	0.356
31	 0	 3	214.115	0.309
31	 0	 4	213.280	0.332
31	 0	 5	212.248	0.351
31	 0	 6	211.276	0.345
31	 0	 7	210.249	0.350
31	 1	 0	217.185	0.297
31	 1	 1	216.150	0.309
31	 1	 2	215.182	0.286
31	 1	 3	214.140	0.342
31	 1	 4	213.257	0.296
31	 1	 5	212.242	0.308
31	 1	 6	211.240	0.327
31	 1	 7	210.201	0.325
31	 2	 0	217.161	0.273
31	 2	 1	216.095	0.314
31	 2	 2	215.131	0.317
31	 2	 3	214.170	0.313
31	 2	 4	213.244	0.285
31	 2	 5	212.225	0.282
31	 2	 6	211.261	0.312
31	 2	 7	210.212	0.298
31	 3	 0	217.150	0.276
31	 3	 1	216.114	0.263
31	 3	 2	215.141	0.300
31	 3	 3	214.099	0.313
31	 3	 4	213.243	0.285
31	 3	 5	212.266	0.310
31	 3	 6	211.282	0.303
31	 3	 7	210.156	0.241
31	 4	 0	217.137	0.247
31	 4	 1	216.107	0.291
31	 4	 2	215.179	0.287
31	 4	 3	214.110	0.289
31	 4	 4	213.268	0.284
31	 4	 5	212.168	0.231
31	 4	 6	211.268	0.309
31	 4	 7	210.200	0.319
31	 5	 0	217.149	0.276
31	 5	 1	216.141	0.280
31	 5	 2	215.118	0.248
31	 5	 3	214.120	0.306
31	 5	 4	213.311	0.274
31	 5	 5	212.228	0.281
31	 5	 6	211.310	0.281
31	 5	 7	210.184	0.298
31	 6	 0	217.189	0.295
31	 6	 1	216.125	0.318
31	 6	 2	215.131	0.282
31	 6	 3	214.089	0.263
31	 6	 4	213.267	0.285
31	 6	 5	212.244	0.314
31	 6	 6	211.277	0.288
31	 6	 7	210.197	0.312
31	 7	 0	217.192	0.314
31	 7	 1	216.134	0.301
31	 7	 2	215.171	0.290
31	 7	 3	214.089	0.296
31	 7	 4	213.271	0.303
31	 7	 5	212.222	0.329
31	 7	 6	211.278	0.288
31	 7	 7	210.185	0.265
