ch	pt	fine_thr	a_fit	b_fit
 0	 0	 0	232.001	0.411
 0	 0	 1	230.904	0.459
 0	 0	 2	229.941	0.445
 0	 0	 3	228.850	0.417
 0	 0	 4	228.013	0.424
 0	 0	 5	226.901	0.426
 0	 0	 6	225.898	0.447
 0	 0	 7	224.771	0.487
 0	 1	 0	231.935	0.366
 0	 1	 1	230.886	0.374
 0	 1	 2	229.924	0.369
 0	 1	 3	228.854	0.347
 0	 1	 4	227.942	0.337
 0	 1	 5	226.861	0.377
 0	 1	 6	225.845	0.402
 0	 1	 7	224.784	0.366
 0	 2	 0	231.928	0.341
 0	 2	 1	230.852	0.348
 0	 2	 2	229.856	0.325
 0	 2	 3	228.808	0.372
 0	 2	 4	227.886	0.343
 0	 2	 5	226.789	0.350
 0	 2	 6	225.865	0.353
 0	 2	 7	224.758	0.349
 0	 3	 0	231.908	0.339
 0	 3	 1	230.811	0.359
 0	 3	 2	229.898	0.260
 0	 3	 3	228.803	0.339
 0	 3	 4	227.884	0.333
 0	 3	 5	226.835	0.365
 0	 3	 6	225.858	0.337
 0	 3	 7	224.798	0.363
 0	 4	 0	231.913	0.357
 0	 4	 1	230.866	0.339
 0	 4	 2	229.879	0.361
 0	 4	 3	228.817	0.357
 0	 4	 4	227.892	0.346
 0	 4	 5	226.886	0.361
 0	 4	 6	225.869	0.365
 0	 4	 7	224.860	0.382
 0	 5	 0	231.948	0.446
 0	 5	 1	230.925	0.373
 0	 5	 2	229.896	0.384
 0	 5	 3	228.893	0.381
 0	 5	 4	227.952	0.448
 0	 5	 5	226.881	0.421
 0	 5	 6	225.930	0.395
 0	 5	 7	224.900	0.449
 0	 6	 0	231.927	0.410
 0	 6	 1	230.895	0.355
 0	 6	 2	229.906	0.378
 0	 6	 3	228.881	0.386
 0	 6	 4	227.911	0.382
 0	 6	 5	226.876	0.369
 0	 6	 6	225.910	0.394
 0	 6	 7	224.829	0.373
 0	 7	 0	231.852	0.322
 0	 7	 1	230.825	0.332
 0	 7	 2	229.834	0.296
 0	 7	 3	228.787	0.323
 0	 7	 4	227.873	0.332
 0	 7	 5	226.801	0.321
 0	 7	 6	225.853	0.333
 0	 7	 7	224.702	0.324
 1	 0	 0	221.134	0.377
 1	 0	 1	219.985	0.397
 1	 0	 2	219.127	0.377
 1	 0	 3	218.033	0.367
 1	 0	 4	217.259	0.346
 1	 0	 5	216.094	0.406
 1	 0	 6	215.128	0.409
 1	 0	 7	214.034	0.388
 1	 1	 0	221.073	0.338
 1	 1	 1	219.992	0.322
 1	 1	 2	219.069	0.309
 1	 1	 3	218.017	0.299
 1	 1	 4	217.222	0.283
 1	 1	 5	216.044	0.346
 1	 1	 6	215.161	0.306
 1	 1	 7	214.008	0.279
 1	 2	 0	221.147	0.311
 1	 2	 1	219.998	0.336
 1	 2	 2	219.050	0.308
 1	 2	 3	218.006	0.312
 1	 2	 4	217.216	0.273
 1	 2	 5	216.108	0.312
 1	 2	 6	215.112	0.310
 1	 2	 7	214.012	0.279
 1	 3	 0	221.113	0.290
 1	 3	 1	219.989	0.284
 1	 3	 2	219.054	0.279
 1	 3	 3	217.981	0.270
 1	 3	 4	217.208	0.275
 1	 3	 5	216.120	0.289
 1	 3	 6	215.094	0.255
 1	 3	 7	214.008	0.279
 1	 4	 0	221.082	0.300
 1	 4	 1	220.027	0.300
 1	 4	 2	219.045	0.281
 1	 4	 3	218.040	0.266
 1	 4	 4	217.225	0.282
 1	 4	 5	216.100	0.264
 1	 4	 6	215.108	0.251
 1	 4	 7	214.024	0.278
 1	 5	 0	221.090	0.298
 1	 5	 1	219.967	0.281
 1	 5	 2	219.105	0.293
 1	 5	 3	217.996	0.271
 1	 5	 4	217.195	0.280
 1	 5	 5	216.158	0.293
 1	 5	 6	215.103	0.252
 1	 5	 7	214.015	0.279
 1	 6	 0	221.070	0.283
 1	 6	 1	220.010	0.306
 1	 6	 2	219.080	0.273
 1	 6	 3	218.022	0.269
 1	 6	 4	217.221	0.284
 1	 6	 5	216.140	0.281
 1	 6	 6	215.135	0.315
 1	 6	 7	213.985	0.279
 1	 7	 0	221.102	0.294
 1	 7	 1	220.026	0.310
 1	 7	 2	219.060	0.278
 1	 7	 3	218.045	0.265
 1	 7	 4	217.218	0.254
 1	 7	 5	216.107	0.262
 1	 7	 6	215.116	0.309
 1	 7	 7	213.991	0.279
 2	 0	 0	217.071	0.423
 2	 0	 1	215.875	0.413
 2	 0	 2	214.970	0.440
 2	 0	 3	213.809	0.395
 2	 0	 4	212.924	0.412
 2	 0	 5	211.813	0.400
 2	 0	 6	210.900	0.407
 2	 0	 7	209.692	0.408
 2	 1	 0	217.064	0.328
 2	 1	 1	215.882	0.350
 2	 1	 2	214.960	0.378
 2	 1	 3	213.797	0.343
 2	 1	 4	212.927	0.302
 2	 1	 5	211.768	0.319
 2	 1	 6	210.880	0.351
 2	 1	 7	209.714	0.344
 2	 2	 0	216.959	0.353
 2	 2	 1	215.895	0.337
 2	 2	 2	214.998	0.273
 2	 2	 3	213.793	0.308
 2	 2	 4	212.961	0.309
 2	 2	 5	211.798	0.348
 2	 2	 6	210.865	0.280
 2	 2	 7	209.782	0.285
 2	 3	 0	217.028	0.296
 2	 3	 1	215.884	0.308
 2	 3	 2	214.947	0.313
 2	 3	 3	213.839	0.246
 2	 3	 4	212.963	0.281
 2	 3	 5	211.823	0.335
 2	 3	 6	210.799	0.332
 2	 3	 7	209.711	0.319
 2	 4	 0	217.010	0.276
 2	 4	 1	215.904	0.333
 2	 4	 2	214.953	0.268
 2	 4	 3	213.805	0.280
 2	 4	 4	212.925	0.273
 2	 4	 5	211.832	0.270
 2	 4	 6	210.853	0.277
 2	 4	 7	209.710	0.305
 2	 5	 0	216.997	0.277
 2	 5	 1	215.870	0.303
 2	 5	 2	214.991	0.303
 2	 5	 3	213.814	0.266
 2	 5	 4	212.967	0.309
 2	 5	 5	211.814	0.297
 2	 5	 6	210.862	0.301
 2	 5	 7	209.700	0.296
 2	 6	 0	217.042	0.289
 2	 6	 1	215.899	0.297
 2	 6	 2	214.963	0.270
 2	 6	 3	213.811	0.265
 2	 6	 4	212.957	0.327
 2	 6	 5	211.855	0.239
 2	 6	 6	210.886	0.287
 2	 6	 7	209.762	0.265
 2	 7	 0	217.035	0.273
 2	 7	 1	215.924	0.301
 2	 7	 2	214.990	0.273
 2	 7	 3	213.864	0.281
 2	 7	 4	213.011	0.310
 2	 7	 5	211.834	0.291
 2	 7	 6	210.873	0.246
 2	 7	 7	209.749	0.283
 3	 0	 0	220.510	0.423
 3	 0	 1	219.517	0.375
 3	 0	 2	218.655	0.393
 3	 0	 3	217.569	0.409
 3	 0	 4	216.738	0.411
 3	 0	 5	215.677	0.382
 3	 0	 6	214.756	0.433
 3	 0	 7	213.653	0.390
 3	 1	 0	220.532	0.344
 3	 1	 1	219.482	0.331
 3	 1	 2	218.591	0.335
 3	 1	 3	217.551	0.352
 3	 1	 4	216.723	0.348
 3	 1	 5	215.626	0.353
 3	 1	 6	214.741	0.365
 3	 1	 7	213.612	0.333
 3	 2	 0	220.511	0.316
 3	 2	 1	219.477	0.323
 3	 2	 2	218.584	0.300
 3	 2	 3	217.573	0.327
 3	 2	 4	216.748	0.336
 3	 2	 5	215.619	0.351
 3	 2	 6	214.743	0.343
 3	 2	 7	213.604	0.305
 3	 3	 0	220.573	0.300
 3	 3	 1	219.497	0.286
 3	 3	 2	218.586	0.299
 3	 3	 3	217.587	0.294
 3	 3	 4	216.692	0.311
 3	 3	 5	215.656	0.309
 3	 3	 6	214.756	0.275
 3	 3	 7	213.639	0.298
 3	 4	 0	220.560	0.298
 3	 4	 1	219.491	0.297
 3	 4	 2	218.543	0.279
 3	 4	 3	217.563	0.277
 3	 4	 4	216.721	0.272
 3	 4	 5	215.663	0.302
 3	 4	 6	214.707	0.304
 3	 4	 7	213.612	0.304
 3	 5	 0	220.552	0.291
 3	 5	 1	219.552	0.287
 3	 5	 2	218.608	0.266
 3	 5	 3	217.535	0.271
 3	 5	 4	216.787	0.297
 3	 5	 5	215.657	0.291
 3	 5	 6	214.728	0.302
 3	 5	 7	213.657	0.267
 3	 6	 0	220.625	0.277
 3	 6	 1	219.522	0.280
 3	 6	 2	218.595	0.263
 3	 6	 3	217.542	0.279
 3	 6	 4	216.777	0.283
 3	 6	 5	215.661	0.274
 3	 6	 6	214.779	0.224
 3	 6	 7	213.648	0.252
 3	 7	 0	220.602	0.278
 3	 7	 1	219.538	0.262
 3	 7	 2	218.559	0.288
 3	 7	 3	217.522	0.284
 3	 7	 4	216.764	0.297
 3	 7	 5	215.684	0.289
 3	 7	 6	214.732	0.292
 3	 7	 7	213.637	0.278
 4	 0	 0	225.286	0.455
 4	 0	 1	224.255	0.462
 4	 0	 2	223.260	0.432
 4	 0	 3	222.215	0.432
 4	 0	 4	221.193	0.450
 4	 0	 5	220.174	0.434
 4	 0	 6	219.221	0.459
 4	 0	 7	218.195	0.386
 4	 1	 0	225.322	0.390
 4	 1	 1	224.223	0.396
 4	 1	 2	223.264	0.388
 4	 1	 3	222.174	0.376
 4	 1	 4	221.218	0.357
 4	 1	 5	220.122	0.392
 4	 1	 6	219.206	0.379
 4	 1	 7	218.185	0.376
 4	 2	 0	225.348	0.350
 4	 2	 1	224.236	0.317
 4	 2	 2	223.266	0.334
 4	 2	 3	222.199	0.344
 4	 2	 4	221.230	0.307
 4	 2	 5	220.134	0.367
 4	 2	 6	219.201	0.349
 4	 2	 7	218.172	0.321
 4	 3	 0	225.307	0.323
 4	 3	 1	224.207	0.323
 4	 3	 2	223.253	0.331
 4	 3	 3	222.165	0.324
 4	 3	 4	221.217	0.312
 4	 3	 5	220.075	0.371
 4	 3	 6	219.228	0.326
 4	 3	 7	218.158	0.349
 4	 4	 0	225.296	0.307
 4	 4	 1	224.249	0.318
 4	 4	 2	223.227	0.300
 4	 4	 3	222.167	0.352
 4	 4	 4	221.173	0.312
 4	 4	 5	220.144	0.323
 4	 4	 6	219.192	0.322
 4	 4	 7	218.123	0.284
 4	 5	 0	225.299	0.311
 4	 5	 1	224.228	0.307
 4	 5	 2	223.250	0.306
 4	 5	 3	222.151	0.320
 4	 5	 4	221.188	0.283
 4	 5	 5	220.060	0.305
 4	 5	 6	219.207	0.299
 4	 5	 7	218.167	0.304
 4	 6	 0	225.382	0.304
 4	 6	 1	224.257	0.296
 4	 6	 2	223.234	0.305
 4	 6	 3	222.136	0.280
 4	 6	 4	221.183	0.317
 4	 6	 5	220.077	0.272
 4	 6	 6	219.199	0.292
 4	 6	 7	218.165	0.304
 4	 7	 0	225.320	0.321
 4	 7	 1	224.270	0.283
 4	 7	 2	223.261	0.313
 4	 7	 3	222.127	0.283
 4	 7	 4	221.191	0.295
 4	 7	 5	220.091	0.296
 4	 7	 6	219.181	0.285
 4	 7	 7	218.148	0.297
 5	 0	 0	218.009	0.518
 5	 0	 1	216.893	0.514
 5	 0	 2	215.891	0.533
 5	 0	 3	214.765	0.517
 5	 0	 4	213.931	0.517
 5	 0	 5	212.951	0.561
 5	 0	 6	211.915	0.521
 5	 0	 7	210.739	0.492
 5	 1	 0	217.961	0.471
 5	 1	 1	216.826	0.429
 5	 1	 2	215.922	0.486
 5	 1	 3	214.782	0.468
 5	 1	 4	213.933	0.468
 5	 1	 5	212.835	0.431
 5	 1	 6	211.921	0.492
 5	 1	 7	210.748	0.405
 5	 2	 0	217.967	0.422
 5	 2	 1	216.839	0.409
 5	 2	 2	215.911	0.398
 5	 2	 3	214.724	0.388
 5	 2	 4	213.919	0.396
 5	 2	 5	212.865	0.417
 5	 2	 6	211.863	0.403
 5	 2	 7	210.780	0.364
 5	 3	 0	217.943	0.371
 5	 3	 1	216.857	0.350
 5	 3	 2	215.893	0.365
 5	 3	 3	214.771	0.364
 5	 3	 4	213.979	0.376
 5	 3	 5	212.878	0.359
 5	 3	 6	211.897	0.354
 5	 3	 7	210.746	0.356
 5	 4	 0	217.920	0.344
 5	 4	 1	216.876	0.348
 5	 4	 2	215.884	0.351
 5	 4	 3	214.809	0.348
 5	 4	 4	213.882	0.333
 5	 4	 5	212.853	0.331
 5	 4	 6	211.885	0.344
 5	 4	 7	210.786	0.348
 5	 5	 0	217.952	0.318
 5	 5	 1	216.863	0.314
 5	 5	 2	215.931	0.354
 5	 5	 3	214.723	0.356
 5	 5	 4	213.896	0.311
 5	 5	 5	212.877	0.241
 5	 5	 6	211.856	0.333
 5	 5	 7	210.796	0.336
 5	 6	 0	217.945	0.309
 5	 6	 1	216.850	0.320
 5	 6	 2	215.936	0.323
 5	 6	 3	214.727	0.317
 5	 6	 4	213.919	0.322
 5	 6	 5	212.856	0.340
 5	 6	 6	211.921	0.323
 5	 6	 7	210.760	0.316
 5	 7	 0	217.919	0.333
 5	 7	 1	216.939	0.343
 5	 7	 2	215.904	0.295
 5	 7	 3	214.759	0.309
 5	 7	 4	213.900	0.293
 5	 7	 5	212.872	0.305
 5	 7	 6	211.908	0.316
 5	 7	 7	210.800	0.359
 6	 0	 0	220.187	0.608
 6	 0	 1	219.118	0.543
 6	 0	 2	218.254	0.546
 6	 0	 3	217.188	0.516
 6	 0	 4	216.261	0.570
 6	 0	 5	215.161	0.552
 6	 0	 6	214.220	0.612
 6	 0	 7	213.193	0.520
 6	 1	 0	220.195	0.485
 6	 1	 1	219.092	0.518
 6	 1	 2	218.202	0.423
 6	 1	 3	217.136	0.483
 6	 1	 4	216.280	0.487
 6	 1	 5	215.160	0.484
 6	 1	 6	214.254	0.461
 6	 1	 7	213.155	0.467
 6	 2	 0	220.228	0.433
 6	 2	 1	219.112	0.443
 6	 2	 2	218.218	0.396
 6	 2	 3	217.174	0.452
 6	 2	 4	216.230	0.423
 6	 2	 5	215.158	0.454
 6	 2	 6	214.197	0.421
 6	 2	 7	213.104	0.452
 6	 3	 0	220.159	0.383
 6	 3	 1	219.098	0.383
 6	 3	 2	218.217	0.370
 6	 3	 3	217.144	0.346
 6	 3	 4	216.242	0.354
 6	 3	 5	215.103	0.417
 6	 3	 6	214.175	0.366
 6	 3	 7	213.111	0.362
 6	 4	 0	220.181	0.333
 6	 4	 1	219.122	0.377
 6	 4	 2	218.181	0.318
 6	 4	 3	217.122	0.364
 6	 4	 4	216.210	0.345
 6	 4	 5	215.179	0.347
 6	 4	 6	214.200	0.332
 6	 4	 7	213.103	0.355
 6	 5	 0	220.169	0.345
 6	 5	 1	219.121	0.341
 6	 5	 2	218.187	0.284
 6	 5	 3	217.161	0.291
 6	 5	 4	216.244	0.314
 6	 5	 5	215.120	0.332
 6	 5	 6	214.219	0.336
 6	 5	 7	213.093	0.332
 6	 6	 0	220.217	0.304
 6	 6	 1	219.147	0.297
 6	 6	 2	218.175	0.288
 6	 6	 3	217.123	0.305
 6	 6	 4	216.222	0.329
 6	 6	 5	215.148	0.311
 6	 6	 6	214.173	0.337
 6	 6	 7	213.138	0.325
 6	 7	 0	220.177	0.328
 6	 7	 1	219.139	0.300
 6	 7	 2	218.189	0.296
 6	 7	 3	217.167	0.238
 6	 7	 4	216.254	0.303
 6	 7	 5	215.152	0.275
 6	 7	 6	214.193	0.294
 6	 7	 7	213.083	0.332
 7	 0	 0	218.031	0.656
 7	 0	 1	216.945	0.630
 7	 0	 2	216.102	0.733
 7	 0	 3	214.997	0.696
 7	 0	 4	214.135	0.667
 7	 0	 5	212.986	0.667
 7	 0	 6	212.201	0.681
 7	 0	 7	211.055	0.686
 7	 1	 0	218.009	0.569
 7	 1	 1	216.955	0.590
 7	 1	 2	216.075	0.635
 7	 1	 3	215.006	0.589
 7	 1	 4	214.066	0.569
 7	 1	 5	212.991	0.566
 7	 1	 6	212.142	0.592
 7	 1	 7	211.076	0.595
 7	 2	 0	218.021	0.524
 7	 2	 1	216.985	0.531
 7	 2	 2	216.050	0.501
 7	 2	 3	215.000	0.517
 7	 2	 4	214.095	0.500
 7	 2	 5	213.022	0.544
 7	 2	 6	212.143	0.501
 7	 2	 7	211.079	0.534
 7	 3	 0	218.006	0.482
 7	 3	 1	216.944	0.481
 7	 3	 2	216.032	0.489
 7	 3	 3	214.996	0.489
 7	 3	 4	214.059	0.491
 7	 3	 5	212.993	0.468
 7	 3	 6	212.196	0.447
 7	 3	 7	211.034	0.502
 7	 4	 0	217.976	0.407
 7	 4	 1	216.933	0.406
 7	 4	 2	216.056	0.441
 7	 4	 3	214.967	0.446
 7	 4	 4	214.125	0.451
 7	 4	 5	213.034	0.448
 7	 4	 6	212.137	0.421
 7	 4	 7	211.023	0.432
 7	 5	 0	218.079	0.375
 7	 5	 1	216.949	0.372
 7	 5	 2	216.048	0.433
 7	 5	 3	215.045	0.389
 7	 5	 4	214.087	0.391
 7	 5	 5	212.997	0.338
 7	 5	 6	212.155	0.389
 7	 5	 7	211.033	0.386
 7	 6	 0	218.051	0.330
 7	 6	 1	217.004	0.337
 7	 6	 2	216.076	0.366
 7	 6	 3	215.010	0.357
 7	 6	 4	214.046	0.357
 7	 6	 5	213.038	0.328
 7	 6	 6	212.156	0.362
 7	 6	 7	211.016	0.363
 7	 7	 0	218.044	0.265
 7	 7	 1	217.035	0.374
 7	 7	 2	216.091	0.344
 7	 7	 3	215.053	0.345
 7	 7	 4	214.030	0.369
 7	 7	 5	213.040	0.341
 7	 7	 6	212.181	0.298
 7	 7	 7	211.081	0.336
 8	 0	 0	223.715	0.650
 8	 0	 1	222.624	0.634
 8	 0	 2	221.685	0.618
 8	 0	 3	220.544	0.626
 8	 0	 4	219.658	0.596
 8	 0	 5	218.608	0.555
 8	 0	 6	217.659	0.563
 8	 0	 7	216.620	0.565
 8	 1	 0	223.641	0.487
 8	 1	 1	222.522	0.510
 8	 1	 2	221.594	0.514
 8	 1	 3	220.524	0.483
 8	 1	 4	219.599	0.474
 8	 1	 5	218.600	0.487
 8	 1	 6	217.600	0.527
 8	 1	 7	216.530	0.472
 8	 2	 0	223.607	0.458
 8	 2	 1	222.494	0.484
 8	 2	 2	221.523	0.461
 8	 2	 3	220.455	0.487
 8	 2	 4	219.559	0.459
 8	 2	 5	218.487	0.452
 8	 2	 6	217.579	0.465
 8	 2	 7	216.533	0.462
 8	 3	 0	223.567	0.464
 8	 3	 1	222.539	0.473
 8	 3	 2	221.569	0.485
 8	 3	 3	220.442	0.461
 8	 3	 4	219.538	0.454
 8	 3	 5	218.495	0.456
 8	 3	 6	217.578	0.443
 8	 3	 7	216.473	0.455
 8	 4	 0	223.561	0.464
 8	 4	 1	222.482	0.483
 8	 4	 2	221.515	0.461
 8	 4	 3	220.435	0.473
 8	 4	 4	219.560	0.431
 8	 4	 5	218.503	0.454
 8	 4	 6	217.597	0.435
 8	 4	 7	216.497	0.493
 8	 5	 0	223.552	0.484
 8	 5	 1	222.478	0.499
 8	 5	 2	221.513	0.493
 8	 5	 3	220.359	0.527
 8	 5	 4	219.519	0.449
 8	 5	 5	218.481	0.490
 8	 5	 6	217.550	0.454
 8	 5	 7	216.476	0.465
 8	 6	 0	223.551	0.485
 8	 6	 1	222.461	0.469
 8	 6	 2	221.494	0.484
 8	 6	 3	220.418	0.504
 8	 6	 4	219.510	0.459
 8	 6	 5	218.489	0.489
 8	 6	 6	217.560	0.518
 8	 6	 7	216.488	0.513
 8	 7	 0	223.567	0.504
 8	 7	 1	222.497	0.517
 8	 7	 2	221.507	0.521
 8	 7	 3	220.445	0.523
 8	 7	 4	219.497	0.475
 8	 7	 5	218.414	0.513
 8	 7	 6	217.554	0.477
 8	 7	 7	216.509	0.512
 9	 0	 0	224.486	0.474
 9	 0	 1	223.411	0.522
 9	 0	 2	222.548	0.513
 9	 0	 3	221.446	0.511
 9	 0	 4	220.569	0.498
 9	 0	 5	219.404	0.526
 9	 0	 6	218.605	0.493
 9	 0	 7	217.565	0.515
 9	 1	 0	224.542	0.467
 9	 1	 1	223.401	0.473
 9	 1	 2	222.554	0.454
 9	 1	 3	221.464	0.499
 9	 1	 4	220.558	0.445
 9	 1	 5	219.523	0.423
 9	 1	 6	218.550	0.420
 9	 1	 7	217.502	0.420
 9	 2	 0	224.522	0.420
 9	 2	 1	223.478	0.426
 9	 2	 2	222.443	0.419
 9	 2	 3	221.405	0.419
 9	 2	 4	220.499	0.425
 9	 2	 5	219.430	0.417
 9	 2	 6	218.536	0.389
 9	 2	 7	217.508	0.401
 9	 3	 0	224.544	0.419
 9	 3	 1	223.446	0.415
 9	 3	 2	222.496	0.435
 9	 3	 3	221.363	0.425
 9	 3	 4	220.509	0.420
 9	 3	 5	219.480	0.407
 9	 3	 6	218.537	0.402
 9	 3	 7	217.476	0.416
 9	 4	 0	224.341	0.412
 9	 4	 1	223.405	0.417
 9	 4	 2	222.406	0.425
 9	 4	 3	221.348	0.426
 9	 4	 4	220.525	0.417
 9	 4	 5	219.461	0.413
 9	 4	 6	218.498	0.413
 9	 4	 7	217.435	0.423
 9	 5	 0	224.376	0.430
 9	 5	 1	223.401	0.447
 9	 5	 2	222.442	0.422
 9	 5	 3	221.375	0.424
 9	 5	 4	220.489	0.440
 9	 5	 5	219.443	0.410
 9	 5	 6	218.490	0.410
 9	 5	 7	217.449	0.424
 9	 6	 0	224.398	0.439
 9	 6	 1	223.365	0.467
 9	 6	 2	222.430	0.466
 9	 6	 3	221.385	0.459
 9	 6	 4	220.326	0.500
 9	 6	 5	219.376	0.440
 9	 6	 6	218.500	0.435
 9	 6	 7	217.416	0.432
 9	 7	 0	224.391	0.499
 9	 7	 1	223.369	0.486
 9	 7	 2	222.336	0.504
 9	 7	 3	221.350	0.493
 9	 7	 4	220.319	0.493
 9	 7	 5	219.381	0.462
 9	 7	 6	218.505	0.468
 9	 7	 7	217.425	0.490
10	 0	 0	222.882	0.508
10	 0	 1	221.691	0.471
10	 0	 2	220.763	0.481
10	 0	 3	219.649	0.459
10	 0	 4	218.763	0.454
10	 0	 5	217.675	0.482
10	 0	 6	216.673	0.485
10	 0	 7	215.601	0.470
10	 1	 0	222.853	0.459
10	 1	 1	221.701	0.419
10	 1	 2	220.758	0.414
10	 1	 3	219.662	0.393
10	 1	 4	218.710	0.430
10	 1	 5	217.615	0.423
10	 1	 6	216.703	0.428
10	 1	 7	215.573	0.446
10	 2	 0	222.809	0.395
10	 2	 1	221.685	0.409
10	 2	 2	220.729	0.400
10	 2	 3	219.657	0.399
10	 2	 4	218.687	0.405
10	 2	 5	217.574	0.367
10	 2	 6	216.684	0.416
10	 2	 7	215.554	0.434
10	 3	 0	222.806	0.405
10	 3	 1	221.686	0.451
10	 3	 2	220.688	0.398
10	 3	 3	219.598	0.413
10	 3	 4	218.666	0.380
10	 3	 5	217.550	0.388
10	 3	 6	216.638	0.390
10	 3	 7	215.555	0.390
10	 4	 0	222.813	0.385
10	 4	 1	221.650	0.409
10	 4	 2	220.744	0.380
10	 4	 3	219.634	0.401
10	 4	 4	218.700	0.386
10	 4	 5	217.587	0.392
10	 4	 6	216.614	0.397
10	 4	 7	215.552	0.398
10	 5	 0	222.852	0.428
10	 5	 1	221.676	0.432
10	 5	 2	220.756	0.446
10	 5	 3	219.589	0.429
10	 5	 4	218.687	0.413
10	 5	 5	217.560	0.412
10	 5	 6	216.591	0.431
10	 5	 7	215.523	0.411
10	 6	 0	222.839	0.433
10	 6	 1	221.694	0.461
10	 6	 2	220.768	0.465
10	 6	 3	219.567	0.425
10	 6	 4	218.657	0.443
10	 6	 5	217.620	0.446
10	 6	 6	216.644	0.459
10	 6	 7	215.506	0.449
10	 7	 0	222.841	0.481
10	 7	 1	221.687	0.484
10	 7	 2	220.755	0.445
10	 7	 3	219.587	0.493
10	 7	 4	218.650	0.443
10	 7	 5	217.526	0.461
10	 7	 6	216.666	0.490
10	 7	 7	215.478	0.481
11	 0	 0	221.601	0.457
11	 0	 1	220.458	0.486
11	 0	 2	219.471	0.447
11	 0	 3	218.472	0.416
11	 0	 4	217.649	0.438
11	 0	 5	216.507	0.460
11	 0	 6	215.558	0.447
11	 0	 7	214.381	0.471
11	 1	 0	221.559	0.400
11	 1	 1	220.429	0.399
11	 1	 2	219.482	0.376
11	 1	 3	218.402	0.380
11	 1	 4	217.617	0.384
11	 1	 5	216.518	0.392
11	 1	 6	215.534	0.402
11	 1	 7	214.333	0.415
11	 2	 0	221.570	0.403
11	 2	 1	220.390	0.392
11	 2	 2	219.489	0.383
11	 2	 3	218.419	0.390
11	 2	 4	217.624	0.363
11	 2	 5	216.536	0.380
11	 2	 6	215.442	0.403
11	 2	 7	214.351	0.376
11	 3	 0	221.534	0.367
11	 3	 1	220.389	0.376
11	 3	 2	219.480	0.370
11	 3	 3	218.391	0.348
11	 3	 4	217.615	0.358
11	 3	 5	216.438	0.365
11	 3	 6	215.489	0.387
11	 3	 7	214.364	0.373
11	 4	 0	221.493	0.371
11	 4	 1	220.381	0.367
11	 4	 2	219.433	0.359
11	 4	 3	218.321	0.361
11	 4	 4	217.592	0.368
11	 4	 5	216.464	0.352
11	 4	 6	215.421	0.366
11	 4	 7	214.326	0.398
11	 5	 0	221.536	0.389
11	 5	 1	220.371	0.407
11	 5	 2	219.485	0.370
11	 5	 3	218.362	0.376
11	 5	 4	217.522	0.371
11	 5	 5	216.439	0.411
11	 5	 6	215.397	0.401
11	 5	 7	214.270	0.385
11	 6	 0	221.540	0.416
11	 6	 1	220.407	0.452
11	 6	 2	219.434	0.392
11	 6	 3	218.399	0.420
11	 6	 4	217.573	0.406
11	 6	 5	216.484	0.430
11	 6	 6	215.431	0.424
11	 6	 7	214.344	0.433
11	 7	 0	221.521	0.455
11	 7	 1	220.403	0.444
11	 7	 2	219.402	0.460
11	 7	 3	218.307	0.401
11	 7	 4	217.602	0.426
11	 7	 5	216.485	0.440
11	 7	 6	215.398	0.437
11	 7	 7	214.332	0.448
12	 0	 0	225.600	0.415
12	 0	 1	224.480	0.413
12	 0	 2	223.560	0.420
12	 0	 3	222.409	0.401
12	 0	 4	221.520	0.432
12	 0	 5	220.409	0.398
12	 0	 6	219.450	0.403
12	 0	 7	218.356	0.375
12	 1	 0	225.616	0.407
12	 1	 1	224.471	0.364
12	 1	 2	223.545	0.368
12	 1	 3	222.408	0.366
12	 1	 4	221.466	0.364
12	 1	 5	220.351	0.378
12	 1	 6	219.424	0.364
12	 1	 7	218.383	0.350
12	 2	 0	225.583	0.373
12	 2	 1	224.453	0.365
12	 2	 2	223.527	0.368
12	 2	 3	222.407	0.375
12	 2	 4	221.482	0.372
12	 2	 5	220.369	0.363
12	 2	 6	219.462	0.354
12	 2	 7	218.349	0.357
12	 3	 0	225.560	0.358
12	 3	 1	224.390	0.390
12	 3	 2	223.541	0.387
12	 3	 3	222.428	0.368
12	 3	 4	221.493	0.364
12	 3	 5	220.363	0.392
12	 3	 6	219.422	0.353
12	 3	 7	218.355	0.366
12	 4	 0	225.626	0.387
12	 4	 1	224.396	0.382
12	 4	 2	223.504	0.387
12	 4	 3	222.386	0.401
12	 4	 4	221.426	0.385
12	 4	 5	220.296	0.386
12	 4	 6	219.416	0.374
12	 4	 7	218.307	0.382
12	 5	 0	225.521	0.401
12	 5	 1	224.467	0.416
12	 5	 2	223.495	0.409
12	 5	 3	222.398	0.404
12	 5	 4	221.478	0.395
12	 5	 5	220.306	0.417
12	 5	 6	219.416	0.365
12	 5	 7	218.337	0.401
12	 6	 0	225.596	0.455
12	 6	 1	224.444	0.457
12	 6	 2	223.530	0.435
12	 6	 3	222.324	0.474
12	 6	 4	221.453	0.440
12	 6	 5	220.313	0.466
12	 6	 6	219.418	0.450
12	 6	 7	218.306	0.441
12	 7	 0	225.579	0.445
12	 7	 1	224.429	0.467
12	 7	 2	223.496	0.459
12	 7	 3	222.351	0.464
12	 7	 4	221.473	0.480
12	 7	 5	220.315	0.480
12	 7	 6	219.451	0.481
12	 7	 7	218.279	0.425
13	 0	 0	222.559	0.392
13	 0	 1	221.414	0.397
13	 0	 2	220.520	0.402
13	 0	 3	219.375	0.373
13	 0	 4	218.442	0.380
13	 0	 5	217.422	0.378
13	 0	 6	216.468	0.408
13	 0	 7	215.378	0.393
13	 1	 0	222.585	0.374
13	 1	 1	221.391	0.370
13	 1	 2	220.484	0.376
13	 1	 3	219.392	0.361
13	 1	 4	218.438	0.363
13	 1	 5	217.412	0.364
13	 1	 6	216.434	0.350
13	 1	 7	215.323	0.382
13	 2	 0	222.545	0.377
13	 2	 1	221.398	0.375
13	 2	 2	220.470	0.341
13	 2	 3	219.345	0.369
13	 2	 4	218.395	0.361
13	 2	 5	217.357	0.368
13	 2	 6	216.432	0.367
13	 2	 7	215.279	0.374
13	 3	 0	222.555	0.378
13	 3	 1	221.366	0.388
13	 3	 2	220.480	0.368
13	 3	 3	219.305	0.370
13	 3	 4	218.403	0.365
13	 3	 5	217.313	0.371
13	 3	 6	216.455	0.404
13	 3	 7	215.251	0.398
13	 4	 0	222.495	0.409
13	 4	 1	221.384	0.396
13	 4	 2	220.485	0.423
13	 4	 3	219.303	0.414
13	 4	 4	218.390	0.392
13	 4	 5	217.306	0.417
13	 4	 6	216.363	0.405
13	 4	 7	215.282	0.424
13	 5	 0	222.537	0.449
13	 5	 1	221.380	0.444
13	 5	 2	220.469	0.420
13	 5	 3	219.266	0.436
13	 5	 4	218.427	0.441
13	 5	 5	217.317	0.437
13	 5	 6	216.436	0.466
13	 5	 7	215.274	0.462
13	 6	 0	222.530	0.457
13	 6	 1	221.390	0.486
13	 6	 2	220.434	0.496
13	 6	 3	219.293	0.455
13	 6	 4	218.435	0.452
13	 6	 5	217.357	0.471
13	 6	 6	216.416	0.493
13	 6	 7	215.245	0.464
13	 7	 0	222.540	0.536
13	 7	 1	221.417	0.511
13	 7	 2	220.489	0.532
13	 7	 3	219.236	0.490
13	 7	 4	218.467	0.506
13	 7	 5	217.312	0.476
13	 7	 6	216.428	0.533
13	 7	 7	215.277	0.561
14	 0	 0	225.819	0.402
14	 0	 1	224.743	0.392
14	 0	 2	223.771	0.410
14	 0	 3	222.667	0.360
14	 0	 4	221.811	0.396
14	 0	 5	220.685	0.359
14	 0	 6	219.860	0.401
14	 0	 7	218.782	0.377
14	 1	 0	225.810	0.359
14	 1	 1	224.653	0.365
14	 1	 2	223.677	0.374
14	 1	 3	222.645	0.351
14	 1	 4	221.757	0.357
14	 1	 5	220.697	0.362
14	 1	 6	219.833	0.346
14	 1	 7	218.743	0.376
14	 2	 0	225.802	0.360
14	 2	 1	224.683	0.374
14	 2	 2	223.671	0.367
14	 2	 3	222.592	0.385
14	 2	 4	221.751	0.362
14	 2	 5	220.665	0.369
14	 2	 6	219.773	0.352
14	 2	 7	218.726	0.339
14	 3	 0	225.819	0.386
14	 3	 1	224.654	0.371
14	 3	 2	223.703	0.412
14	 3	 3	222.528	0.381
14	 3	 4	221.783	0.377
14	 3	 5	220.631	0.393
14	 3	 6	219.821	0.395
14	 3	 7	218.711	0.366
14	 4	 0	225.787	0.431
14	 4	 1	224.657	0.420
14	 4	 2	223.664	0.437
14	 4	 3	222.524	0.416
14	 4	 4	221.714	0.424
14	 4	 5	220.579	0.390
14	 4	 6	219.837	0.406
14	 4	 7	218.728	0.424
14	 5	 0	225.791	0.471
14	 5	 1	224.668	0.478
14	 5	 2	223.696	0.467
14	 5	 3	222.558	0.459
14	 5	 4	221.655	0.433
14	 5	 5	220.734	0.450
14	 5	 6	219.758	0.436
14	 5	 7	218.706	0.466
14	 6	 0	225.742	0.519
14	 6	 1	224.616	0.550
14	 6	 2	223.700	0.502
14	 6	 3	222.548	0.520
14	 6	 4	221.672	0.519
14	 6	 5	220.709	0.502
14	 6	 6	219.771	0.516
14	 6	 7	218.676	0.483
14	 7	 0	225.732	0.511
14	 7	 1	224.639	0.546
14	 7	 2	223.686	0.521
14	 7	 3	222.484	0.529
14	 7	 4	221.708	0.549
14	 7	 5	220.747	0.580
14	 7	 6	219.788	0.536
14	 7	 7	218.713	0.534
15	 0	 0	219.482	0.383
15	 0	 1	218.395	0.348
15	 0	 2	217.502	0.397
15	 0	 3	216.339	0.390
15	 0	 4	215.581	0.388
15	 0	 5	214.408	0.399
15	 0	 6	213.437	0.381
15	 0	 7	212.333	0.413
15	 1	 0	219.470	0.377
15	 1	 1	218.387	0.352
15	 1	 2	217.487	0.363
15	 1	 3	216.361	0.372
15	 1	 4	215.525	0.382
15	 1	 5	214.394	0.379
15	 1	 6	213.415	0.352
15	 1	 7	212.287	0.361
15	 2	 0	219.479	0.384
15	 2	 1	218.362	0.364
15	 2	 2	217.426	0.379
15	 2	 3	216.351	0.406
15	 2	 4	215.523	0.377
15	 2	 5	214.362	0.383
15	 2	 6	213.342	0.381
15	 2	 7	212.299	0.389
15	 3	 0	219.450	0.393
15	 3	 1	218.365	0.402
15	 3	 2	217.449	0.390
15	 3	 3	216.326	0.415
15	 3	 4	215.522	0.412
15	 3	 5	214.325	0.420
15	 3	 6	213.392	0.369
15	 3	 7	212.242	0.406
15	 4	 0	219.453	0.412
15	 4	 1	218.329	0.408
15	 4	 2	217.417	0.401
15	 4	 3	216.297	0.445
15	 4	 4	215.474	0.435
15	 4	 5	214.317	0.427
15	 4	 6	213.343	0.422
15	 4	 7	212.250	0.429
15	 5	 0	219.448	0.454
15	 5	 1	218.396	0.467
15	 5	 2	217.406	0.487
15	 5	 3	216.258	0.470
15	 5	 4	215.455	0.490
15	 5	 5	214.279	0.479
15	 5	 6	213.359	0.459
15	 5	 7	212.257	0.441
15	 6	 0	219.418	0.536
15	 6	 1	218.396	0.482
15	 6	 2	217.443	0.522
15	 6	 3	216.254	0.562
15	 6	 4	215.518	0.516
15	 6	 5	214.300	0.497
15	 6	 6	213.332	0.499
15	 6	 7	212.236	0.534
15	 7	 0	219.427	0.514
15	 7	 1	218.372	0.539
15	 7	 2	217.383	0.517
15	 7	 3	216.292	0.558
15	 7	 4	215.496	0.563
15	 7	 5	214.287	0.536
15	 7	 6	213.339	0.530
15	 7	 7	212.230	0.556
16	 0	 0	231.632	0.404
16	 0	 1	230.548	0.422
16	 0	 2	229.590	0.428
16	 0	 3	228.574	0.405
16	 0	 4	227.637	0.408
16	 0	 5	226.501	0.423
16	 0	 6	225.544	0.426
16	 0	 7	224.459	0.439
16	 1	 0	231.651	0.372
16	 1	 1	230.501	0.357
16	 1	 2	229.599	0.368
16	 1	 3	228.605	0.383
16	 1	 4	227.576	0.378
16	 1	 5	226.557	0.382
16	 1	 6	225.536	0.385
16	 1	 7	224.453	0.361
16	 2	 0	231.617	0.350
16	 2	 1	230.568	0.369
16	 2	 2	229.612	0.350
16	 2	 3	228.551	0.349
16	 2	 4	227.571	0.362
16	 2	 5	226.525	0.345
16	 2	 6	225.518	0.355
16	 2	 7	224.438	0.362
16	 3	 0	231.622	0.348
16	 3	 1	230.610	0.346
16	 3	 2	229.566	0.331
16	 3	 3	228.503	0.335
16	 3	 4	227.549	0.355
16	 3	 5	226.568	0.387
16	 3	 6	225.527	0.345
16	 3	 7	224.423	0.349
16	 4	 0	231.551	0.339
16	 4	 1	230.560	0.322
16	 4	 2	229.619	0.324
16	 4	 3	228.446	0.339
16	 4	 4	227.665	0.351
16	 4	 5	226.628	0.349
16	 4	 6	225.507	0.357
16	 4	 7	224.414	0.335
16	 5	 0	231.568	0.343
16	 5	 1	230.502	0.351
16	 5	 2	229.595	0.319
16	 5	 3	228.498	0.358
16	 5	 4	227.527	0.346
16	 5	 5	226.579	0.350
16	 5	 6	225.541	0.350
16	 5	 7	224.401	0.333
16	 6	 0	231.544	0.329
16	 6	 1	230.483	0.342
16	 6	 2	229.620	0.319
16	 6	 3	228.454	0.348
16	 6	 4	227.551	0.321
16	 6	 5	226.459	0.341
16	 6	 6	225.475	0.359
16	 6	 7	224.475	0.338
16	 7	 0	231.530	0.346
16	 7	 1	230.550	0.332
16	 7	 2	229.636	0.322
16	 7	 3	228.509	0.338
16	 7	 4	227.582	0.341
16	 7	 5	226.436	0.339
16	 7	 6	225.486	0.331
16	 7	 7	224.509	0.350
17	 0	 0	211.550	0.416
17	 0	 1	210.524	0.444
17	 0	 2	209.576	0.454
17	 0	 3	208.485	0.442
17	 0	 4	207.648	0.481
17	 0	 5	206.559	0.456
17	 0	 6	205.687	0.433
17	 0	 7	204.623	0.446
17	 1	 0	211.528	0.394
17	 1	 1	210.510	0.367
17	 1	 2	209.492	0.372
17	 1	 3	208.487	0.402
17	 1	 4	207.644	0.403
17	 1	 5	206.569	0.409
17	 1	 6	205.667	0.410
17	 1	 7	204.644	0.399
17	 2	 0	211.494	0.369
17	 2	 1	210.471	0.368
17	 2	 2	209.549	0.387
17	 2	 3	208.455	0.349
17	 2	 4	207.607	0.367
17	 2	 5	206.588	0.361
17	 2	 6	205.644	0.375
17	 2	 7	204.618	0.346
17	 3	 0	211.536	0.354
17	 3	 1	210.512	0.364
17	 3	 2	209.577	0.369
17	 3	 3	208.511	0.345
17	 3	 4	207.602	0.339
17	 3	 5	206.591	0.376
17	 3	 6	205.642	0.349
17	 3	 7	204.608	0.318
17	 4	 0	211.479	0.330
17	 4	 1	210.442	0.339
17	 4	 2	209.475	0.328
17	 4	 3	208.448	0.351
17	 4	 4	207.589	0.354
17	 4	 5	206.577	0.340
17	 4	 6	205.638	0.352
17	 4	 7	204.617	0.333
17	 5	 0	211.545	0.335
17	 5	 1	210.482	0.351
17	 5	 2	209.451	0.346
17	 5	 3	208.543	0.358
17	 5	 4	207.568	0.343
17	 5	 5	206.597	0.363
17	 5	 6	205.665	0.364
17	 5	 7	204.610	0.371
17	 6	 0	211.522	0.347
17	 6	 1	210.483	0.352
17	 6	 2	209.493	0.314
17	 6	 3	208.482	0.374
17	 6	 4	207.581	0.367
17	 6	 5	206.597	0.339
17	 6	 6	205.611	0.322
17	 6	 7	204.620	0.335
17	 7	 0	211.509	0.334
17	 7	 1	210.494	0.382
17	 7	 2	209.518	0.337
17	 7	 3	208.505	0.375
17	 7	 4	207.663	0.358
17	 7	 5	206.593	0.352
17	 7	 6	205.633	0.349
17	 7	 7	204.603	0.338
18	 0	 0	219.687	0.409
18	 0	 1	218.804	0.454
18	 0	 2	217.838	0.459
18	 0	 3	216.869	0.489
18	 0	 4	215.956	0.492
18	 0	 5	214.861	0.477
18	 0	 6	213.967	0.497
18	 0	 7	212.951	0.474
18	 1	 0	219.675	0.364
18	 1	 1	218.768	0.396
18	 1	 2	217.868	0.385
18	 1	 3	216.849	0.419
18	 1	 4	215.919	0.418
18	 1	 5	214.859	0.428
18	 1	 6	213.938	0.428
18	 1	 7	212.911	0.440
18	 2	 0	219.725	0.350
18	 2	 1	218.760	0.321
18	 2	 2	217.837	0.348
18	 2	 3	216.850	0.366
18	 2	 4	215.926	0.386
18	 2	 5	214.847	0.376
18	 2	 6	213.933	0.370
18	 2	 7	212.931	0.357
18	 3	 0	219.713	0.347
18	 3	 1	218.757	0.330
18	 3	 2	217.825	0.320
18	 3	 3	216.843	0.393
18	 3	 4	215.947	0.371
18	 3	 5	214.885	0.348
18	 3	 6	213.943	0.312
18	 3	 7	212.913	0.361
18	 4	 0	219.656	0.346
18	 4	 1	218.712	0.336
18	 4	 2	217.803	0.333
18	 4	 3	216.850	0.309
18	 4	 4	215.964	0.363
18	 4	 5	214.939	0.338
18	 4	 6	213.973	0.362
18	 4	 7	212.894	0.315
18	 5	 0	219.717	0.330
18	 5	 1	218.757	0.325
18	 5	 2	217.820	0.310
18	 5	 3	216.877	0.319
18	 5	 4	215.982	0.334
18	 5	 5	214.861	0.343
18	 5	 6	213.990	0.304
18	 5	 7	212.919	0.339
18	 6	 0	219.709	0.338
18	 6	 1	218.779	0.302
18	 6	 2	217.860	0.324
18	 6	 3	216.861	0.357
18	 6	 4	215.948	0.359
18	 6	 5	214.893	0.346
18	 6	 6	213.988	0.327
18	 6	 7	212.936	0.304
18	 7	 0	219.674	0.344
18	 7	 1	218.752	0.312
18	 7	 2	217.838	0.316
18	 7	 3	216.878	0.357
18	 7	 4	215.965	0.353
18	 7	 5	214.921	0.370
18	 7	 6	213.973	0.328
18	 7	 7	212.926	0.346
19	 0	 0	221.726	0.507
19	 0	 1	220.705	0.482
19	 0	 2	219.849	0.462
19	 0	 3	218.754	0.425
19	 0	 4	217.958	0.466
19	 0	 5	216.897	0.542
19	 0	 6	215.913	0.509
19	 0	 7	214.797	0.486
19	 1	 0	221.792	0.447
19	 1	 1	220.774	0.419
19	 1	 2	219.879	0.464
19	 1	 3	218.793	0.416
19	 1	 4	217.901	0.425
19	 1	 5	216.875	0.450
19	 1	 6	215.981	0.463
19	 1	 7	214.924	0.461
19	 2	 0	221.823	0.388
19	 2	 1	220.770	0.351
19	 2	 2	219.849	0.420
19	 2	 3	218.757	0.383
19	 2	 4	217.911	0.394
19	 2	 5	216.881	0.397
19	 2	 6	216.007	0.398
19	 2	 7	214.909	0.422
19	 3	 0	221.718	0.366
19	 3	 1	220.687	0.379
19	 3	 2	219.718	0.363
19	 3	 3	218.860	0.349
19	 3	 4	217.832	0.392
19	 3	 5	216.921	0.427
19	 3	 6	215.883	0.363
19	 3	 7	214.816	0.368
19	 4	 0	221.744	0.339
19	 4	 1	220.725	0.360
19	 4	 2	219.840	0.388
19	 4	 3	218.756	0.325
19	 4	 4	217.926	0.313
19	 4	 5	216.920	0.397
19	 4	 6	215.889	0.355
19	 4	 7	214.929	0.403
19	 5	 0	221.707	0.358
19	 5	 1	220.772	0.342
19	 5	 2	219.863	0.351
19	 5	 3	218.772	0.337
19	 5	 4	217.839	0.366
19	 5	 5	216.823	0.370
19	 5	 6	215.957	0.352
19	 5	 7	214.896	0.371
19	 6	 0	221.831	0.368
19	 6	 1	220.749	0.368
19	 6	 2	219.755	0.352
19	 6	 3	218.889	0.291
19	 6	 4	217.833	0.324
19	 6	 5	216.901	0.384
19	 6	 6	215.962	0.328
19	 6	 7	214.780	0.368
19	 7	 0	221.849	0.346
19	 7	 1	220.726	0.357
19	 7	 2	219.790	0.364
19	 7	 3	218.769	0.341
19	 7	 4	217.928	0.310
19	 7	 5	216.825	0.365
19	 7	 6	215.977	0.367
19	 7	 7	214.819	0.363
20	 0	 0	217.019	0.556
20	 0	 1	215.964	0.568
20	 0	 2	214.970	0.542
20	 0	 3	213.825	0.521
20	 0	 4	213.043	0.534
20	 0	 5	211.961	0.530
20	 0	 6	210.932	0.566
20	 0	 7	209.781	0.519
20	 1	 0	217.016	0.480
20	 1	 1	215.934	0.505
20	 1	 2	214.944	0.490
20	 1	 3	213.844	0.426
20	 1	 4	213.007	0.506
20	 1	 5	211.909	0.508
20	 1	 6	210.920	0.449
20	 1	 7	209.889	0.474
20	 2	 0	217.039	0.418
20	 2	 1	215.925	0.468
20	 2	 2	214.909	0.465
20	 2	 3	213.824	0.428
20	 2	 4	212.956	0.451
20	 2	 5	211.870	0.419
20	 2	 6	210.907	0.446
20	 2	 7	209.820	0.425
20	 3	 0	216.987	0.397
20	 3	 1	215.893	0.405
20	 3	 2	214.946	0.419
20	 3	 3	213.848	0.372
20	 3	 4	212.952	0.401
20	 3	 5	211.935	0.423
20	 3	 6	210.911	0.366
20	 3	 7	209.769	0.386
20	 4	 0	216.963	0.374
20	 4	 1	215.951	0.392
20	 4	 2	214.964	0.415
20	 4	 3	213.824	0.343
20	 4	 4	212.985	0.394
20	 4	 5	211.927	0.393
20	 4	 6	210.899	0.393
20	 4	 7	209.803	0.402
20	 5	 0	216.965	0.344
20	 5	 1	215.938	0.394
20	 5	 2	214.920	0.327
20	 5	 3	213.864	0.366
20	 5	 4	213.012	0.362
20	 5	 5	211.894	0.390
20	 5	 6	210.933	0.355
20	 5	 7	209.798	0.354
20	 6	 0	216.983	0.334
20	 6	 1	215.909	0.361
20	 6	 2	214.980	0.372
20	 6	 3	213.869	0.339
20	 6	 4	212.999	0.348
20	 6	 5	211.938	0.349
20	 6	 6	210.883	0.365
20	 6	 7	209.856	0.341
20	 7	 0	216.982	0.334
20	 7	 1	215.935	0.352
20	 7	 2	214.942	0.359
20	 7	 3	213.897	0.341
20	 7	 4	212.990	0.310
20	 7	 5	211.896	0.366
20	 7	 6	210.916	0.355
20	 7	 7	209.805	0.356
21	 0	 0	224.535	0.470
21	 0	 1	223.560	0.496
21	 0	 2	222.612	0.489
21	 0	 3	221.488	0.495
21	 0	 4	220.597	0.456
21	 0	 5	219.610	0.454
21	 0	 6	218.675	0.430
21	 0	 7	217.733	0.453
21	 1	 0	224.541	0.416
21	 1	 1	223.497	0.391
21	 1	 2	222.587	0.426
21	 1	 3	221.524	0.420
21	 1	 4	220.565	0.425
21	 1	 5	219.566	0.409
21	 1	 6	218.692	0.398
21	 1	 7	217.684	0.401
21	 2	 0	224.497	0.398
21	 2	 1	223.484	0.401
21	 2	 2	222.573	0.353
21	 2	 3	221.481	0.373
21	 2	 4	220.593	0.404
21	 2	 5	219.568	0.357
21	 2	 6	218.629	0.378
21	 2	 7	217.703	0.359
21	 3	 0	224.535	0.371
21	 3	 1	223.504	0.353
21	 3	 2	222.577	0.359
21	 3	 3	221.476	0.376
21	 3	 4	220.557	0.362
21	 3	 5	219.581	0.366
21	 3	 6	218.607	0.362
21	 3	 7	217.740	0.357
21	 4	 0	224.559	0.354
21	 4	 1	223.491	0.341
21	 4	 2	222.551	0.343
21	 4	 3	221.504	0.353
21	 4	 4	220.629	0.337
21	 4	 5	219.560	0.358
21	 4	 6	218.692	0.323
21	 4	 7	217.707	0.344
21	 5	 0	224.543	0.346
21	 5	 1	223.484	0.348
21	 5	 2	222.589	0.352
21	 5	 3	221.535	0.340
21	 5	 4	220.605	0.329
21	 5	 5	219.613	0.328
21	 5	 6	218.719	0.339
21	 5	 7	217.723	0.306
21	 6	 0	224.619	0.334
21	 6	 1	223.532	0.335
21	 6	 2	222.585	0.345
21	 6	 3	221.523	0.322
21	 6	 4	220.600	0.329
21	 6	 5	219.581	0.330
21	 6	 6	218.755	0.285
21	 6	 7	217.723	0.333
21	 7	 0	224.623	0.331
21	 7	 1	223.514	0.321
21	 7	 2	222.604	0.343
21	 7	 3	221.517	0.336
21	 7	 4	220.612	0.336
21	 7	 5	219.621	0.348
21	 7	 6	218.731	0.328
21	 7	 7	217.731	0.333
22	 0	 0	224.377	0.508
22	 0	 1	223.318	0.559
22	 0	 2	222.436	0.524
22	 0	 3	221.389	0.529
22	 0	 4	220.476	0.511
22	 0	 5	219.484	0.501
22	 0	 6	218.577	0.477
22	 0	 7	217.580	0.493
22	 1	 0	224.409	0.468
22	 1	 1	223.411	0.496
22	 1	 2	222.341	0.498
22	 1	 3	221.360	0.478
22	 1	 4	220.444	0.460
22	 1	 5	219.431	0.446
22	 1	 6	218.489	0.431
22	 1	 7	217.534	0.422
22	 2	 0	224.381	0.434
22	 2	 1	223.343	0.457
22	 2	 2	222.378	0.426
22	 2	 3	221.398	0.406
22	 2	 4	220.431	0.413
22	 2	 5	219.492	0.398
22	 2	 6	218.545	0.399
22	 2	 7	217.522	0.348
22	 3	 0	224.368	0.389
22	 3	 1	223.338	0.393
22	 3	 2	222.388	0.394
22	 3	 3	221.380	0.386
22	 3	 4	220.472	0.385
22	 3	 5	219.468	0.395
22	 3	 6	218.538	0.370
22	 3	 7	217.515	0.382
22	 4	 0	224.404	0.375
22	 4	 1	223.347	0.380
22	 4	 2	222.379	0.382
22	 4	 3	221.383	0.386
22	 4	 4	220.422	0.356
22	 4	 5	219.443	0.358
22	 4	 6	218.538	0.356
22	 4	 7	217.526	0.344
22	 5	 0	224.356	0.345
22	 5	 1	223.325	0.370
22	 5	 2	222.369	0.343
22	 5	 3	221.328	0.334
22	 5	 4	220.399	0.357
22	 5	 5	219.465	0.344
22	 5	 6	218.519	0.354
22	 5	 7	217.500	0.349
22	 6	 0	224.373	0.375
22	 6	 1	223.327	0.355
22	 6	 2	222.364	0.356
22	 6	 3	221.348	0.372
22	 6	 4	220.423	0.353
22	 6	 5	219.456	0.361
22	 6	 6	218.516	0.343
22	 6	 7	217.508	0.335
22	 7	 0	224.346	0.361
22	 7	 1	223.313	0.344
22	 7	 2	222.406	0.370
22	 7	 3	221.331	0.359
22	 7	 4	220.397	0.356
22	 7	 5	219.451	0.346
22	 7	 6	218.478	0.329
22	 7	 7	217.503	0.335
23	 0	 0	214.657	0.625
23	 0	 1	213.607	0.570
23	 0	 2	212.746	0.634
23	 0	 3	211.664	0.602
23	 0	 4	210.738	0.597
23	 0	 5	209.624	0.613
23	 0	 6	208.738	0.672
23	 0	 7	207.658	0.614
23	 1	 0	214.714	0.511
23	 1	 1	213.678	0.501
23	 1	 2	212.718	0.514
23	 1	 3	211.652	0.508
23	 1	 4	210.693	0.532
23	 1	 5	209.698	0.516
23	 1	 6	208.703	0.527
23	 1	 7	207.603	0.470
23	 2	 0	214.622	0.426
23	 2	 1	213.615	0.421
23	 2	 2	212.691	0.463
23	 2	 3	211.653	0.497
23	 2	 4	210.723	0.461
23	 2	 5	209.633	0.427
23	 2	 6	208.713	0.477
23	 2	 7	207.631	0.490
23	 3	 0	214.661	0.435
23	 3	 1	213.608	0.402
23	 3	 2	212.662	0.410
23	 3	 3	211.610	0.418
23	 3	 4	210.690	0.425
23	 3	 5	209.669	0.429
23	 3	 6	208.683	0.433
23	 3	 7	207.664	0.425
23	 4	 0	214.634	0.376
23	 4	 1	213.624	0.401
23	 4	 2	212.686	0.384
23	 4	 3	211.595	0.397
23	 4	 4	210.722	0.426
23	 4	 5	209.661	0.411
23	 4	 6	208.707	0.427
23	 4	 7	207.660	0.408
23	 5	 0	214.673	0.392
23	 5	 1	213.594	0.357
23	 5	 2	212.694	0.381
23	 5	 3	211.627	0.367
23	 5	 4	210.721	0.401
23	 5	 5	209.721	0.371
23	 5	 6	208.691	0.379
23	 5	 7	207.601	0.408
23	 6	 0	214.669	0.382
23	 6	 1	213.610	0.353
23	 6	 2	212.681	0.373
23	 6	 3	211.691	0.356
23	 6	 4	210.734	0.357
23	 6	 5	209.678	0.369
23	 6	 6	208.718	0.366
23	 6	 7	207.636	0.387
23	 7	 0	214.665	0.367
23	 7	 1	213.593	0.365
23	 7	 2	212.668	0.358
23	 7	 3	211.625	0.364
23	 7	 4	210.719	0.347
23	 7	 5	209.672	0.366
23	 7	 6	208.691	0.364
23	 7	 7	207.646	0.354
24	 0	 0	220.976	0.692
24	 0	 1	219.769	0.594
24	 0	 2	218.799	0.588
24	 0	 3	217.742	0.548
24	 0	 4	216.900	0.623
24	 0	 5	215.804	0.586
24	 0	 6	214.827	0.654
24	 0	 7	213.717	0.596
24	 1	 0	220.826	0.523
24	 1	 1	219.770	0.492
24	 1	 2	218.795	0.487
24	 1	 3	217.793	0.516
24	 1	 4	216.863	0.553
24	 1	 5	215.802	0.542
24	 1	 6	214.781	0.500
24	 1	 7	213.703	0.501
24	 2	 0	220.822	0.468
24	 2	 1	219.771	0.481
24	 2	 2	218.775	0.448
24	 2	 3	217.798	0.465
24	 2	 4	216.909	0.523
24	 2	 5	215.780	0.458
24	 2	 6	214.792	0.475
24	 2	 7	213.714	0.417
24	 3	 0	220.885	0.475
24	 3	 1	219.757	0.397
24	 3	 2	218.752	0.398
24	 3	 3	217.787	0.445
24	 3	 4	216.877	0.451
24	 3	 5	215.764	0.422
24	 3	 6	214.792	0.459
24	 3	 7	213.692	0.396
24	 4	 0	220.855	0.416
24	 4	 1	219.738	0.380
24	 4	 2	218.760	0.381
24	 4	 3	217.801	0.383
24	 4	 4	216.878	0.418
24	 4	 5	215.798	0.417
24	 4	 6	214.800	0.373
24	 4	 7	213.681	0.368
24	 5	 0	220.900	0.353
24	 5	 1	219.755	0.379
24	 5	 2	218.841	0.350
24	 5	 3	217.789	0.339
24	 5	 4	216.880	0.389
24	 5	 5	215.825	0.371
24	 5	 6	214.780	0.360
24	 5	 7	213.778	0.363
24	 6	 0	220.907	0.363
24	 6	 1	219.773	0.332
24	 6	 2	218.787	0.333
24	 6	 3	217.844	0.350
24	 6	 4	216.845	0.329
24	 6	 5	215.832	0.353
24	 6	 6	214.884	0.368
24	 6	 7	213.759	0.332
24	 7	 0	220.932	0.357
24	 7	 1	219.775	0.315
24	 7	 2	218.793	0.341
24	 7	 3	217.766	0.298
24	 7	 4	216.923	0.265
24	 7	 5	215.910	0.353
24	 7	 6	214.840	0.342
24	 7	 7	213.712	0.328
25	 0	 0	226.942	0.558
25	 0	 1	225.897	0.516
25	 0	 2	224.956	0.575
25	 0	 3	223.849	0.510
25	 0	 4	223.009	0.562
25	 0	 5	221.926	0.533
25	 0	 6	220.969	0.584
25	 0	 7	219.921	0.497
25	 1	 0	226.980	0.504
25	 1	 1	225.904	0.416
25	 1	 2	224.914	0.477
25	 1	 3	223.836	0.416
25	 1	 4	222.975	0.459
25	 1	 5	221.895	0.501
25	 1	 6	220.990	0.501
25	 1	 7	219.895	0.477
25	 2	 0	226.954	0.433
25	 2	 1	225.893	0.399
25	 2	 2	224.933	0.429
25	 2	 3	223.842	0.426
25	 2	 4	222.994	0.461
25	 2	 5	221.887	0.439
25	 2	 6	220.935	0.412
25	 2	 7	219.889	0.420
25	 3	 0	226.921	0.416
25	 3	 1	225.908	0.414
25	 3	 2	224.932	0.390
25	 3	 3	223.833	0.375
25	 3	 4	222.944	0.381
25	 3	 5	221.856	0.391
25	 3	 6	220.943	0.418
25	 3	 7	219.901	0.418
25	 4	 0	226.913	0.368
25	 4	 1	225.895	0.393
25	 4	 2	224.914	0.334
25	 4	 3	223.815	0.367
25	 4	 4	222.943	0.325
25	 4	 5	221.876	0.319
25	 4	 6	220.922	0.365
25	 4	 7	219.956	0.346
25	 5	 0	226.952	0.345
25	 5	 1	225.884	0.307
25	 5	 2	224.920	0.370
25	 5	 3	223.833	0.339
25	 5	 4	222.976	0.314
25	 5	 5	221.934	0.358
25	 5	 6	220.958	0.376
25	 5	 7	219.896	0.326
25	 6	 0	226.946	0.289
25	 6	 1	225.923	0.334
25	 6	 2	224.919	0.297
25	 6	 3	223.821	0.319
25	 6	 4	222.976	0.332
25	 6	 5	221.936	0.352
25	 6	 6	220.948	0.315
25	 6	 7	219.897	0.314
25	 7	 0	226.996	0.339
25	 7	 1	225.886	0.308
25	 7	 2	224.930	0.360
25	 7	 3	223.828	0.321
25	 7	 4	222.983	0.318
25	 7	 5	221.902	0.343
25	 7	 6	220.963	0.341
25	 7	 7	219.943	0.330
26	 0	 0	218.416	0.426
26	 0	 1	217.364	0.422
26	 0	 2	216.451	0.458
26	 0	 3	215.397	0.482
26	 0	 4	214.487	0.465
26	 0	 5	213.420	0.471
26	 0	 6	212.504	0.456
26	 0	 7	211.447	0.446
26	 1	 0	218.399	0.411
26	 1	 1	217.411	0.383
26	 1	 2	216.452	0.415
26	 1	 3	215.445	0.376
26	 1	 4	214.451	0.402
26	 1	 5	213.391	0.403
26	 1	 6	212.432	0.398
26	 1	 7	211.446	0.400
26	 2	 0	218.399	0.352
26	 2	 1	217.349	0.364
26	 2	 2	216.427	0.371
26	 2	 3	215.433	0.367
26	 2	 4	214.448	0.396
26	 2	 5	213.434	0.362
26	 2	 6	212.502	0.385
26	 2	 7	211.497	0.377
26	 3	 0	218.340	0.331
26	 3	 1	217.385	0.329
26	 3	 2	216.439	0.335
26	 3	 3	215.407	0.343
26	 3	 4	214.426	0.349
26	 3	 5	213.410	0.323
26	 3	 6	212.497	0.339
26	 3	 7	211.515	0.344
26	 4	 0	218.365	0.324
26	 4	 1	217.352	0.319
26	 4	 2	216.434	0.346
26	 4	 3	215.433	0.330
26	 4	 4	214.445	0.327
26	 4	 5	213.405	0.329
26	 4	 6	212.487	0.327
26	 4	 7	211.445	0.357
26	 5	 0	218.385	0.294
26	 5	 1	217.359	0.303
26	 5	 2	216.470	0.322
26	 5	 3	215.394	0.322
26	 5	 4	214.444	0.311
26	 5	 5	213.378	0.323
26	 5	 6	212.515	0.317
26	 5	 7	211.487	0.312
26	 6	 0	218.375	0.327
26	 6	 1	217.382	0.285
26	 6	 2	216.433	0.308
26	 6	 3	215.346	0.328
26	 6	 4	214.432	0.304
26	 6	 5	213.433	0.313
26	 6	 6	212.523	0.323
26	 6	 7	211.448	0.322
26	 7	 0	218.374	0.302
26	 7	 1	217.354	0.308
26	 7	 2	216.518	0.322
26	 7	 3	215.357	0.325
26	 7	 4	214.440	0.324
26	 7	 5	213.413	0.286
26	 7	 6	212.531	0.303
26	 7	 7	211.522	0.329
27	 0	 0	217.201	0.488
27	 0	 1	216.088	0.529
27	 0	 2	215.093	0.537
27	 0	 3	214.035	0.523
27	 0	 4	213.109	0.511
27	 0	 5	212.088	0.519
27	 0	 6	211.148	0.517
27	 0	 7	210.066	0.537
27	 1	 0	217.161	0.450
27	 1	 1	216.032	0.437
27	 1	 2	215.104	0.463
27	 1	 3	214.031	0.458
27	 1	 4	213.126	0.450
27	 1	 5	212.134	0.451
27	 1	 6	211.114	0.451
27	 1	 7	210.071	0.458
27	 2	 0	217.134	0.399
27	 2	 1	216.084	0.405
27	 2	 2	215.110	0.412
27	 2	 3	213.996	0.419
27	 2	 4	213.156	0.369
27	 2	 5	212.126	0.370
27	 2	 6	211.107	0.402
27	 2	 7	210.037	0.382
27	 3	 0	217.124	0.321
27	 3	 1	216.100	0.363
27	 3	 2	215.107	0.378
27	 3	 3	214.028	0.391
27	 3	 4	213.151	0.345
27	 3	 5	212.078	0.349
27	 3	 6	211.145	0.348
27	 3	 7	210.051	0.392
27	 4	 0	217.170	0.367
27	 4	 1	216.102	0.358
27	 4	 2	215.086	0.296
27	 4	 3	213.978	0.300
27	 4	 4	213.156	0.328
27	 4	 5	212.046	0.339
27	 4	 6	211.122	0.333
27	 4	 7	210.021	0.349
27	 5	 0	217.125	0.355
27	 5	 1	216.090	0.319
27	 5	 2	215.121	0.320
27	 5	 3	214.052	0.314
27	 5	 4	213.129	0.338
27	 5	 5	212.095	0.299
27	 5	 6	211.158	0.349
27	 5	 7	210.032	0.293
27	 6	 0	217.122	0.305
27	 6	 1	216.104	0.356
27	 6	 2	215.113	0.334
27	 6	 3	214.033	0.341
27	 6	 4	213.135	0.328
27	 6	 5	212.100	0.329
27	 6	 6	211.102	0.252
27	 6	 7	210.030	0.349
27	 7	 0	217.122	0.305
27	 7	 1	216.082	0.335
27	 7	 2	215.129	0.339
27	 7	 3	214.040	0.307
27	 7	 4	213.084	0.298
27	 7	 5	212.093	0.262
27	 7	 6	211.121	0.349
27	 7	 7	210.044	0.329
28	 0	 0	217.141	0.461
28	 0	 1	216.062	0.474
28	 0	 2	215.095	0.463
28	 0	 3	214.050	0.453
28	 0	 4	213.226	0.438
28	 0	 5	212.150	0.450
28	 0	 6	211.183	0.512
28	 0	 7	210.132	0.497
28	 1	 0	217.200	0.381
28	 1	 1	216.093	0.408
28	 1	 2	215.089	0.426
28	 1	 3	214.060	0.362
28	 1	 4	213.205	0.375
28	 1	 5	212.210	0.381
28	 1	 6	211.187	0.392
28	 1	 7	210.130	0.439
28	 2	 0	217.118	0.324
28	 2	 1	216.072	0.384
28	 2	 2	215.076	0.385
28	 2	 3	213.984	0.360
28	 2	 4	213.164	0.333
28	 2	 5	212.189	0.349
28	 2	 6	211.169	0.363
28	 2	 7	210.109	0.364
28	 3	 0	217.105	0.348
28	 3	 1	216.065	0.355
28	 3	 2	215.083	0.352
28	 3	 3	214.044	0.333
28	 3	 4	213.241	0.326
28	 3	 5	212.163	0.347
28	 3	 6	211.185	0.351
28	 3	 7	210.072	0.336
28	 4	 0	217.140	0.299
28	 4	 1	216.066	0.282
28	 4	 2	215.088	0.303
28	 4	 3	213.993	0.345
28	 4	 4	213.185	0.297
28	 4	 5	212.158	0.318
28	 4	 6	211.133	0.327
28	 4	 7	210.102	0.351
28	 5	 0	217.164	0.333
28	 5	 1	216.071	0.272
28	 5	 2	215.078	0.303
28	 5	 3	214.018	0.309
28	 5	 4	213.174	0.288
28	 5	 5	212.123	0.288
28	 5	 6	211.186	0.307
28	 5	 7	210.078	0.298
28	 6	 0	217.095	0.330
28	 6	 1	216.052	0.306
28	 6	 2	215.085	0.332
28	 6	 3	214.005	0.324
28	 6	 4	213.179	0.299
28	 6	 5	212.130	0.286
28	 6	 6	211.096	0.329
28	 6	 7	210.105	0.290
28	 7	 0	217.148	0.311
28	 7	 1	216.055	0.359
28	 7	 2	215.074	0.305
28	 7	 3	214.035	0.276
28	 7	 4	213.196	0.327
28	 7	 5	212.116	0.245
28	 7	 6	211.157	0.327
28	 7	 7	210.087	0.259
29	 0	 0	218.192	0.416
29	 0	 1	217.155	0.419
29	 0	 2	216.165	0.451
29	 0	 3	215.027	0.463
29	 0	 4	214.161	0.438
29	 0	 5	213.165	0.422
29	 0	 6	212.234	0.424
29	 0	 7	211.125	0.460
29	 1	 0	218.140	0.351
29	 1	 1	217.161	0.361
29	 1	 2	216.057	0.393
29	 1	 3	215.030	0.416
29	 1	 4	214.200	0.386
29	 1	 5	213.179	0.364
29	 1	 6	212.128	0.394
29	 1	 7	211.084	0.382
29	 2	 0	218.146	0.311
29	 2	 1	217.085	0.332
29	 2	 2	216.146	0.348
29	 2	 3	215.079	0.357
29	 2	 4	214.113	0.324
29	 2	 5	213.100	0.350
29	 2	 6	212.206	0.347
29	 2	 7	211.072	0.353
29	 3	 0	218.152	0.329
29	 3	 1	217.084	0.317
29	 3	 2	216.159	0.326
29	 3	 3	215.086	0.343
29	 3	 4	214.105	0.293
29	 3	 5	213.154	0.384
29	 3	 6	212.181	0.318
29	 3	 7	211.108	0.326
29	 4	 0	218.118	0.286
29	 4	 1	217.138	0.325
29	 4	 2	216.120	0.320
29	 4	 3	215.096	0.346
29	 4	 4	214.129	0.339
29	 4	 5	213.143	0.323
29	 4	 6	212.189	0.295
29	 4	 7	211.085	0.318
29	 5	 0	218.126	0.306
29	 5	 1	217.161	0.334
29	 5	 2	216.119	0.320
29	 5	 3	215.058	0.331
29	 5	 4	214.143	0.298
29	 5	 5	213.131	0.328
29	 5	 6	212.149	0.310
29	 5	 7	211.098	0.317
29	 6	 0	218.114	0.248
29	 6	 1	217.135	0.336
29	 6	 2	216.111	0.290
29	 6	 3	215.067	0.328
29	 6	 4	214.139	0.324
29	 6	 5	213.110	0.290
29	 6	 6	212.198	0.319
29	 6	 7	211.127	0.340
29	 7	 0	218.141	0.300
29	 7	 1	217.130	0.282
29	 7	 2	216.096	0.265
29	 7	 3	215.044	0.328
29	 7	 4	214.171	0.344
29	 7	 5	213.157	0.327
29	 7	 6	212.121	0.320
29	 7	 7	211.120	0.351
30	 0	 0	229.183	0.378
30	 0	 1	228.154	0.400
30	 0	 2	227.198	0.434
30	 0	 3	226.144	0.406
30	 0	 4	225.226	0.412
30	 0	 5	224.177	0.427
30	 0	 6	223.187	0.419
30	 0	 7	222.138	0.399
30	 1	 0	229.152	0.346
30	 1	 1	228.126	0.364
30	 1	 2	227.194	0.376
30	 1	 3	226.137	0.383
30	 1	 4	225.214	0.367
30	 1	 5	224.172	0.350
30	 1	 6	223.173	0.337
30	 1	 7	222.127	0.382
30	 2	 0	229.136	0.315
30	 2	 1	228.127	0.339
30	 2	 2	227.155	0.337
30	 2	 3	226.110	0.314
30	 2	 4	225.196	0.327
30	 2	 5	224.135	0.358
30	 2	 6	223.158	0.343
30	 2	 7	222.107	0.312
30	 3	 0	229.179	0.347
30	 3	 1	228.126	0.305
30	 3	 2	227.144	0.312
30	 3	 3	226.129	0.284
30	 3	 4	225.219	0.346
30	 3	 5	224.105	0.313
30	 3	 6	223.156	0.318
30	 3	 7	222.143	0.313
30	 4	 0	229.150	0.321
30	 4	 1	228.160	0.342
30	 4	 2	227.133	0.316
30	 4	 3	226.097	0.263
30	 4	 4	225.173	0.312
30	 4	 5	224.140	0.313
30	 4	 6	223.130	0.317
30	 4	 7	222.100	0.338
30	 5	 0	229.122	0.250
30	 5	 1	228.101	0.327
30	 5	 2	227.139	0.324
30	 5	 3	226.096	0.319
30	 5	 4	225.182	0.333
30	 5	 5	224.143	0.332
30	 5	 6	223.189	0.323
30	 5	 7	222.108	0.325
30	 6	 0	229.127	0.303
30	 6	 1	228.103	0.293
30	 6	 2	227.104	0.293
30	 6	 3	226.071	0.325
30	 6	 4	225.172	0.322
30	 6	 5	224.091	0.330
30	 6	 6	223.146	0.297
30	 6	 7	222.129	0.317
30	 7	 0	229.108	0.291
30	 7	 1	228.092	0.332
30	 7	 2	227.129	0.328
30	 7	 3	226.077	0.275
30	 7	 4	225.170	0.303
30	 7	 5	224.107	0.326
30	 7	 6	223.095	0.261
30	 7	 7	222.079	0.298
31	 0	 0	222.253	0.410
31	 0	 1	221.083	0.409
31	 0	 2	220.049	0.441
31	 0	 3	218.980	0.393
31	 0	 4	218.224	0.367
31	 0	 5	217.160	0.384
31	 0	 6	216.110	0.444
31	 0	 7	215.003	0.415
31	 1	 0	222.188	0.365
31	 1	 1	221.121	0.344
31	 1	 2	220.082	0.379
31	 1	 3	218.993	0.388
31	 1	 4	218.166	0.347
31	 1	 5	217.139	0.357
31	 1	 6	216.094	0.338
31	 1	 7	215.042	0.383
31	 2	 0	222.203	0.367
31	 2	 1	221.062	0.338
31	 2	 2	220.058	0.354
31	 2	 3	218.996	0.325
31	 2	 4	218.155	0.336
31	 2	 5	217.103	0.341
31	 2	 6	216.111	0.325
31	 2	 7	214.986	0.347
31	 3	 0	222.164	0.347
31	 3	 1	221.054	0.280
31	 3	 2	220.040	0.341
31	 3	 3	219.021	0.285
31	 3	 4	218.145	0.277
31	 3	 5	217.113	0.308
31	 3	 6	216.127	0.317
31	 3	 7	214.961	0.317
31	 4	 0	222.178	0.319
31	 4	 1	221.068	0.304
31	 4	 2	220.026	0.322
31	 4	 3	218.988	0.310
31	 4	 4	218.188	0.296
31	 4	 5	217.083	0.344
31	 4	 6	216.090	0.300
31	 4	 7	214.978	0.308
31	 5	 0	222.187	0.331
31	 5	 1	221.032	0.348
31	 5	 2	220.032	0.281
31	 5	 3	218.969	0.284
31	 5	 4	218.128	0.244
31	 5	 5	217.043	0.347
31	 5	 6	216.075	0.301
31	 5	 7	214.924	0.322
31	 6	 0	222.175	0.321
31	 6	 1	221.011	0.327
31	 6	 2	220.033	0.328
31	 6	 3	218.990	0.307
31	 6	 4	218.128	0.305
31	 6	 5	217.108	0.289
31	 6	 6	216.073	0.301
31	 6	 7	214.971	0.271
31	 7	 0	222.167	0.304
31	 7	 1	221.043	0.282
31	 7	 2	220.040	0.280
31	 7	 3	218.990	0.327
31	 7	 4	218.143	0.323
31	 7	 5	217.062	0.267
31	 7	 6	216.107	0.294
31	 7	 7	214.994	0.338
