ch	pt	fine_thr	a_fit	b_fit
 0	 0	 0	218.009	0.326
 0	 0	 1	216.972	0.343
 0	 0	 2	216.018	0.328
 0	 0	 3	214.898	0.338
 0	 0	 4	213.936	0.349
 0	 0	 5	212.885	0.367
 0	 0	 6	211.940	0.381
 0	 0	 7	210.834	0.384
 0	 1	 0	217.986	0.270
 0	 1	 1	216.934	0.344
 0	 1	 2	216.012	0.327
 0	 1	 3	214.892	0.337
 0	 1	 4	213.932	0.331
 0	 1	 5	212.846	0.301
 0	 1	 6	211.928	0.313
 0	 1	 7	210.739	0.307
 0	 2	 0	218.041	0.328
 0	 2	 1	216.982	0.369
 0	 2	 2	216.002	0.338
 0	 2	 3	214.831	0.274
 0	 2	 4	213.892	0.336
 0	 2	 5	212.840	0.281
 0	 2	 6	211.912	0.300
 0	 2	 7	210.710	0.300
 0	 3	 0	218.013	0.313
 0	 3	 1	216.949	0.285
 0	 3	 2	215.991	0.306
 0	 3	 3	214.816	0.234
 0	 3	 4	213.876	0.255
 0	 3	 5	212.816	0.226
 0	 3	 6	211.888	0.247
 0	 3	 7	210.719	0.271
 0	 4	 0	217.955	0.266
 0	 4	 1	216.857	0.249
 0	 4	 2	215.980	0.284
 0	 4	 3	214.814	0.233
 0	 4	 4	213.879	0.256
 0	 4	 5	212.727	0.254
 0	 4	 6	211.812	0.284
 0	 4	 7	210.712	0.247
 0	 5	 0	218.011	0.270
 0	 5	 1	216.862	0.250
 0	 5	 2	215.909	0.250
 0	 5	 3	214.758	0.263
 0	 5	 4	213.836	0.245
 0	 5	 5	212.722	0.252
 0	 5	 6	211.818	0.229
 0	 5	 7	210.683	0.237
 0	 6	 0	217.933	0.261
 0	 6	 1	216.825	0.269
 0	 6	 2	215.950	0.307
 0	 6	 3	214.758	0.218
 0	 6	 4	213.878	0.256
 0	 6	 5	212.667	0.233
 0	 6	 6	211.802	0.225
 0	 6	 7	210.685	0.222
 0	 7	 0	218.001	0.311
 0	 7	 1	216.787	0.230
 0	 7	 2	215.891	0.246
 0	 7	 3	214.741	0.258
 0	 7	 4	213.856	0.250
 0	 7	 5	212.700	0.195
 0	 7	 6	211.796	0.258
 0	 7	 7	210.607	0.229
 1	 0	 0	222.191	0.377
 1	 0	 1	221.050	0.410
 1	 0	 2	220.088	0.392
 1	 0	 3	218.887	0.362
 1	 0	 4	218.143	0.349
 1	 0	 5	217.065	0.366
 1	 0	 6	216.082	0.418
 1	 0	 7	215.037	0.425
 1	 1	 0	222.142	0.356
 1	 1	 1	221.061	0.305
 1	 1	 2	220.045	0.340
 1	 1	 3	218.955	0.340
 1	 1	 4	218.090	0.302
 1	 1	 5	217.056	0.375
 1	 1	 6	216.144	0.373
 1	 1	 7	214.978	0.375
 1	 2	 0	222.183	0.284
 1	 2	 1	221.046	0.333
 1	 2	 2	220.009	0.284
 1	 2	 3	218.950	0.308
 1	 2	 4	218.137	0.301
 1	 2	 5	217.085	0.317
 1	 2	 6	216.093	0.270
 1	 2	 7	215.089	0.362
 1	 3	 0	222.169	0.303
 1	 3	 1	221.046	0.293
 1	 3	 2	220.042	0.308
 1	 3	 3	218.940	0.278
 1	 3	 4	218.117	0.249
 1	 3	 5	217.063	0.277
 1	 3	 6	216.110	0.311
 1	 3	 7	215.018	0.308
 1	 4	 0	222.133	0.303
 1	 4	 1	221.029	0.310
 1	 4	 2	220.086	0.269
 1	 4	 3	218.910	0.250
 1	 4	 4	218.106	0.253
 1	 4	 5	217.058	0.268
 1	 4	 6	216.045	0.279
 1	 4	 7	215.037	0.307
 1	 5	 0	222.113	0.287
 1	 5	 1	221.076	0.302
 1	 5	 2	219.970	0.321
 1	 5	 3	218.947	0.280
 1	 5	 4	218.050	0.309
 1	 5	 5	216.977	0.275
 1	 5	 6	216.111	0.309
 1	 5	 7	214.980	0.272
 1	 6	 0	222.131	0.245
 1	 6	 1	221.104	0.293
 1	 6	 2	219.944	0.306
 1	 6	 3	218.918	0.252
 1	 6	 4	218.094	0.253
 1	 6	 5	216.995	0.305
 1	 6	 6	216.099	0.294
 1	 6	 7	214.940	0.278
 1	 7	 0	222.100	0.257
 1	 7	 1	221.066	0.256
 1	 7	 2	219.979	0.283
 1	 7	 3	218.910	0.250
 1	 7	 4	218.123	0.284
 1	 7	 5	216.983	0.276
 1	 7	 6	216.115	0.289
 1	 7	 7	215.071	0.270
 2	 0	 0	229.460	0.379
 2	 0	 1	228.289	0.350
 2	 0	 2	227.302	0.343
 2	 0	 3	226.129	0.387
 2	 0	 4	225.297	0.352
 2	 0	 5	224.166	0.365
 2	 0	 6	223.168	0.405
 2	 0	 7	222.014	0.416
 2	 1	 0	229.420	0.306
 2	 1	 1	228.291	0.330
 2	 1	 2	227.283	0.349
 2	 1	 3	226.144	0.312
 2	 1	 4	225.315	0.327
 2	 1	 5	224.149	0.330
 2	 1	 6	223.127	0.330
 2	 1	 7	222.024	0.362
 2	 2	 0	229.396	0.285
 2	 2	 1	228.298	0.311
 2	 2	 2	227.289	0.324
 2	 2	 3	226.168	0.303
 2	 2	 4	225.277	0.337
 2	 2	 5	224.129	0.304
 2	 2	 6	223.146	0.311
 2	 2	 7	222.029	0.313
 2	 3	 0	229.370	0.275
 2	 3	 1	228.259	0.288
 2	 3	 2	227.239	0.295
 2	 3	 3	226.116	0.263
 2	 3	 4	225.226	0.282
 2	 3	 5	224.123	0.287
 2	 3	 6	223.129	0.283
 2	 3	 7	221.997	0.271
 2	 4	 0	229.365	0.299
 2	 4	 1	228.222	0.272
 2	 4	 2	227.260	0.279
 2	 4	 3	226.159	0.306
 2	 4	 4	225.236	0.278
 2	 4	 5	224.105	0.247
 2	 4	 6	223.101	0.292
 2	 4	 7	221.969	0.329
 2	 5	 0	229.400	0.270
 2	 5	 1	228.217	0.274
 2	 5	 2	227.253	0.290
 2	 5	 3	226.137	0.314
 2	 5	 4	225.246	0.293
 2	 5	 5	224.142	0.299
 2	 5	 6	223.059	0.270
 2	 5	 7	222.041	0.311
 2	 6	 0	229.402	0.275
 2	 6	 1	228.201	0.259
 2	 6	 2	227.239	0.287
 2	 6	 3	226.125	0.304
 2	 6	 4	225.239	0.265
 2	 6	 5	224.128	0.304
 2	 6	 6	223.093	0.295
 2	 6	 7	222.018	0.270
 2	 7	 0	229.362	0.286
 2	 7	 1	228.258	0.271
 2	 7	 2	227.255	0.297
 2	 7	 3	226.102	0.262
 2	 7	 4	225.238	0.296
 2	 7	 5	224.126	0.306
 2	 7	 6	223.061	0.269
 2	 7	 7	221.973	0.294
 3	 0	 0	209.687	0.400
 3	 0	 1	208.622	0.393
 3	 0	 2	207.602	0.389
 3	 0	 3	206.463	0.371
 3	 0	 4	205.641	0.385
 3	 0	 5	204.508	0.391
 3	 0	 6	203.467	0.401
 3	 0	 7	202.411	0.422
 3	 1	 0	209.689	0.332
 3	 1	 1	208.595	0.358
 3	 1	 2	207.612	0.347
 3	 1	 3	206.501	0.333
 3	 1	 4	205.632	0.339
 3	 1	 5	204.491	0.336
 3	 1	 6	203.527	0.379
 3	 1	 7	202.410	0.350
 3	 2	 0	209.738	0.312
 3	 2	 1	208.589	0.352
 3	 2	 2	207.609	0.329
 3	 2	 3	206.465	0.331
 3	 2	 4	205.624	0.324
 3	 2	 5	204.489	0.321
 3	 2	 6	203.500	0.330
 3	 2	 7	202.434	0.334
 3	 3	 0	209.685	0.312
 3	 3	 1	208.615	0.314
 3	 3	 2	207.601	0.314
 3	 3	 3	206.526	0.298
 3	 3	 4	205.605	0.314
 3	 3	 5	204.478	0.321
 3	 3	 6	203.501	0.338
 3	 3	 7	202.387	0.318
 3	 4	 0	209.717	0.286
 3	 4	 1	208.554	0.308
 3	 4	 2	207.560	0.302
 3	 4	 3	206.467	0.310
 3	 4	 4	205.591	0.299
 3	 4	 5	204.460	0.298
 3	 4	 6	203.505	0.283
 3	 4	 7	202.407	0.308
 3	 5	 0	209.699	0.318
 3	 5	 1	208.614	0.305
 3	 5	 2	207.594	0.303
 3	 5	 3	206.488	0.284
 3	 5	 4	205.618	0.301
 3	 5	 5	204.465	0.315
 3	 5	 6	203.491	0.293
 3	 5	 7	202.404	0.287
 3	 6	 0	209.713	0.284
 3	 6	 1	208.592	0.305
 3	 6	 2	207.560	0.300
 3	 6	 3	206.446	0.285
 3	 6	 4	205.594	0.311
 3	 6	 5	204.448	0.302
 3	 6	 6	203.493	0.280
 3	 6	 7	202.442	0.277
 3	 7	 0	209.761	0.288
 3	 7	 1	208.548	0.319
 3	 7	 2	207.575	0.308
 3	 7	 3	206.474	0.320
 3	 7	 4	205.606	0.283
 3	 7	 5	204.431	0.298
 3	 7	 6	203.505	0.279
 3	 7	 7	202.393	0.296
 4	 0	 0	223.841	0.409
 4	 0	 1	222.704	0.410
 4	 0	 2	221.812	0.414
 4	 0	 3	220.684	0.401
 4	 0	 4	219.838	0.400
 4	 0	 5	218.717	0.369
 4	 0	 6	217.788	0.479
 4	 0	 7	216.758	0.482
 4	 1	 0	223.828	0.350
 4	 1	 1	222.777	0.358
 4	 1	 2	221.796	0.348
 4	 1	 3	220.616	0.338
 4	 1	 4	219.782	0.351
 4	 1	 5	218.721	0.332
 4	 1	 6	217.773	0.377
 4	 1	 7	216.683	0.398
 4	 2	 0	223.888	0.323
 4	 2	 1	222.653	0.327
 4	 2	 2	221.757	0.340
 4	 2	 3	220.622	0.326
 4	 2	 4	219.781	0.303
 4	 2	 5	218.626	0.322
 4	 2	 6	217.752	0.351
 4	 2	 7	216.687	0.338
 4	 3	 0	223.851	0.278
 4	 3	 1	222.664	0.323
 4	 3	 2	221.765	0.305
 4	 3	 3	220.669	0.316
 4	 3	 4	219.783	0.295
 4	 3	 5	218.714	0.302
 4	 3	 6	217.798	0.318
 4	 3	 7	216.668	0.338
 4	 4	 0	223.821	0.268
 4	 4	 1	222.787	0.313
 4	 4	 2	221.785	0.296
 4	 4	 3	220.572	0.302
 4	 4	 4	219.766	0.297
 4	 4	 5	218.735	0.285
 4	 4	 6	217.782	0.331
 4	 4	 7	216.701	0.327
 4	 5	 0	223.806	0.281
 4	 5	 1	222.710	0.300
 4	 5	 2	221.711	0.306
 4	 5	 3	220.678	0.308
 4	 5	 4	219.780	0.284
 4	 5	 5	218.652	0.317
 4	 5	 6	217.770	0.306
 4	 5	 7	216.690	0.333
 4	 6	 0	223.765	0.289
 4	 6	 1	222.754	0.300
 4	 6	 2	221.757	0.294
 4	 6	 3	220.654	0.308
 4	 6	 4	219.763	0.278
 4	 6	 5	218.704	0.292
 4	 6	 6	217.752	0.312
 4	 6	 7	216.678	0.312
 4	 7	 0	223.793	0.308
 4	 7	 1	222.721	0.280
 4	 7	 2	221.808	0.322
 4	 7	 3	220.611	0.314
 4	 7	 4	219.771	0.307
 4	 7	 5	218.618	0.281
 4	 7	 6	217.829	0.235
 4	 7	 7	216.618	0.301
 5	 0	 0	227.017	0.463
 5	 0	 1	225.943	0.430
 5	 0	 2	225.011	0.387
 5	 0	 3	223.909	0.436
 5	 0	 4	223.050	0.418
 5	 0	 5	221.899	0.402
 5	 0	 6	221.046	0.557
 5	 0	 7	219.843	0.479
 5	 1	 0	227.075	0.352
 5	 1	 1	225.885	0.362
 5	 1	 2	224.987	0.366
 5	 1	 3	223.895	0.342
 5	 1	 4	222.982	0.388
 5	 1	 5	221.862	0.382
 5	 1	 6	220.971	0.478
 5	 1	 7	219.792	0.418
 5	 2	 0	227.078	0.301
 5	 2	 1	225.919	0.318
 5	 2	 2	225.009	0.362
 5	 2	 3	223.870	0.338
 5	 2	 4	223.057	0.311
 5	 2	 5	221.916	0.343
 5	 2	 6	220.902	0.432
 5	 2	 7	219.813	0.379
 5	 3	 0	227.110	0.335
 5	 3	 1	225.875	0.285
 5	 3	 2	224.948	0.327
 5	 3	 3	223.880	0.306
 5	 3	 4	222.981	0.327
 5	 3	 5	221.854	0.311
 5	 3	 6	220.893	0.385
 5	 3	 7	219.893	0.314
 5	 4	 0	227.059	0.306
 5	 4	 1	225.902	0.293
 5	 4	 2	224.994	0.273
 5	 4	 3	223.837	0.291
 5	 4	 4	223.021	0.276
 5	 4	 5	221.870	0.337
 5	 4	 6	220.942	0.335
 5	 4	 7	219.893	0.294
 5	 5	 0	227.074	0.254
 5	 5	 1	225.920	0.299
 5	 5	 2	225.021	0.272
 5	 5	 3	223.860	0.281
 5	 5	 4	223.003	0.277
 5	 5	 5	221.880	0.320
 5	 5	 6	220.945	0.279
 5	 5	 7	219.801	0.292
 5	 6	 0	227.029	0.284
 5	 6	 1	225.845	0.307
 5	 6	 2	224.988	0.302
 5	 6	 3	223.895	0.263
 5	 6	 4	222.992	0.307
 5	 6	 5	221.889	0.310
 5	 6	 6	220.933	0.323
 5	 6	 7	219.878	0.287
 5	 7	 0	227.066	0.310
 5	 7	 1	225.922	0.299
 5	 7	 2	225.033	0.271
 5	 7	 3	223.914	0.274
 5	 7	 4	222.973	0.321
 5	 7	 5	221.879	0.307
 5	 7	 6	220.971	0.284
 5	 7	 7	219.909	0.268
 6	 0	 0	220.827	0.432
 6	 0	 1	219.713	0.434
 6	 0	 2	218.523	0.440
 6	 0	 3	217.433	0.435
 6	 0	 4	216.537	0.427
 6	 0	 5	215.450	0.462
 6	 0	 6	214.474	0.500
 6	 0	 7	213.360	0.521
 6	 1	 0	220.765	0.394
 6	 1	 1	219.672	0.363
 6	 1	 2	218.521	0.371
 6	 1	 3	217.487	0.374
 6	 1	 4	216.541	0.411
 6	 1	 5	215.581	0.467
 6	 1	 6	214.454	0.463
 6	 1	 7	213.390	0.443
 6	 2	 0	220.841	0.342
 6	 2	 1	219.455	0.349
 6	 2	 2	218.503	0.330
 6	 2	 3	217.406	0.350
 6	 2	 4	216.520	0.342
 6	 2	 5	215.613	0.355
 6	 2	 6	214.418	0.408
 6	 2	 7	213.306	0.400
 6	 3	 0	220.617	0.350
 6	 3	 1	219.449	0.323
 6	 3	 2	218.540	0.318
 6	 3	 3	217.426	0.321
 6	 3	 4	216.531	0.343
 6	 3	 5	215.628	0.334
 6	 3	 6	214.407	0.383
 6	 3	 7	213.328	0.363
 6	 4	 0	220.565	0.329
 6	 4	 1	219.443	0.318
 6	 4	 2	218.486	0.307
 6	 4	 3	217.459	0.323
 6	 4	 4	216.546	0.342
 6	 4	 5	215.590	0.323
 6	 4	 6	214.372	0.356
 6	 4	 7	213.284	0.345
 6	 5	 0	220.791	0.345
 6	 5	 1	219.441	0.323
 6	 5	 2	218.516	0.303
 6	 5	 3	217.395	0.311
 6	 5	 4	216.570	0.325
 6	 5	 5	215.395	0.329
 6	 5	 6	214.399	0.348
 6	 5	 7	213.287	0.347
 6	 6	 0	220.772	0.337
 6	 6	 1	219.455	0.307
 6	 6	 2	218.498	0.299
 6	 6	 3	217.437	0.313
 6	 6	 4	216.486	0.314
 6	 6	 5	215.357	0.331
 6	 6	 6	214.399	0.338
 6	 6	 7	213.259	0.319
 6	 7	 0	220.776	0.322
 6	 7	 1	219.448	0.322
 6	 7	 2	218.428	0.302
 6	 7	 3	217.372	0.299
 6	 7	 4	216.534	0.321
 6	 7	 5	215.385	0.337
 6	 7	 6	214.371	0.347
 6	 7	 7	213.282	0.331
 7	 0	 0	225.633	0.442
 7	 0	 1	224.492	0.444
 7	 0	 2	223.491	0.462
 7	 0	 3	222.390	0.478
 7	 0	 4	221.495	0.468
 7	 0	 5	220.342	0.448
 7	 0	 6	219.417	0.523
 7	 0	 7	218.300	0.553
 7	 1	 0	225.625	0.375
 7	 1	 1	224.476	0.382
 7	 1	 2	223.446	0.356
 7	 1	 3	222.346	0.358
 7	 1	 4	221.439	0.395
 7	 1	 5	220.370	0.365
 7	 1	 6	219.380	0.452
 7	 1	 7	218.323	0.457
 7	 2	 0	225.610	0.332
 7	 2	 1	224.533	0.361
 7	 2	 2	223.408	0.340
 7	 2	 3	222.319	0.350
 7	 2	 4	221.434	0.334
 7	 2	 5	220.358	0.341
 7	 2	 6	219.396	0.412
 7	 2	 7	218.301	0.418
 7	 3	 0	225.599	0.321
 7	 3	 1	224.440	0.328
 7	 3	 2	223.423	0.311
 7	 3	 3	222.340	0.331
 7	 3	 4	221.439	0.337
 7	 3	 5	220.306	0.348
 7	 3	 6	219.371	0.369
 7	 3	 7	218.307	0.369
 7	 4	 0	225.541	0.333
 7	 4	 1	224.404	0.317
 7	 4	 2	223.425	0.320
 7	 4	 3	222.322	0.330
 7	 4	 4	221.410	0.301
 7	 4	 5	220.358	0.341
 7	 4	 6	219.317	0.360
 7	 4	 7	218.270	0.366
 7	 5	 0	225.588	0.289
 7	 5	 1	224.460	0.304
 7	 5	 2	223.417	0.310
 7	 5	 3	222.274	0.326
 7	 5	 4	221.407	0.305
 7	 5	 5	220.317	0.336
 7	 5	 6	219.283	0.338
 7	 5	 7	218.270	0.309
 7	 6	 0	225.558	0.306
 7	 6	 1	224.416	0.310
 7	 6	 2	223.407	0.313
 7	 6	 3	222.290	0.314
 7	 6	 4	221.378	0.315
 7	 6	 5	220.296	0.321
 7	 6	 6	219.247	0.306
 7	 6	 7	218.256	0.325
 7	 7	 0	225.471	0.304
 7	 7	 1	224.451	0.301
 7	 7	 2	223.388	0.307
 7	 7	 3	222.264	0.293
 7	 7	 4	221.350	0.303
 7	 7	 5	220.273	0.331
 7	 7	 6	219.269	0.309
 7	 7	 7	218.155	0.328
 8	 0	 0	226.675	0.531
 8	 0	 1	225.621	0.494
 8	 0	 2	224.596	0.519
 8	 0	 3	223.517	0.520
 8	 0	 4	222.558	0.483
 8	 0	 5	221.455	0.512
 8	 0	 6	220.421	0.646
 8	 0	 7	219.242	0.712
 8	 1	 0	226.670	0.390
 8	 1	 1	225.582	0.414
 8	 1	 2	224.619	0.418
 8	 1	 3	223.494	0.424
 8	 1	 4	222.475	0.430
 8	 1	 5	221.369	0.417
 8	 1	 6	220.338	0.517
 8	 1	 7	219.294	0.569
 8	 2	 0	226.676	0.381
 8	 2	 1	225.550	0.406
 8	 2	 2	224.597	0.412
 8	 2	 3	223.476	0.395
 8	 2	 4	222.418	0.384
 8	 2	 5	221.381	0.391
 8	 2	 6	220.317	0.515
 8	 2	 7	219.227	0.483
 8	 3	 0	226.694	0.444
 8	 3	 1	225.580	0.409
 8	 3	 2	224.592	0.387
 8	 3	 3	223.502	0.399
 8	 3	 4	222.426	0.418
 8	 3	 5	221.375	0.428
 8	 3	 6	220.270	0.502
 8	 3	 7	219.212	0.472
 8	 4	 0	226.654	0.432
 8	 4	 1	225.567	0.413
 8	 4	 2	224.512	0.410
 8	 4	 3	223.441	0.438
 8	 4	 4	222.424	0.467
 8	 4	 5	221.303	0.431
 8	 4	 6	220.265	0.486
 8	 4	 7	219.181	0.439
 8	 5	 0	226.562	0.459
 8	 5	 1	225.531	0.464
 8	 5	 2	224.524	0.444
 8	 5	 3	223.462	0.480
 8	 5	 4	222.425	0.475
 8	 5	 5	221.323	0.485
 8	 5	 6	220.287	0.504
 8	 5	 7	219.197	0.454
 8	 6	 0	226.619	0.476
 8	 6	 1	225.479	0.519
 8	 6	 2	224.610	0.463
 8	 6	 3	223.409	0.490
 8	 6	 4	222.423	0.487
 8	 6	 5	221.290	0.474
 8	 6	 6	220.231	0.482
 8	 6	 7	219.163	0.476
 8	 7	 0	226.651	0.537
 8	 7	 1	225.488	0.503
 8	 7	 2	224.566	0.517
 8	 7	 3	223.432	0.498
 8	 7	 4	222.426	0.542
 8	 7	 5	221.219	0.524
 8	 7	 6	220.241	0.481
 8	 7	 7	219.132	0.523
 9	 0	 0	219.322	0.458
 9	 0	 1	218.309	0.457
 9	 0	 2	217.289	0.443
 9	 0	 3	216.227	0.483
 9	 0	 4	215.244	0.436
 9	 0	 5	214.162	0.462
 9	 0	 6	213.209	0.560
 9	 0	 7	212.189	0.585
 9	 1	 0	219.302	0.385
 9	 1	 1	218.236	0.396
 9	 1	 2	217.318	0.417
 9	 1	 3	216.188	0.418
 9	 1	 4	215.271	0.385
 9	 1	 5	214.020	0.430
 9	 1	 6	213.186	0.504
 9	 1	 7	212.135	0.534
 9	 2	 0	219.267	0.374
 9	 2	 1	218.233	0.373
 9	 2	 2	217.260	0.377
 9	 2	 3	216.195	0.366
 9	 2	 4	215.225	0.388
 9	 2	 5	214.105	0.358
 9	 2	 6	213.215	0.441
 9	 2	 7	212.095	0.509
 9	 3	 0	219.303	0.382
 9	 3	 1	218.285	0.389
 9	 3	 2	217.237	0.372
 9	 3	 3	216.191	0.406
 9	 3	 4	215.224	0.399
 9	 3	 5	214.133	0.385
 9	 3	 6	213.197	0.449
 9	 3	 7	212.009	0.462
 9	 4	 0	219.287	0.385
 9	 4	 1	218.227	0.391
 9	 4	 2	217.239	0.398
 9	 4	 3	216.174	0.417
 9	 4	 4	215.217	0.413
 9	 4	 5	214.041	0.412
 9	 4	 6	213.187	0.434
 9	 4	 7	212.023	0.445
 9	 5	 0	219.280	0.425
 9	 5	 1	218.235	0.410
 9	 5	 2	217.237	0.402
 9	 5	 3	216.156	0.442
 9	 5	 4	215.168	0.434
 9	 5	 5	214.142	0.432
 9	 5	 6	213.166	0.435
 9	 5	 7	212.083	0.475
 9	 6	 0	219.289	0.442
 9	 6	 1	218.172	0.412
 9	 6	 2	217.315	0.457
 9	 6	 3	216.158	0.463
 9	 6	 4	215.206	0.481
 9	 6	 5	214.105	0.448
 9	 6	 6	213.216	0.455
 9	 6	 7	212.099	0.439
 9	 7	 0	219.318	0.478
 9	 7	 1	218.233	0.465
 9	 7	 2	217.307	0.488
 9	 7	 3	216.195	0.459
 9	 7	 4	215.216	0.507
 9	 7	 5	214.071	0.480
 9	 7	 6	213.216	0.470
 9	 7	 7	212.115	0.521
10	 0	 0	228.899	0.420
10	 0	 1	227.763	0.422
10	 0	 2	226.777	0.458
10	 0	 3	225.676	0.418
10	 0	 4	224.682	0.434
10	 0	 5	223.567	0.413
10	 0	 6	222.562	0.513
10	 0	 7	221.426	0.507
10	 1	 0	228.907	0.398
10	 1	 1	227.742	0.401
10	 1	 2	226.721	0.374
10	 1	 3	225.596	0.381
10	 1	 4	224.660	0.404
10	 1	 5	223.544	0.369
10	 1	 6	222.530	0.463
10	 1	 7	221.421	0.424
10	 2	 0	228.895	0.430
10	 2	 1	227.747	0.375
10	 2	 2	226.711	0.356
10	 2	 3	225.566	0.372
10	 2	 4	224.622	0.357
10	 2	 5	223.440	0.389
10	 2	 6	222.523	0.404
10	 2	 7	221.469	0.431
10	 3	 0	228.866	0.410
10	 3	 1	227.694	0.404
10	 3	 2	226.682	0.368
10	 3	 3	225.533	0.390
10	 3	 4	224.573	0.404
10	 3	 5	223.483	0.342
10	 3	 6	222.517	0.440
10	 3	 7	221.404	0.392
10	 4	 0	228.800	0.386
10	 4	 1	227.667	0.396
10	 4	 2	226.703	0.404
10	 4	 3	225.506	0.391
10	 4	 4	224.575	0.411
10	 4	 5	223.441	0.390
10	 4	 6	222.531	0.396
10	 4	 7	221.451	0.392
10	 5	 0	228.830	0.448
10	 5	 1	227.705	0.461
10	 5	 2	226.718	0.416
10	 5	 3	225.532	0.428
10	 5	 4	224.558	0.404
10	 5	 5	223.427	0.435
10	 5	 6	222.470	0.451
10	 5	 7	221.367	0.451
10	 6	 0	228.815	0.485
10	 6	 1	227.645	0.454
10	 6	 2	226.637	0.460
10	 6	 3	225.491	0.471
10	 6	 4	224.531	0.436
10	 6	 5	223.449	0.446
10	 6	 6	222.472	0.453
10	 6	 7	221.344	0.431
10	 7	 0	228.821	0.488
10	 7	 1	227.693	0.507
10	 7	 2	226.667	0.486
10	 7	 3	225.505	0.475
10	 7	 4	224.595	0.475
10	 7	 5	223.437	0.461
10	 7	 6	222.432	0.463
10	 7	 7	221.304	0.459
11	 0	 0	217.501	0.389
11	 0	 1	216.267	0.432
11	 0	 2	215.331	0.425
11	 0	 3	214.228	0.423
11	 0	 4	213.387	0.443
11	 0	 5	212.242	0.449
11	 0	 6	211.193	0.506
11	 0	 7	210.073	0.559
11	 1	 0	217.434	0.352
11	 1	 1	216.341	0.379
11	 1	 2	215.341	0.345
11	 1	 3	214.183	0.362
11	 1	 4	213.352	0.370
11	 1	 5	212.170	0.351
11	 1	 6	211.184	0.435
11	 1	 7	210.094	0.468
11	 2	 0	217.394	0.357
11	 2	 1	216.331	0.364
11	 2	 2	215.324	0.370
11	 2	 3	214.155	0.379
11	 2	 4	213.296	0.346
11	 2	 5	212.188	0.355
11	 2	 6	211.184	0.398
11	 2	 7	210.086	0.411
11	 3	 0	217.396	0.345
11	 3	 1	216.317	0.355
11	 3	 2	215.315	0.350
11	 3	 3	214.202	0.388
11	 3	 4	213.282	0.356
11	 3	 5	212.175	0.365
11	 3	 6	211.180	0.364
11	 3	 7	209.969	0.385
11	 4	 0	217.414	0.360
11	 4	 1	216.268	0.363
11	 4	 2	215.303	0.382
11	 4	 3	214.127	0.362
11	 4	 4	213.303	0.362
11	 4	 5	212.167	0.400
11	 4	 6	211.101	0.401
11	 4	 7	210.000	0.388
11	 5	 0	217.400	0.407
11	 5	 1	216.287	0.347
11	 5	 2	215.332	0.386
11	 5	 3	214.189	0.402
11	 5	 4	213.310	0.383
11	 5	 5	212.133	0.403
11	 5	 6	211.185	0.380
11	 5	 7	210.032	0.417
11	 6	 0	217.384	0.443
11	 6	 1	216.298	0.398
11	 6	 2	215.321	0.434
11	 6	 3	214.180	0.411
11	 6	 4	213.340	0.399
11	 6	 5	212.122	0.400
11	 6	 6	211.118	0.434
11	 6	 7	210.043	0.424
11	 7	 0	217.392	0.425
11	 7	 1	216.281	0.458
11	 7	 2	215.317	0.437
11	 7	 3	214.156	0.446
11	 7	 4	213.301	0.422
11	 7	 5	212.149	0.425
11	 7	 6	211.185	0.420
11	 7	 7	209.992	0.446
12	 0	 0	220.297	0.404
12	 0	 1	219.309	0.376
12	 0	 2	218.303	0.362
12	 0	 3	217.209	0.417
12	 0	 4	216.276	0.394
12	 0	 5	215.217	0.396
12	 0	 6	214.272	0.474
12	 0	 7	213.171	0.474
12	 1	 0	220.302	0.329
12	 1	 1	219.211	0.384
12	 1	 2	218.289	0.336
12	 1	 3	217.260	0.337
12	 1	 4	216.265	0.358
12	 1	 5	215.204	0.342
12	 1	 6	214.210	0.405
12	 1	 7	213.189	0.407
12	 2	 0	220.266	0.342
12	 2	 1	219.257	0.346
12	 2	 2	218.224	0.322
12	 2	 3	217.238	0.356
12	 2	 4	216.291	0.327
12	 2	 5	215.166	0.359
12	 2	 6	214.236	0.420
12	 2	 7	213.147	0.379
12	 3	 0	220.288	0.381
12	 3	 1	219.195	0.362
12	 3	 2	218.286	0.341
12	 3	 3	217.174	0.329
12	 3	 4	216.286	0.364
12	 3	 5	215.266	0.354
12	 3	 6	214.172	0.395
12	 3	 7	213.156	0.380
12	 4	 0	220.230	0.382
12	 4	 1	219.214	0.387
12	 4	 2	218.290	0.381
12	 4	 3	217.124	0.349
12	 4	 4	216.285	0.386
12	 4	 5	215.185	0.381
12	 4	 6	214.247	0.410
12	 4	 7	213.099	0.368
12	 5	 0	220.259	0.415
12	 5	 1	219.190	0.398
12	 5	 2	218.237	0.389
12	 5	 3	217.219	0.398
12	 5	 4	216.297	0.425
12	 5	 5	215.221	0.439
12	 5	 6	214.203	0.436
12	 5	 7	213.147	0.407
12	 6	 0	220.231	0.483
12	 6	 1	219.173	0.453
12	 6	 2	218.277	0.445
12	 6	 3	217.220	0.462
12	 6	 4	216.310	0.456
12	 6	 5	215.183	0.448
12	 6	 6	214.160	0.441
12	 6	 7	213.093	0.459
12	 7	 0	220.293	0.474
12	 7	 1	219.239	0.462
12	 7	 2	218.295	0.426
12	 7	 3	217.247	0.445
12	 7	 4	216.289	0.425
12	 7	 5	215.228	0.479
12	 7	 6	214.261	0.465
12	 7	 7	213.151	0.473
13	 0	 0	227.104	0.429
13	 0	 1	225.968	0.369
13	 0	 2	224.984	0.382
13	 0	 3	223.945	0.375
13	 0	 4	222.928	0.436
13	 0	 5	221.860	0.401
13	 0	 6	220.875	0.482
13	 0	 7	219.841	0.438
13	 1	 0	227.033	0.393
13	 1	 1	225.905	0.388
13	 1	 2	224.941	0.347
13	 1	 3	223.876	0.411
13	 1	 4	222.985	0.371
13	 1	 5	221.892	0.337
13	 1	 6	220.913	0.376
13	 1	 7	219.749	0.383
13	 2	 0	227.094	0.331
13	 2	 1	225.981	0.401
13	 2	 2	225.052	0.385
13	 2	 3	223.889	0.344
13	 2	 4	222.928	0.375
13	 2	 5	221.908	0.347
13	 2	 6	220.909	0.371
13	 2	 7	219.754	0.352
13	 3	 0	227.021	0.413
13	 3	 1	226.055	0.399
13	 3	 2	224.930	0.413
13	 3	 3	223.851	0.403
13	 3	 4	222.976	0.395
13	 3	 5	221.865	0.393
13	 3	 6	220.868	0.396
13	 3	 7	219.753	0.371
13	 4	 0	227.119	0.405
13	 4	 1	225.904	0.401
13	 4	 2	224.957	0.438
13	 4	 3	223.860	0.407
13	 4	 4	222.900	0.438
13	 4	 5	221.845	0.430
13	 4	 6	220.870	0.418
13	 4	 7	219.786	0.408
13	 5	 0	227.074	0.455
13	 5	 1	226.066	0.433
13	 5	 2	225.068	0.455
13	 5	 3	223.948	0.469
13	 5	 4	222.901	0.468
13	 5	 5	221.837	0.487
13	 5	 6	220.963	0.460
13	 5	 7	219.767	0.447
13	 6	 0	227.123	0.519
13	 6	 1	226.018	0.480
13	 6	 2	225.085	0.475
13	 6	 3	223.937	0.514
13	 6	 4	222.975	0.515
13	 6	 5	221.833	0.490
13	 6	 6	220.859	0.527
13	 6	 7	219.723	0.493
13	 7	 0	227.043	0.557
13	 7	 1	226.121	0.545
13	 7	 2	224.975	0.527
13	 7	 3	223.987	0.543
13	 7	 4	223.003	0.517
13	 7	 5	221.853	0.542
13	 7	 6	220.849	0.516
13	 7	 7	219.840	0.510
14	 0	 0	223.423	0.373
14	 0	 1	222.331	0.382
14	 0	 2	221.441	0.383
14	 0	 3	220.248	0.387
14	 0	 4	219.414	0.383
14	 0	 5	218.323	0.365
14	 0	 6	217.451	0.400
14	 0	 7	216.312	0.416
14	 1	 0	223.376	0.354
14	 1	 1	222.326	0.356
14	 1	 2	221.424	0.334
14	 1	 3	220.314	0.356
14	 1	 4	219.370	0.343
14	 1	 5	218.357	0.331
14	 1	 6	217.421	0.358
14	 1	 7	216.334	0.378
14	 2	 0	223.366	0.353
14	 2	 1	222.314	0.376
14	 2	 2	221.383	0.355
14	 2	 3	220.263	0.379
14	 2	 4	219.358	0.336
14	 2	 5	218.339	0.346
14	 2	 6	217.437	0.383
14	 2	 7	216.310	0.358
14	 3	 0	223.341	0.361
14	 3	 1	222.293	0.395
14	 3	 2	221.355	0.380
14	 3	 3	220.268	0.401
14	 3	 4	219.346	0.366
14	 3	 5	218.317	0.357
14	 3	 6	217.429	0.381
14	 3	 7	216.290	0.377
14	 4	 0	223.356	0.421
14	 4	 1	222.234	0.432
14	 4	 2	221.283	0.438
14	 4	 3	220.233	0.384
14	 4	 4	219.311	0.389
14	 4	 5	218.299	0.395
14	 4	 6	217.373	0.404
14	 4	 7	216.221	0.433
14	 5	 0	223.386	0.485
14	 5	 1	222.237	0.461
14	 5	 2	221.317	0.451
14	 5	 3	220.237	0.463
14	 5	 4	219.269	0.460
14	 5	 5	218.272	0.424
14	 5	 6	217.378	0.445
14	 5	 7	216.276	0.480
14	 6	 0	223.325	0.485
14	 6	 1	222.285	0.508
14	 6	 2	221.318	0.507
14	 6	 3	220.212	0.505
14	 6	 4	219.317	0.470
14	 6	 5	218.233	0.483
14	 6	 6	217.354	0.466
14	 6	 7	216.281	0.450
14	 7	 0	223.345	0.572
14	 7	 1	222.262	0.524
14	 7	 2	221.314	0.521
14	 7	 3	220.211	0.546
14	 7	 4	219.272	0.529
14	 7	 5	218.227	0.495
14	 7	 6	217.363	0.491
14	 7	 7	216.338	0.529
15	 0	 0	219.239	0.363
15	 0	 1	218.194	0.357
15	 0	 2	217.248	0.362
15	 0	 3	216.107	0.392
15	 0	 4	215.094	0.345
15	 0	 5	213.973	0.379
15	 0	 6	213.014	0.420
15	 0	 7	211.826	0.436
15	 1	 0	219.263	0.351
15	 1	 1	218.190	0.343
15	 1	 2	217.240	0.346
15	 1	 3	216.119	0.367
15	 1	 4	215.047	0.350
15	 1	 5	213.911	0.342
15	 1	 6	213.016	0.341
15	 1	 7	211.871	0.437
15	 2	 0	219.257	0.372
15	 2	 1	218.208	0.346
15	 2	 2	217.204	0.353
15	 2	 3	216.119	0.373
15	 2	 4	215.036	0.354
15	 2	 5	213.904	0.371
15	 2	 6	212.964	0.382
15	 2	 7	211.810	0.364
15	 3	 0	219.267	0.413
15	 3	 1	218.189	0.379
15	 3	 2	217.191	0.390
15	 3	 3	216.077	0.397
15	 3	 4	215.015	0.383
15	 3	 5	213.933	0.367
15	 3	 6	212.922	0.386
15	 3	 7	211.813	0.411
15	 4	 0	219.235	0.422
15	 4	 1	218.181	0.406
15	 4	 2	217.217	0.417
15	 4	 3	216.099	0.440
15	 4	 4	214.996	0.419
15	 4	 5	213.896	0.399
15	 4	 6	212.922	0.419
15	 4	 7	211.743	0.433
15	 5	 0	219.265	0.465
15	 5	 1	218.127	0.457
15	 5	 2	217.173	0.461
15	 5	 3	216.028	0.479
15	 5	 4	215.033	0.480
15	 5	 5	213.913	0.476
15	 5	 6	212.868	0.493
15	 5	 7	211.755	0.434
15	 6	 0	219.264	0.482
15	 6	 1	218.158	0.485
15	 6	 2	217.232	0.546
15	 6	 3	216.045	0.525
15	 6	 4	215.026	0.516
15	 6	 5	213.853	0.523
15	 6	 6	212.945	0.496
15	 6	 7	211.816	0.550
15	 7	 0	219.282	0.544
15	 7	 1	218.156	0.526
15	 7	 2	217.173	0.575
15	 7	 3	216.070	0.564
15	 7	 4	215.067	0.582
15	 7	 5	213.910	0.525
15	 7	 6	212.888	0.535
15	 7	 7	211.768	0.564
16	 0	 0	227.470	0.421
16	 0	 1	226.342	0.373
16	 0	 2	225.345	0.410
16	 0	 3	224.118	0.375
16	 0	 4	223.215	0.393
16	 0	 5	222.138	0.394
16	 0	 6	221.074	0.529
16	 0	 7	219.976	0.494
16	 1	 0	227.435	0.335
16	 1	 1	226.233	0.370
16	 1	 2	225.307	0.337
16	 1	 3	224.053	0.339
16	 1	 4	223.349	0.359
16	 1	 5	222.072	0.370
16	 1	 6	221.089	0.441
16	 1	 7	219.920	0.403
16	 2	 0	227.285	0.355
16	 2	 1	226.171	0.362
16	 2	 2	225.297	0.324
16	 2	 3	224.120	0.334
16	 2	 4	223.200	0.344
16	 2	 5	222.102	0.329
16	 2	 6	221.063	0.412
16	 2	 7	219.909	0.357
16	 3	 0	227.286	0.344
16	 3	 1	226.220	0.324
16	 3	 2	225.257	0.329
16	 3	 3	224.226	0.357
16	 3	 4	223.168	0.339
16	 3	 5	222.109	0.335
16	 3	 6	221.148	0.377
16	 3	 7	219.975	0.379
16	 4	 0	227.420	0.347
16	 4	 1	226.242	0.336
16	 4	 2	225.124	0.340
16	 4	 3	224.125	0.339
16	 4	 4	223.194	0.321
16	 4	 5	222.207	0.308
16	 4	 6	221.039	0.341
16	 4	 7	219.908	0.348
16	 5	 0	227.320	0.331
16	 5	 1	226.229	0.375
16	 5	 2	225.165	0.340
16	 5	 3	224.115	0.323
16	 5	 4	223.184	0.325
16	 5	 5	222.169	0.345
16	 5	 6	221.072	0.325
16	 5	 7	219.913	0.334
16	 6	 0	227.426	0.332
16	 6	 1	226.386	0.351
16	 6	 2	225.272	0.336
16	 6	 3	224.204	0.330
16	 6	 4	223.305	0.355
16	 6	 5	222.088	0.413
16	 6	 6	221.165	0.380
16	 6	 7	220.049	0.389
16	 7	 0	227.385	0.342
16	 7	 1	226.232	0.374
16	 7	 2	225.166	0.358
16	 7	 3	224.186	0.344
16	 7	 4	223.214	0.353
16	 7	 5	222.059	0.380
16	 7	 6	221.041	0.362
16	 7	 7	219.916	0.334
17	 0	 0	222.080	0.379
17	 0	 1	221.007	0.382
17	 0	 2	220.045	0.377
17	 0	 3	218.995	0.395
17	 0	 4	218.018	0.375
17	 0	 5	216.974	0.369
17	 0	 6	216.010	0.476
17	 0	 7	214.880	0.469
17	 1	 0	222.052	0.323
17	 1	 1	220.974	0.337
17	 1	 2	219.993	0.349
17	 1	 3	218.893	0.332
17	 1	 4	218.036	0.321
17	 1	 5	216.960	0.369
17	 1	 6	216.026	0.438
17	 1	 7	214.830	0.436
17	 2	 0	222.100	0.338
17	 2	 1	220.987	0.327
17	 2	 2	219.974	0.300
17	 2	 3	218.916	0.338
17	 2	 4	218.001	0.271
17	 2	 5	216.947	0.270
17	 2	 6	215.956	0.374
17	 2	 7	214.863	0.373
17	 3	 0	222.067	0.332
17	 3	 1	220.919	0.304
17	 3	 2	219.936	0.337
17	 3	 3	218.877	0.331
17	 3	 4	218.006	0.312
17	 3	 5	216.901	0.293
17	 3	 6	215.989	0.366
17	 3	 7	214.847	0.369
17	 4	 0	222.044	0.266
17	 4	 1	220.958	0.295
17	 4	 2	219.991	0.306
17	 4	 3	218.933	0.304
17	 4	 4	217.977	0.356
17	 4	 5	216.926	0.320
17	 4	 6	215.941	0.349
17	 4	 7	214.866	0.360
17	 5	 0	222.076	0.321
17	 5	 1	220.909	0.330
17	 5	 2	220.015	0.310
17	 5	 3	218.885	0.322
17	 5	 4	217.973	0.317
17	 5	 5	216.893	0.326
17	 5	 6	215.956	0.387
17	 5	 7	214.814	0.344
17	 6	 0	222.015	0.325
17	 6	 1	220.895	0.311
17	 6	 2	219.948	0.307
17	 6	 3	218.905	0.249
17	 6	 4	217.943	0.331
17	 6	 5	216.874	0.348
17	 6	 6	215.907	0.318
17	 6	 7	214.831	0.358
17	 7	 0	222.066	0.337
17	 7	 1	220.930	0.322
17	 7	 2	220.011	0.347
17	 7	 3	218.860	0.282
17	 7	 4	217.966	0.336
17	 7	 5	216.851	0.331
17	 7	 6	215.992	0.365
17	 7	 7	214.805	0.341
18	 0	 0	225.181	0.363
18	 0	 1	224.090	0.358
18	 0	 2	223.153	0.395
18	 0	 3	222.110	0.345
18	 0	 4	221.184	0.397
18	 0	 5	220.085	0.371
18	 0	 6	219.227	0.433
18	 0	 7	218.147	0.490
18	 1	 0	225.207	0.329
18	 1	 1	224.108	0.324
18	 1	 2	223.157	0.318
18	 1	 3	222.043	0.311
18	 1	 4	221.173	0.329
18	 1	 5	220.126	0.286
18	 1	 6	219.154	0.370
18	 1	 7	218.131	0.411
18	 2	 0	225.233	0.324
18	 2	 1	224.096	0.249
18	 2	 2	223.147	0.322
18	 2	 3	222.052	0.323
18	 2	 4	221.149	0.353
18	 2	 5	220.081	0.299
18	 2	 6	219.121	0.307
18	 2	 7	218.125	0.342
18	 3	 0	225.269	0.314
18	 3	 1	224.121	0.320
18	 3	 2	223.126	0.339
18	 3	 3	222.094	0.316
18	 3	 4	221.215	0.313
18	 3	 5	220.097	0.314
18	 3	 6	219.135	0.284
18	 3	 7	218.081	0.336
18	 4	 0	225.155	0.336
18	 4	 1	224.083	0.332
18	 4	 2	223.174	0.301
18	 4	 3	222.034	0.268
18	 4	 4	221.163	0.347
18	 4	 5	220.057	0.276
18	 4	 6	219.151	0.364
18	 4	 7	218.158	0.327
18	 5	 0	225.229	0.300
18	 5	 1	224.082	0.300
18	 5	 2	223.152	0.295
18	 5	 3	222.017	0.341
18	 5	 4	221.194	0.335
18	 5	 5	220.005	0.309
18	 5	 6	219.147	0.331
18	 5	 7	218.137	0.315
18	 6	 0	225.208	0.308
18	 6	 1	224.113	0.323
18	 6	 2	223.213	0.327
18	 6	 3	222.073	0.300
18	 6	 4	221.207	0.316
18	 6	 5	220.118	0.358
18	 6	 6	219.155	0.328
18	 6	 7	218.123	0.358
18	 7	 0	225.228	0.347
18	 7	 1	224.132	0.327
18	 7	 2	223.172	0.366
18	 7	 3	222.081	0.333
18	 7	 4	221.189	0.315
18	 7	 5	220.078	0.319
18	 7	 6	219.208	0.315
18	 7	 7	218.138	0.334
19	 0	 0	213.511	0.378
19	 0	 1	212.414	0.415
19	 0	 2	211.425	0.447
19	 0	 3	210.353	0.425
19	 0	 4	209.462	0.407
19	 0	 5	208.316	0.426
19	 0	 6	207.439	0.478
19	 0	 7	206.345	0.513
19	 1	 0	213.483	0.332
19	 1	 1	212.443	0.383
19	 1	 2	211.432	0.369
19	 1	 3	210.301	0.357
19	 1	 4	209.478	0.353
19	 1	 5	208.361	0.396
19	 1	 6	207.413	0.422
19	 1	 7	206.292	0.421
19	 2	 0	213.499	0.331
19	 2	 1	212.452	0.347
19	 2	 2	211.429	0.341
19	 2	 3	210.277	0.356
19	 2	 4	209.446	0.378
19	 2	 5	208.396	0.371
19	 2	 6	207.396	0.405
19	 2	 7	206.335	0.372
19	 3	 0	213.484	0.326
19	 3	 1	212.401	0.344
19	 3	 2	211.364	0.313
19	 3	 3	210.338	0.352
19	 3	 4	209.488	0.327
19	 3	 5	208.387	0.357
19	 3	 6	207.379	0.362
19	 3	 7	206.289	0.366
19	 4	 0	213.471	0.308
19	 4	 1	212.440	0.364
19	 4	 2	211.336	0.364
19	 4	 3	210.321	0.309
19	 4	 4	209.459	0.336
19	 4	 5	208.381	0.347
19	 4	 6	207.395	0.341
19	 4	 7	206.339	0.383
19	 5	 0	213.469	0.342
19	 5	 1	212.421	0.350
19	 5	 2	211.426	0.338
19	 5	 3	210.301	0.366
19	 5	 4	209.454	0.348
19	 5	 5	208.278	0.392
19	 5	 6	207.336	0.350
19	 5	 7	206.347	0.353
19	 6	 0	213.466	0.332
19	 6	 1	212.439	0.355
19	 6	 2	211.397	0.375
19	 6	 3	210.339	0.346
19	 6	 4	209.472	0.349
19	 6	 5	208.318	0.422
19	 6	 6	207.379	0.357
19	 6	 7	206.328	0.368
19	 7	 0	213.494	0.346
19	 7	 1	212.451	0.336
19	 7	 2	211.357	0.357
19	 7	 3	210.344	0.357
19	 7	 4	209.378	0.376
19	 7	 5	208.401	0.358
19	 7	 6	207.402	0.387
19	 7	 7	206.323	0.340
20	 0	 0	229.523	0.441
20	 0	 1	228.420	0.415
20	 0	 2	227.447	0.428
20	 0	 3	226.272	0.458
20	 0	 4	225.404	0.393
20	 0	 5	224.321	0.432
20	 0	 6	223.408	0.450
20	 0	 7	222.309	0.480
20	 1	 0	229.496	0.365
20	 1	 1	228.397	0.358
20	 1	 2	227.437	0.350
20	 1	 3	226.344	0.375
20	 1	 4	225.385	0.385
20	 1	 5	224.309	0.373
20	 1	 6	223.382	0.430
20	 1	 7	222.315	0.402
20	 2	 0	229.488	0.342
20	 2	 1	228.467	0.326
20	 2	 2	227.406	0.359
20	 2	 3	226.308	0.385
20	 2	 4	225.387	0.399
20	 2	 5	224.288	0.324
20	 2	 6	223.358	0.395
20	 2	 7	222.297	0.385
20	 3	 0	229.473	0.324
20	 3	 1	228.440	0.339
20	 3	 2	227.450	0.346
20	 3	 3	226.336	0.358
20	 3	 4	225.386	0.380
20	 3	 5	224.306	0.331
20	 3	 6	223.354	0.356
20	 3	 7	222.271	0.391
20	 4	 0	229.453	0.330
20	 4	 1	228.417	0.337
20	 4	 2	227.424	0.322
20	 4	 3	226.273	0.339
20	 4	 4	225.389	0.360
20	 4	 5	224.290	0.327
20	 4	 6	223.300	0.344
20	 4	 7	222.263	0.336
20	 5	 0	229.467	0.324
20	 5	 1	228.389	0.337
20	 5	 2	227.382	0.348
20	 5	 3	226.340	0.334
20	 5	 4	225.354	0.321
20	 5	 5	224.299	0.364
20	 5	 6	223.349	0.362
20	 5	 7	222.277	0.362
20	 6	 0	229.477	0.336
20	 6	 1	228.383	0.328
20	 6	 2	227.432	0.341
20	 6	 3	226.273	0.347
20	 6	 4	225.380	0.332
20	 6	 5	224.259	0.361
20	 6	 6	223.371	0.355
20	 6	 7	222.264	0.388
20	 7	 0	229.465	0.314
20	 7	 1	228.398	0.327
20	 7	 2	227.391	0.336
20	 7	 3	226.275	0.353
20	 7	 4	225.376	0.337
20	 7	 5	224.304	0.349
20	 7	 6	223.344	0.372
20	 7	 7	222.242	0.399
21	 0	 0	220.306	0.444
21	 0	 1	219.243	0.412
21	 0	 2	218.204	0.437
21	 0	 3	217.138	0.393
21	 0	 4	216.302	0.494
21	 0	 5	215.187	0.422
21	 0	 6	214.234	0.517
21	 0	 7	213.247	0.481
21	 1	 0	220.262	0.370
21	 1	 1	219.176	0.370
21	 1	 2	218.160	0.378
21	 1	 3	217.145	0.373
21	 1	 4	216.333	0.370
21	 1	 5	215.194	0.384
21	 1	 6	214.282	0.457
21	 1	 7	213.235	0.445
21	 2	 0	220.206	0.352
21	 2	 1	219.165	0.324
21	 2	 2	218.134	0.360
21	 2	 3	217.125	0.355
21	 2	 4	216.253	0.368
21	 2	 5	215.195	0.371
21	 2	 6	214.190	0.406
21	 2	 7	213.107	0.429
21	 3	 0	220.215	0.353
21	 3	 1	219.042	0.307
21	 3	 2	218.134	0.303
21	 3	 3	217.157	0.380
21	 3	 4	216.315	0.337
21	 3	 5	215.164	0.341
21	 3	 6	214.246	0.392
21	 3	 7	213.045	0.406
21	 4	 0	220.221	0.310
21	 4	 1	219.135	0.316
21	 4	 2	218.157	0.308
21	 4	 3	217.187	0.296
21	 4	 4	216.247	0.342
21	 4	 5	215.051	0.354
21	 4	 6	214.209	0.393
21	 4	 7	213.115	0.368
21	 5	 0	220.189	0.330
21	 5	 1	219.165	0.325
21	 5	 2	218.128	0.338
21	 5	 3	217.245	0.348
21	 5	 4	216.142	0.357
21	 5	 5	215.170	0.362
21	 5	 6	214.241	0.366
21	 5	 7	213.235	0.365
21	 6	 0	220.200	0.349
21	 6	 1	219.135	0.283
21	 6	 2	218.173	0.350
21	 6	 3	217.063	0.350
21	 6	 4	216.258	0.362
21	 6	 5	215.164	0.305
21	 6	 6	214.231	0.367
21	 6	 7	213.202	0.373
21	 7	 0	220.213	0.339
21	 7	 1	219.039	0.335
21	 7	 2	218.148	0.297
21	 7	 3	217.227	0.338
21	 7	 4	216.231	0.363
21	 7	 5	215.166	0.332
21	 7	 6	214.244	0.365
21	 7	 7	213.165	0.340
22	 0	 0	230.866	0.453
22	 0	 1	229.793	0.418
22	 0	 2	228.779	0.394
22	 0	 3	227.775	0.430
22	 0	 4	226.836	0.463
22	 0	 5	225.763	0.445
22	 0	 6	224.773	0.603
22	 0	 7	223.743	0.543
22	 1	 0	230.856	0.374
22	 1	 1	229.804	0.379
22	 1	 2	228.844	0.406
22	 1	 3	227.813	0.388
22	 1	 4	226.693	0.368
22	 1	 5	225.797	0.388
22	 1	 6	224.827	0.521
22	 1	 7	223.754	0.476
22	 2	 0	230.853	0.377
22	 2	 1	229.778	0.303
22	 2	 2	228.804	0.327
22	 2	 3	227.766	0.369
22	 2	 4	226.845	0.357
22	 2	 5	225.727	0.350
22	 2	 6	224.803	0.439
22	 2	 7	223.726	0.432
22	 3	 0	230.836	0.333
22	 3	 1	229.793	0.356
22	 3	 2	228.864	0.302
22	 3	 3	227.771	0.363
22	 3	 4	226.837	0.347
22	 3	 5	225.716	0.338
22	 3	 6	224.760	0.378
22	 3	 7	223.727	0.381
22	 4	 0	230.862	0.370
22	 4	 1	229.778	0.329
22	 4	 2	228.811	0.315
22	 4	 3	227.806	0.328
22	 4	 4	226.842	0.362
22	 4	 5	225.737	0.363
22	 4	 6	224.785	0.375
22	 4	 7	223.741	0.394
22	 5	 0	230.867	0.338
22	 5	 1	229.791	0.299
22	 5	 2	228.815	0.317
22	 5	 3	227.784	0.357
22	 5	 4	226.839	0.317
22	 5	 5	225.688	0.324
22	 5	 6	224.756	0.392
22	 5	 7	223.770	0.359
22	 6	 0	230.867	0.352
22	 6	 1	229.836	0.305
22	 6	 2	228.833	0.345
22	 6	 3	227.732	0.329
22	 6	 4	226.837	0.333
22	 6	 5	225.782	0.361
22	 6	 6	224.780	0.372
22	 6	 7	223.750	0.361
22	 7	 0	230.851	0.353
22	 7	 1	229.811	0.330
22	 7	 2	228.847	0.320
22	 7	 3	227.818	0.318
22	 7	 4	226.835	0.354
22	 7	 5	225.758	0.354
22	 7	 6	224.749	0.327
22	 7	 7	223.818	0.333
23	 0	 0	213.151	0.526
23	 0	 1	212.138	0.526
23	 0	 2	211.145	0.494
23	 0	 3	210.022	0.541
23	 0	 4	209.186	0.547
23	 0	 5	208.209	0.516
23	 0	 6	207.254	0.645
23	 0	 7	206.184	0.652
23	 1	 0	213.203	0.425
23	 1	 1	212.154	0.428
23	 1	 2	211.184	0.422
23	 1	 3	210.082	0.396
23	 1	 4	209.218	0.435
23	 1	 5	208.124	0.451
23	 1	 6	207.174	0.570
23	 1	 7	206.190	0.553
23	 2	 0	213.181	0.378
23	 2	 1	212.129	0.417
23	 2	 2	211.121	0.413
23	 2	 3	210.130	0.389
23	 2	 4	209.121	0.409
23	 2	 5	208.062	0.391
23	 2	 6	207.150	0.533
23	 2	 7	206.230	0.470
23	 3	 0	213.176	0.381
23	 3	 1	212.173	0.372
23	 3	 2	211.051	0.397
23	 3	 3	210.121	0.395
23	 3	 4	209.149	0.378
23	 3	 5	208.052	0.391
23	 3	 6	207.216	0.492
23	 3	 7	206.080	0.533
23	 4	 0	213.183	0.385
23	 4	 1	212.177	0.379
23	 4	 2	211.182	0.373
23	 4	 3	210.131	0.375
23	 4	 4	209.157	0.350
23	 4	 5	208.176	0.375
23	 4	 6	207.224	0.426
23	 4	 7	206.115	0.470
23	 5	 0	213.190	0.364
23	 5	 1	212.149	0.367
23	 5	 2	211.078	0.370
23	 5	 3	210.042	0.362
23	 5	 4	209.058	0.318
23	 5	 5	208.082	0.445
23	 5	 6	207.113	0.411
23	 5	 7	206.174	0.400
23	 6	 0	213.036	0.364
23	 6	 1	212.146	0.372
23	 6	 2	211.062	0.338
23	 6	 3	210.095	0.352
23	 6	 4	209.174	0.349
23	 6	 5	207.980	0.403
23	 6	 6	207.207	0.432
23	 6	 7	206.157	0.375
23	 7	 0	213.134	0.345
23	 7	 1	212.071	0.353
23	 7	 2	211.160	0.335
23	 7	 3	210.084	0.343
23	 7	 4	209.134	0.365
23	 7	 5	208.093	0.393
23	 7	 6	207.154	0.430
23	 7	 7	206.215	0.390
24	 0	 0	208.785	0.530
24	 0	 1	207.660	0.546
24	 0	 2	206.735	0.543
24	 0	 3	205.786	0.554
24	 0	 4	204.832	0.533
24	 0	 5	203.819	0.514
24	 0	 6	202.931	0.665
24	 0	 7	201.881	0.712
24	 1	 0	208.745	0.464
24	 1	 1	207.636	0.416
24	 1	 2	206.833	0.479
24	 1	 3	205.701	0.444
24	 1	 4	204.808	0.433
24	 1	 5	203.807	0.425
24	 1	 6	202.846	0.577
24	 1	 7	201.891	0.579
24	 2	 0	208.715	0.389
24	 2	 1	207.623	0.394
24	 2	 2	206.719	0.421
24	 2	 3	205.758	0.400
24	 2	 4	204.853	0.403
24	 2	 5	203.788	0.398
24	 2	 6	202.814	0.486
24	 2	 7	201.828	0.519
24	 3	 0	208.765	0.391
24	 3	 1	207.650	0.369
24	 3	 2	206.759	0.346
24	 3	 3	205.748	0.404
24	 3	 4	204.814	0.400
24	 3	 5	203.766	0.387
24	 3	 6	202.902	0.461
24	 3	 7	201.933	0.481
24	 4	 0	208.744	0.404
24	 4	 1	207.677	0.354
24	 4	 2	206.769	0.355
24	 4	 3	205.752	0.384
24	 4	 4	204.853	0.379
24	 4	 5	203.770	0.367
24	 4	 6	202.982	0.450
24	 4	 7	201.858	0.440
24	 5	 0	208.762	0.378
24	 5	 1	207.688	0.382
24	 5	 2	206.737	0.344
24	 5	 3	205.771	0.363
24	 5	 4	204.830	0.357
24	 5	 5	203.760	0.385
24	 5	 6	202.899	0.411
24	 5	 7	201.872	0.390
24	 6	 0	208.695	0.364
24	 6	 1	207.636	0.348
24	 6	 2	206.739	0.349
24	 6	 3	205.770	0.355
24	 6	 4	204.814	0.361
24	 6	 5	203.718	0.363
24	 6	 6	202.889	0.378
24	 6	 7	201.947	0.322
24	 7	 0	208.724	0.363
24	 7	 1	207.701	0.348
24	 7	 2	206.790	0.360
24	 7	 3	205.776	0.366
24	 7	 4	204.847	0.393
24	 7	 5	203.820	0.358
24	 7	 6	202.851	0.372
24	 7	 7	201.876	0.372
25	 0	 0	223.389	0.456
25	 0	 1	222.342	0.455
25	 0	 2	221.417	0.465
25	 0	 3	220.342	0.432
25	 0	 4	219.394	0.413
25	 0	 5	218.390	0.434
25	 0	 6	217.525	0.517
25	 0	 7	216.472	0.568
25	 1	 0	223.416	0.380
25	 1	 1	222.344	0.384
25	 1	 2	221.399	0.380
25	 1	 3	220.327	0.404
25	 1	 4	219.360	0.389
25	 1	 5	218.385	0.346
25	 1	 6	217.524	0.426
25	 1	 7	216.452	0.467
25	 2	 0	223.365	0.367
25	 2	 1	222.364	0.373
25	 2	 2	221.408	0.356
25	 2	 3	220.327	0.349
25	 2	 4	219.412	0.351
25	 2	 5	218.384	0.325
25	 2	 6	217.500	0.394
25	 2	 7	216.477	0.411
25	 3	 0	223.365	0.343
25	 3	 1	222.346	0.337
25	 3	 2	221.438	0.336
25	 3	 3	220.354	0.335
25	 3	 4	219.366	0.326
25	 3	 5	218.389	0.337
25	 3	 6	217.513	0.365
25	 3	 7	216.407	0.394
25	 4	 0	223.393	0.340
25	 4	 1	222.303	0.343
25	 4	 2	221.393	0.304
25	 4	 3	220.305	0.339
25	 4	 4	219.410	0.316
25	 4	 5	218.360	0.321
25	 4	 6	217.476	0.335
25	 4	 7	216.478	0.366
25	 5	 0	223.398	0.342
25	 5	 1	222.331	0.332
25	 5	 2	221.362	0.342
25	 5	 3	220.274	0.330
25	 5	 4	219.386	0.321
25	 5	 5	218.405	0.326
25	 5	 6	217.475	0.343
25	 5	 7	216.382	0.348
25	 6	 0	223.374	0.330
25	 6	 1	222.284	0.326
25	 6	 2	221.390	0.344
25	 6	 3	220.317	0.311
25	 6	 4	219.412	0.320
25	 6	 5	218.386	0.351
25	 6	 6	217.449	0.333
25	 6	 7	216.392	0.328
25	 7	 0	223.365	0.338
25	 7	 1	222.282	0.338
25	 7	 2	221.387	0.355
25	 7	 3	220.255	0.320
25	 7	 4	219.393	0.312
25	 7	 5	218.399	0.352
25	 7	 6	217.448	0.316
25	 7	 7	216.424	0.335
26	 0	 0	219.581	0.421
26	 0	 1	218.513	0.429
26	 0	 2	217.503	0.443
26	 0	 3	216.502	0.446
26	 0	 4	215.558	0.453
26	 0	 5	214.560	0.447
26	 0	 6	213.447	0.498
26	 0	 7	212.295	0.519
26	 1	 0	219.548	0.390
26	 1	 1	218.542	0.365
26	 1	 2	217.426	0.401
26	 1	 3	216.497	0.401
26	 1	 4	215.421	0.393
26	 1	 5	214.487	0.399
26	 1	 6	213.427	0.429
26	 1	 7	212.321	0.454
26	 2	 0	219.577	0.361
26	 2	 1	218.496	0.362
26	 2	 2	217.430	0.377
26	 2	 3	216.513	0.350
26	 2	 4	215.506	0.358
26	 2	 5	214.557	0.366
26	 2	 6	213.511	0.404
26	 2	 7	212.295	0.439
26	 3	 0	219.575	0.343
26	 3	 1	218.510	0.337
26	 3	 2	217.453	0.335
26	 3	 3	216.571	0.343
26	 3	 4	215.575	0.329
26	 3	 5	214.450	0.365
26	 3	 6	213.331	0.366
26	 3	 7	212.248	0.363
26	 4	 0	219.597	0.343
26	 4	 1	218.537	0.358
26	 4	 2	217.388	0.350
26	 4	 3	216.471	0.337
26	 4	 4	215.553	0.340
26	 4	 5	214.487	0.358
26	 4	 6	213.331	0.361
26	 4	 7	212.292	0.370
26	 5	 0	219.585	0.323
26	 5	 1	218.410	0.350
26	 5	 2	217.389	0.332
26	 5	 3	216.511	0.358
26	 5	 4	215.581	0.339
26	 5	 5	214.483	0.367
26	 5	 6	213.319	0.356
26	 5	 7	212.276	0.370
26	 6	 0	219.594	0.303
26	 6	 1	218.480	0.320
26	 6	 2	217.453	0.323
26	 6	 3	216.520	0.335
26	 6	 4	215.570	0.338
26	 6	 5	214.496	0.334
26	 6	 6	213.319	0.359
26	 6	 7	212.399	0.397
26	 7	 0	219.577	0.336
26	 7	 1	218.546	0.322
26	 7	 2	217.547	0.335
26	 7	 3	216.370	0.357
26	 7	 4	215.573	0.365
26	 7	 5	214.548	0.367
26	 7	 6	213.411	0.332
26	 7	 7	212.336	0.348
27	 0	 0	223.088	0.459
27	 0	 1	221.997	0.423
27	 0	 2	221.083	0.427
27	 0	 3	219.942	0.437
27	 0	 4	219.059	0.409
27	 0	 5	218.108	0.414
27	 0	 6	217.204	0.512
27	 0	 7	216.140	0.480
27	 1	 0	223.049	0.365
27	 1	 1	222.003	0.371
27	 1	 2	220.985	0.383
27	 1	 3	219.952	0.345
27	 1	 4	219.266	0.342
27	 1	 5	218.089	0.317
27	 1	 6	217.162	0.417
27	 1	 7	216.106	0.473
27	 2	 0	223.040	0.317
27	 2	 1	221.988	0.301
27	 2	 2	220.991	0.336
27	 2	 3	219.917	0.299
27	 2	 4	219.059	0.324
27	 2	 5	218.038	0.266
27	 2	 6	217.117	0.391
27	 2	 7	216.102	0.372
27	 3	 0	223.102	0.312
27	 3	 1	222.036	0.321
27	 3	 2	220.999	0.309
27	 3	 3	219.883	0.290
27	 3	 4	219.080	0.333
27	 3	 5	218.098	0.328
27	 3	 6	217.111	0.382
27	 3	 7	216.116	0.379
27	 4	 0	223.054	0.313
27	 4	 1	221.995	0.327
27	 4	 2	220.983	0.319
27	 4	 3	219.863	0.336
27	 4	 4	219.059	0.278
27	 4	 5	218.071	0.305
27	 4	 6	217.100	0.358
27	 4	 7	216.096	0.319
27	 5	 0	223.041	0.327
27	 5	 1	222.006	0.324
27	 5	 2	220.982	0.334
27	 5	 3	219.907	0.347
27	 5	 4	219.035	0.361
27	 5	 5	218.100	0.314
27	 5	 6	217.122	0.305
27	 5	 7	216.056	0.368
27	 6	 0	223.069	0.301
27	 6	 1	221.999	0.311
27	 6	 2	220.970	0.300
27	 6	 3	219.934	0.274
27	 6	 4	219.064	0.323
27	 6	 5	218.064	0.324
27	 6	 6	217.123	0.286
27	 6	 7	216.060	0.324
27	 7	 0	223.084	0.301
27	 7	 1	221.958	0.319
27	 7	 2	220.989	0.306
27	 7	 3	219.874	0.287
27	 7	 4	219.005	0.310
27	 7	 5	218.068	0.323
27	 7	 6	217.113	0.327
27	 7	 7	216.046	0.333
28	 0	 0	216.788	0.409
28	 0	 1	215.757	0.421
28	 0	 2	214.718	0.421
28	 0	 3	213.694	0.391
28	 0	 4	212.780	0.387
28	 0	 5	211.724	0.394
28	 0	 6	210.757	0.508
28	 0	 7	209.607	0.461
28	 1	 0	216.771	0.364
28	 1	 1	215.687	0.387
28	 1	 2	214.709	0.358
28	 1	 3	213.636	0.344
28	 1	 4	212.822	0.383
28	 1	 5	211.713	0.399
28	 1	 6	210.672	0.376
28	 1	 7	209.700	0.400
28	 2	 0	216.849	0.330
28	 2	 1	215.674	0.318
28	 2	 2	214.704	0.350
28	 2	 3	213.688	0.335
28	 2	 4	212.798	0.291
28	 2	 5	211.712	0.340
28	 2	 6	210.744	0.392
28	 2	 7	209.707	0.382
28	 3	 0	216.754	0.307
28	 3	 1	215.695	0.321
28	 3	 2	214.736	0.351
28	 3	 3	213.699	0.318
28	 3	 4	212.817	0.351
28	 3	 5	211.690	0.333
28	 3	 6	210.723	0.348
28	 3	 7	209.667	0.340
28	 4	 0	216.857	0.298
28	 4	 1	215.705	0.303
28	 4	 2	214.741	0.349
28	 4	 3	213.663	0.323
28	 4	 4	212.762	0.287
28	 4	 5	211.706	0.321
28	 4	 6	210.734	0.342
28	 4	 7	209.650	0.313
28	 5	 0	216.816	0.351
28	 5	 1	215.680	0.321
28	 5	 2	214.707	0.318
28	 5	 3	213.641	0.303
28	 5	 4	212.794	0.323
28	 5	 5	211.767	0.391
28	 5	 6	210.738	0.340
28	 5	 7	209.638	0.314
28	 6	 0	216.829	0.337
28	 6	 1	215.699	0.357
28	 6	 2	214.724	0.311
28	 6	 3	213.649	0.306
28	 6	 4	212.778	0.283
28	 6	 5	211.687	0.335
28	 6	 6	210.719	0.357
28	 6	 7	209.645	0.326
28	 7	 0	216.808	0.322
28	 7	 1	215.659	0.330
28	 7	 2	214.715	0.330
28	 7	 3	213.664	0.317
28	 7	 4	212.805	0.346
28	 7	 5	211.786	0.343
28	 7	 6	210.766	0.353
28	 7	 7	209.677	0.319
29	 0	 0	224.874	0.373
29	 0	 1	223.835	0.384
29	 0	 2	222.820	0.391
29	 0	 3	221.808	0.372
29	 0	 4	220.956	0.413
29	 0	 5	219.907	0.352
29	 0	 6	218.930	0.458
29	 0	 7	217.867	0.436
29	 1	 0	224.890	0.376
29	 1	 1	223.823	0.355
29	 1	 2	222.823	0.359
29	 1	 3	221.828	0.312
29	 1	 4	220.902	0.318
29	 1	 5	219.880	0.350
29	 1	 6	218.914	0.391
29	 1	 7	217.913	0.380
29	 2	 0	224.833	0.331
29	 2	 1	223.823	0.320
29	 2	 2	222.852	0.296
29	 2	 3	221.848	0.320
29	 2	 4	220.954	0.317
29	 2	 5	219.853	0.340
29	 2	 6	218.872	0.329
29	 2	 7	217.923	0.345
29	 3	 0	224.886	0.309
29	 3	 1	223.788	0.306
29	 3	 2	222.887	0.323
29	 3	 3	221.790	0.328
29	 3	 4	220.952	0.280
29	 3	 5	219.811	0.315
29	 3	 6	218.911	0.333
29	 3	 7	217.913	0.352
29	 4	 0	224.868	0.304
29	 4	 1	223.812	0.323
29	 4	 2	222.797	0.337
29	 4	 3	221.788	0.314
29	 4	 4	220.920	0.304
29	 4	 5	219.826	0.301
29	 4	 6	218.860	0.334
29	 4	 7	217.908	0.316
29	 5	 0	224.842	0.273
29	 5	 1	223.811	0.315
29	 5	 2	222.814	0.308
29	 5	 3	221.761	0.295
29	 5	 4	220.918	0.333
29	 5	 5	219.803	0.303
29	 5	 6	218.880	0.288
29	 5	 7	217.915	0.256
29	 6	 0	224.829	0.322
29	 6	 1	223.799	0.301
29	 6	 2	222.847	0.294
29	 6	 3	221.782	0.304
29	 6	 4	220.939	0.329
29	 6	 5	219.808	0.305
29	 6	 6	218.880	0.306
29	 6	 7	217.894	0.312
29	 7	 0	224.875	0.330
29	 7	 1	223.776	0.322
29	 7	 2	222.833	0.339
29	 7	 3	221.773	0.338
29	 7	 4	220.899	0.294
29	 7	 5	219.799	0.318
29	 7	 6	218.848	0.320
29	 7	 7	217.912	0.318
30	 0	 0	230.326	0.364
30	 0	 1	229.288	0.376
30	 0	 2	228.299	0.367
30	 0	 3	227.235	0.344
30	 0	 4	226.262	0.380
30	 0	 5	225.266	0.390
30	 0	 6	224.321	0.403
30	 0	 7	223.281	0.411
30	 1	 0	230.319	0.293
30	 1	 1	229.290	0.295
30	 1	 2	228.344	0.340
30	 1	 3	227.280	0.279
30	 1	 4	226.203	0.325
30	 1	 5	225.256	0.315
30	 1	 6	224.233	0.335
30	 1	 7	223.262	0.352
30	 2	 0	230.267	0.285
30	 2	 1	229.270	0.303
30	 2	 2	228.354	0.301
30	 2	 3	227.237	0.304
30	 2	 4	226.183	0.267
30	 2	 5	225.228	0.321
30	 2	 6	224.286	0.325
30	 2	 7	223.230	0.314
30	 3	 0	230.278	0.294
30	 3	 1	229.213	0.287
30	 3	 2	228.349	0.300
30	 3	 3	227.284	0.285
30	 3	 4	226.234	0.279
30	 3	 5	225.267	0.310
30	 3	 6	224.294	0.287
30	 3	 7	223.207	0.336
30	 4	 0	230.286	0.277
30	 4	 1	229.206	0.276
30	 4	 2	228.333	0.291
30	 4	 3	227.251	0.283
30	 4	 4	226.324	0.304
30	 4	 5	225.238	0.310
30	 4	 6	224.237	0.288
30	 4	 7	223.210	0.298
30	 5	 0	230.293	0.309
30	 5	 1	229.234	0.279
30	 5	 2	228.360	0.299
30	 5	 3	227.238	0.296
30	 5	 4	226.238	0.287
30	 5	 5	225.174	0.301
30	 5	 6	224.259	0.295
30	 5	 7	223.229	0.281
30	 6	 0	230.300	0.291
30	 6	 1	229.253	0.297
30	 6	 2	228.288	0.301
30	 6	 3	227.253	0.321
30	 6	 4	226.305	0.316
30	 6	 5	225.193	0.305
30	 6	 6	224.246	0.285
30	 6	 7	223.235	0.305
30	 7	 0	230.309	0.310
30	 7	 1	229.266	0.293
30	 7	 2	228.305	0.294
30	 7	 3	227.211	0.307
30	 7	 4	226.292	0.288
30	 7	 5	225.146	0.244
30	 7	 6	224.312	0.305
30	 7	 7	223.194	0.328
31	 0	 0	222.021	0.396
31	 0	 1	220.998	0.407
31	 0	 2	220.024	0.345
31	 0	 3	219.015	0.347
31	 0	 4	218.197	0.379
31	 0	 5	217.160	0.372
31	 0	 6	216.218	0.414
31	 0	 7	215.199	0.413
31	 1	 0	222.085	0.353
31	 1	 1	220.996	0.356
31	 1	 2	219.973	0.310
31	 1	 3	218.986	0.324
31	 1	 4	218.185	0.317
31	 1	 5	217.162	0.306
31	 1	 6	216.235	0.348
31	 1	 7	215.105	0.389
31	 2	 0	222.017	0.299
31	 2	 1	220.982	0.324
31	 2	 2	219.993	0.326
31	 2	 3	218.991	0.310
31	 2	 4	218.207	0.299
31	 2	 5	217.152	0.295
31	 2	 6	216.224	0.349
31	 2	 7	215.157	0.358
31	 3	 0	222.047	0.265
31	 3	 1	220.985	0.328
31	 3	 2	219.976	0.322
31	 3	 3	219.049	0.308
31	 3	 4	218.220	0.294
31	 3	 5	217.128	0.303
31	 3	 6	216.213	0.333
31	 3	 7	215.181	0.346
31	 4	 0	222.053	0.326
31	 4	 1	221.009	0.307
31	 4	 2	219.980	0.283
31	 4	 3	219.015	0.286
31	 4	 4	218.167	0.291
31	 4	 5	217.129	0.283
31	 4	 6	216.211	0.321
31	 4	 7	215.149	0.310
31	 5	 0	222.022	0.313
31	 5	 1	220.962	0.328
31	 5	 2	219.993	0.309
31	 5	 3	218.978	0.303
31	 5	 4	218.221	0.294
31	 5	 5	217.168	0.331
31	 5	 6	216.209	0.298
31	 5	 7	215.170	0.291
31	 6	 0	222.030	0.323
31	 6	 1	220.997	0.287
31	 6	 2	220.025	0.310
31	 6	 3	219.024	0.285
31	 6	 4	218.209	0.288
31	 6	 5	217.130	0.302
31	 6	 6	216.212	0.297
31	 6	 7	215.165	0.305
31	 7	 0	222.046	0.334
31	 7	 1	220.981	0.285
31	 7	 2	220.032	0.309
31	 7	 3	218.976	0.285
31	 7	 4	218.150	0.275
31	 7	 5	217.156	0.328
31	 7	 6	216.221	0.317
31	 7	 7	215.152	0.309
