ch	pt	fine_thr	a_fit	b_fit
 0	 0	 0	217.081	1.836
 0	 0	 1	216.103	0.973
 0	 0	 2	215.147	0.864
 0	 0	 3	214.098	0.956
 0	 0	 4	213.116	0.896
 0	 0	 5	212.192	0.849
 0	 0	 6	211.241	0.774
 0	 0	 7	210.130	1.809
 0	 1	 0	217.174	1.041
 0	 1	 1	216.076	1.095
 0	 1	 2	215.153	1.136
 0	 1	 3	214.112	1.072
 0	 1	 4	213.197	1.032
 0	 1	 5	212.227	1.063
 0	 1	 6	211.245	1.086
 0	 1	 7	210.343	2.402
 0	 2	 0	217.176	2.737
 0	 2	 1	216.028	1.245
 0	 2	 2	215.169	1.238
 0	 2	 3	214.149	1.114
 0	 2	 4	213.147	1.136
 0	 2	 5	212.141	1.121
 0	 2	 6	211.305	1.311
 0	 2	 7	210.377	2.866
 0	 3	 0	217.109	1.287
 0	 3	 1	216.149	1.371
 0	 3	 2	215.171	1.285
 0	 3	 3	214.173	1.320
 0	 3	 4	213.240	1.366
 0	 3	 5	212.227	1.255
 0	 3	 6	211.272	1.413
 0	 3	 7	210.147	2.893
 0	 4	 0	217.225	1.667
 0	 4	 1	216.185	1.201
 0	 4	 2	215.190	1.367
 0	 4	 3	214.178	1.433
 0	 4	 4	213.295	1.246
 0	 4	 5	212.298	1.386
 0	 4	 6	211.066	3.072
 0	 4	 7	210.489	3.196
 0	 5	 0	217.253	1.288
 0	 5	 1	216.133	1.408
 0	 5	 2	215.243	1.534
 0	 5	 3	214.213	1.218
 0	 5	 4	213.250	1.220
 0	 5	 5	212.239	1.283
 0	 5	 6	211.226	3.106
 0	 5	 7	210.217	3.075
 0	 6	 0	217.153	1.265
 0	 6	 1	216.171	1.309
 0	 6	 2	215.268	1.223
 0	 6	 3	214.088	1.369
 0	 6	 4	213.197	1.279
 0	 6	 5	212.145	1.294
 0	 6	 6	211.456	3.200
 0	 6	 7	210.151	3.147
 0	 7	 0	217.253	1.160
 0	 7	 1	216.128	1.320
 0	 7	 2	215.115	1.251
 0	 7	 3	214.110	1.304
 0	 7	 4	213.150	1.190
 0	 7	 5	212.253	1.312
 0	 7	 6	211.146	2.652
 0	 7	 7	210.259	2.918
 1	 0	 0	224.305	1.686
 1	 0	 1	223.366	0.864
 1	 0	 2	222.473	0.708
 1	 0	 3	221.361	0.865
 1	 0	 4	220.475	0.798
 1	 0	 5	219.414	0.680
 1	 0	 6	218.547	0.787
 1	 0	 7	217.508	1.688
 1	 1	 0	224.364	0.999
 1	 1	 1	223.377	0.897
 1	 1	 2	222.441	0.936
 1	 1	 3	221.364	1.011
 1	 1	 4	220.408	0.985
 1	 1	 5	219.398	0.967
 1	 1	 6	218.548	0.821
 1	 1	 7	217.572	2.159
 1	 2	 0	224.377	2.496
 1	 2	 1	223.349	1.075
 1	 2	 2	222.458	0.961
 1	 2	 3	221.397	1.078
 1	 2	 4	220.440	1.016
 1	 2	 5	219.407	1.000
 1	 2	 6	218.522	1.015
 1	 2	 7	217.581	2.467
 1	 3	 0	224.425	0.982
 1	 3	 1	223.291	1.157
 1	 3	 2	222.437	1.143
 1	 3	 3	221.445	1.106
 1	 3	 4	220.424	1.119
 1	 3	 5	219.393	1.033
 1	 3	 6	218.586	1.049
 1	 3	 7	217.581	2.664
 1	 4	 0	224.405	1.282
 1	 4	 1	223.333	1.123
 1	 4	 2	222.440	1.237
 1	 4	 3	221.340	1.264
 1	 4	 4	220.440	1.034
 1	 4	 5	219.375	1.103
 1	 4	 6	218.532	2.411
 1	 4	 7	217.355	2.681
 1	 5	 0	224.404	1.257
 1	 5	 1	223.362	1.224
 1	 5	 2	222.396	1.387
 1	 5	 3	221.340	1.293
 1	 5	 4	220.470	1.176
 1	 5	 5	219.410	1.147
 1	 5	 6	218.544	2.794
 1	 5	 7	217.564	2.843
 1	 6	 0	224.421	1.240
 1	 6	 1	223.292	1.318
 1	 6	 2	222.402	1.291
 1	 6	 3	221.365	1.275
 1	 6	 4	220.407	1.221
 1	 6	 5	219.439	1.112
 1	 6	 6	218.491	2.992
 1	 6	 7	217.527	2.931
 1	 7	 0	224.371	1.188
 1	 7	 1	223.359	1.163
 1	 7	 2	222.454	1.140
 1	 7	 3	221.342	1.298
 1	 7	 4	220.479	1.084
 1	 7	 5	219.392	1.111
 1	 7	 6	218.704	2.817
 1	 7	 7	217.539	2.770
 2	 0	 0	229.317	2.143
 2	 0	 1	228.221	0.960
 2	 0	 2	227.292	0.967
 2	 0	 3	226.275	1.019
 2	 0	 4	225.334	0.974
 2	 0	 5	224.307	1.053
 2	 0	 6	223.340	1.017
 2	 0	 7	222.331	2.296
 2	 1	 0	229.325	1.016
 2	 1	 1	228.262	1.158
 2	 1	 2	227.302	1.015
 2	 1	 3	226.276	1.149
 2	 1	 4	225.381	1.252
 2	 1	 5	224.276	1.207
 2	 1	 6	223.309	1.146
 2	 1	 7	222.328	2.831
 2	 2	 0	229.229	3.227
 2	 2	 1	228.306	1.317
 2	 2	 2	227.389	1.202
 2	 2	 3	226.281	1.467
 2	 2	 4	225.363	1.340
 2	 2	 5	224.313	1.413
 2	 2	 6	223.374	1.226
 2	 2	 7	222.249	3.241
 2	 3	 0	229.319	1.301
 2	 3	 1	228.348	1.291
 2	 3	 2	227.339	1.373
 2	 3	 3	226.338	1.370
 2	 3	 4	225.354	1.396
 2	 3	 5	224.354	1.294
 2	 3	 6	223.404	1.516
 2	 3	 7	222.316	3.684
 2	 4	 0	229.340	1.408
 2	 4	 1	228.322	1.413
 2	 4	 2	227.404	1.551
 2	 4	 3	226.310	1.364
 2	 4	 4	225.411	1.386
 2	 4	 5	224.334	1.337
 2	 4	 6	223.366	3.708
 2	 4	 7	222.463	3.635
 2	 5	 0	229.348	1.656
 2	 5	 1	228.399	1.549
 2	 5	 2	227.395	1.567
 2	 5	 3	226.361	1.665
 2	 5	 4	225.372	1.616
 2	 5	 5	224.312	1.448
 2	 5	 6	223.344	3.758
 2	 5	 7	222.389	4.242
 2	 6	 0	229.375	1.429
 2	 6	 1	228.290	1.400
 2	 6	 2	227.418	1.595
 2	 6	 3	226.325	1.658
 2	 6	 4	225.477	1.479
 2	 6	 5	224.356	1.456
 2	 6	 6	223.511	4.494
 2	 6	 7	222.453	4.372
 2	 7	 0	229.374	1.358
 2	 7	 1	228.343	1.451
 2	 7	 2	227.442	1.448
 2	 7	 3	226.314	1.508
 2	 7	 4	225.454	1.554
 2	 7	 5	224.398	1.328
 2	 7	 6	223.644	4.454
 2	 7	 7	222.535	4.059
 3	 0	 0	224.472	3.154
 3	 0	 1	223.428	1.468
 3	 0	 2	222.501	1.224
 3	 0	 3	221.380	1.470
 3	 0	 4	220.499	1.319
 3	 0	 5	219.346	1.310
 3	 0	 6	218.541	1.354
 3	 0	 7	217.377	3.150
 3	 1	 0	224.363	1.787
 3	 1	 1	223.401	1.505
 3	 1	 2	222.531	1.557
 3	 1	 3	221.452	1.704
 3	 1	 4	220.420	1.558
 3	 1	 5	219.313	1.698
 3	 1	 6	218.545	1.586
 3	 1	 7	217.377	4.110
 3	 2	 0	224.479	4.726
 3	 2	 1	223.391	1.698
 3	 2	 2	222.503	1.745
 3	 2	 3	221.411	1.947
 3	 2	 4	220.475	1.736
 3	 2	 5	219.358	1.893
 3	 2	 6	218.379	1.890
 3	 2	 7	217.522	4.763
 3	 3	 0	224.452	1.727
 3	 3	 1	223.274	2.102
 3	 3	 2	222.457	1.923
 3	 3	 3	221.428	1.918
 3	 3	 4	220.378	1.979
 3	 3	 5	219.322	1.649
 3	 3	 6	218.508	1.839
 3	 3	 7	217.453	5.223
 3	 4	 0	224.368	2.304
 3	 4	 1	223.359	1.977
 3	 4	 2	222.438	2.223
 3	 4	 3	221.275	2.205
 3	 4	 4	220.406	1.828
 3	 4	 5	219.249	2.017
 3	 4	 6	218.465	4.825
 3	 4	 7	217.133	5.287
 3	 5	 0	224.427	2.025
 3	 5	 1	223.358	1.928
 3	 5	 2	222.404	2.440
 3	 5	 3	221.336	2.051
 3	 5	 4	220.449	2.012
 3	 5	 5	219.373	1.848
 3	 5	 6	218.390	5.423
 3	 5	 7	217.482	5.600
 3	 6	 0	224.475	1.979
 3	 6	 1	223.299	2.227
 3	 6	 2	222.473	2.010
 3	 6	 3	221.324	1.968
 3	 6	 4	220.293	2.162
 3	 6	 5	219.437	1.680
 3	 6	 6	218.509	5.872
 3	 6	 7	217.428	5.795
 3	 7	 0	224.459	1.880
 3	 7	 1	223.387	2.027
 3	 7	 2	222.443	1.877
 3	 7	 3	221.254	2.128
 3	 7	 4	220.405	1.890
 3	 7	 5	219.323	1.948
 3	 7	 6	218.826	5.567
 3	 7	 7	217.420	5.453
 4	 0	 0	217.362	4.757
 4	 0	 1	216.320	2.188
 4	 0	 2	215.319	2.057
 4	 0	 3	214.286	2.344
 4	 0	 4	213.422	2.205
 4	 0	 5	212.314	2.072
 4	 0	 6	211.379	1.927
 4	 0	 7	210.398	4.842
 4	 1	 0	217.411	2.865
 4	 1	 1	216.236	2.667
 4	 1	 2	215.405	2.944
 4	 1	 3	214.273	2.895
 4	 1	 4	213.347	2.802
 4	 1	 5	212.488	3.100
 4	 1	 6	211.327	2.626
 4	 1	 7	210.417	6.154
 4	 2	 0	217.390	7.506
 4	 2	 1	216.147	3.452
 4	 2	 2	215.452	3.473
 4	 2	 3	214.253	3.418
 4	 2	 4	213.245	3.344
 4	 2	 5	212.288	3.205
 4	 2	 6	211.442	3.868
 4	 2	 7	210.592	7.076
 4	 3	 0	217.283	3.610
 4	 3	 1	216.343	4.097
 4	 3	 2	215.287	3.730
 4	 3	 3	214.198	3.502
 4	 3	 4	213.436	4.124
 4	 3	 5	212.173	3.686
 4	 3	 6	211.270	3.993
 4	 3	 7	210.403	7.415
 4	 4	 0	217.491	4.586
 4	 4	 1	216.287	3.845
 4	 4	 2	215.281	3.930
 4	 4	 3	214.425	3.979
 4	 4	 4	213.277	3.911
 4	 4	 5	212.447	3.966
 4	 4	 6	211.058	7.946
 4	 4	 7	210.735	7.552
 4	 5	 0	217.322	3.921
 4	 5	 1	216.251	3.972
 4	 5	 2	215.443	4.523
 4	 5	 3	214.289	3.896
 4	 5	 4	213.308	4.004
 4	 5	 5	212.309	3.734
 4	 5	 6	211.575	7.866
 4	 5	 7	210.500	8.389
 4	 6	 0	217.268	3.945
 4	 6	 1	216.453	4.352
 4	 6	 2	215.369	3.979
 4	 6	 3	214.182	4.109
 4	 6	 4	213.442	4.345
 4	 6	 5	212.193	3.747
 4	 6	 6	212.027	8.349
 4	 6	 7	210.504	8.455
 4	 7	 0	217.416	3.619
 4	 7	 1	216.447	4.024
 4	 7	 2	215.296	3.857
 4	 7	 3	214.434	4.149
 4	 7	 4	213.321	3.851
 4	 7	 5	212.561	4.026
 4	 7	 6	211.459	8.176
 4	 7	 7	210.662	7.722
 5	 0	 0	230.881	5.713
 5	 0	 1	229.639	2.538
 5	 0	 2	228.666	2.427
 5	 0	 3	227.715	2.480
 5	 0	 4	226.665	2.425
 5	 0	 5	225.673	2.747
 5	 0	 6	224.731	2.618
 5	 0	 7	223.590	6.003
 5	 1	 0	230.746	2.993
 5	 1	 1	229.656	3.179
 5	 1	 2	228.756	3.033
 5	 1	 3	227.711	3.534
 5	 1	 4	226.791	3.514
 5	 1	 5	225.743	3.583
 5	 1	 6	224.775	3.493
 5	 1	 7	223.941	8.166
 5	 2	 0	230.431	7.213
 5	 2	 1	229.776	3.761
 5	 2	 2	228.871	3.572
 5	 2	 3	227.863	4.565
 5	 2	 4	226.905	4.006
 5	 2	 5	225.743	4.078
 5	 2	 6	224.887	3.855
 5	 2	 7	224.045	9.524
 5	 3	 0	230.765	3.981
 5	 3	 1	229.735	3.940
 5	 3	 2	228.851	4.570
 5	 3	 3	227.852	4.339
 5	 3	 4	226.826	4.514
 5	 3	 5	225.769	3.830
 5	 3	 6	225.240	6.313
 5	 3	 7	224.108	10.114
 5	 4	 0	230.946	5.031
 5	 4	 1	229.843	4.566
 5	 4	 2	229.041	5.065
 5	 4	 3	227.947	4.704
 5	 4	 4	226.928	4.468
 5	 4	 5	225.784	4.373
 5	 4	 6	225.227	10.312
 5	 4	 7	224.146	10.437
 5	 5	 0	230.933	4.882
 5	 5	 1	229.899	4.640
 5	 5	 2	229.005	4.898
 5	 5	 3	227.938	4.792
 5	 5	 4	226.989	4.764
 5	 5	 5	225.714	4.429
 5	 5	 6	225.201	10.571
 5	 5	 7	224.284	11.043
 5	 6	 0	231.065	4.700
 5	 6	 1	229.856	4.873
 5	 6	 2	229.078	4.840
 5	 6	 3	228.099	4.796
 5	 6	 4	226.993	4.682
 5	 6	 5	225.869	4.442
 5	 6	 6	225.274	11.009
 5	 6	 7	224.427	11.249
 5	 7	 0	230.950	4.498
 5	 7	 1	229.890	4.635
 5	 7	 2	229.084	4.340
 5	 7	 3	227.950	4.575
 5	 7	 4	227.052	4.506
 5	 7	 5	225.896	4.354
 5	 7	 6	225.755	10.941
 5	 7	 7	224.544	10.540
 6	 0	 0	225.351	7.278
 6	 0	 1	224.062	3.328
 6	 0	 2	223.124	2.727
 6	 0	 3	222.039	3.614
 6	 0	 4	221.251	3.402
 6	 0	 5	220.185	3.206
 6	 0	 6	219.347	3.038
 6	 0	 7	218.437	7.190
 6	 1	 0	225.004	4.676
 6	 1	 1	224.194	3.984
 6	 1	 2	223.111	4.272
 6	 1	 3	222.207	4.475
 6	 1	 4	221.209	4.311
 6	 1	 5	219.988	4.711
 6	 1	 6	219.267	4.208
 6	 1	 7	218.592	10.204
 6	 2	 0	225.249	10.001
 6	 2	 1	224.167	5.151
 6	 2	 2	223.196	5.134
 6	 2	 3	222.209	5.750
 6	 2	 4	221.322	5.259
 6	 2	 5	220.114	5.338
 6	 2	 6	219.107	5.823
 6	 2	 7	218.944	11.358
 6	 3	 0	225.180	5.372
 6	 3	 1	223.911	6.054
 6	 3	 2	223.270	6.228
 6	 3	 3	222.143	5.755
 6	 3	 4	221.143	5.977
 6	 3	 5	220.082	5.174
 6	 3	 6	219.380	6.957
 6	 3	 7	218.963	11.917
 6	 4	 0	225.115	7.266
 6	 4	 1	224.251	5.948
 6	 4	 2	223.362	6.860
 6	 4	 3	221.982	6.599
 6	 4	 4	221.234	6.168
 6	 4	 5	220.027	5.949
 6	 4	 6	219.874	12.377
 6	 4	 7	218.698	12.480
 6	 5	 0	225.272	6.734
 6	 5	 1	224.202	6.322
 6	 5	 2	223.130	7.088
 6	 5	 3	222.267	6.349
 6	 5	 4	221.304	6.350
 6	 5	 5	220.334	5.767
 6	 5	 6	219.798	12.550
 6	 5	 7	219.232	13.144
 6	 6	 0	225.394	6.412
 6	 6	 1	223.935	6.695
 6	 6	 2	223.287	6.602
 6	 6	 3	222.299	6.425
 6	 6	 4	221.143	6.737
 6	 6	 5	220.397	5.928
 6	 6	 6	220.192	13.069
 6	 6	 7	219.153	13.340
 6	 7	 0	225.312	5.774
 6	 7	 1	224.197	6.512
 6	 7	 2	223.293	6.048
 6	 7	 3	222.092	6.376
 6	 7	 4	221.274	6.097
 6	 7	 5	220.085	6.090
 6	 7	 6	220.738	13.347
 6	 7	 7	219.186	12.680
 7	 0	 0	227.186	9.162
 7	 0	 1	225.730	4.832
 7	 0	 2	224.832	4.321
 7	 0	 3	223.727	5.178
 7	 0	 4	222.911	4.824
 7	 0	 5	221.892	4.845
 7	 0	 6	221.060	4.676
 7	 0	 7	220.113	9.253
 7	 1	 0	226.690	6.775
 7	 1	 1	225.846	5.999
 7	 1	 2	224.756	6.342
 7	 1	 3	223.931	6.543
 7	 1	 4	222.988	6.618
 7	 1	 5	221.767	6.952
 7	 1	 6	221.035	6.329
 7	 1	 7	220.563	12.884
 7	 2	 0	226.852	11.981
 7	 2	 1	226.021	7.548
 7	 2	 2	224.991	7.509
 7	 2	 3	224.108	8.268
 7	 2	 4	223.170	7.674
 7	 2	 5	221.914	7.614
 7	 2	 6	220.965	8.371
 7	 2	 7	220.905	14.111
 7	 3	 0	227.019	8.242
 7	 3	 1	225.751	8.898
 7	 3	 2	225.148	8.867
 7	 3	 3	224.071	8.626
 7	 3	 4	223.041	8.834
 7	 3	 5	221.974	7.954
 7	 3	 6	221.900	11.515
 7	 3	 7	221.051	14.745
 7	 4	 0	227.014	10.100
 7	 4	 1	226.067	8.903
 7	 4	 2	225.226	9.754
 7	 4	 3	223.916	9.261
 7	 4	 4	223.211	8.981
 7	 4	 5	221.947	8.862
 7	 4	 6	221.871	14.968
 7	 4	 7	220.657	15.091
 7	 5	 0	227.233	9.724
 7	 5	 1	225.977	9.365
 7	 5	 2	225.047	9.781
 7	 5	 3	224.085	9.298
 7	 5	 4	223.267	9.046
 7	 5	 5	222.136	8.602
 7	 5	 6	221.912	15.190
 7	 5	 7	221.297	15.781
 7	 6	 0	227.386	9.312
 7	 6	 1	225.907	9.688
 7	 6	 2	225.264	9.350
 7	 6	 3	224.236	9.406
 7	 6	 4	223.202	9.588
 7	 6	 5	222.231	8.609
 7	 6	 6	222.351	15.802
 7	 6	 7	221.320	16.073
 7	 7	 0	227.261	8.425
 7	 7	 1	226.103	9.252
 7	 7	 2	225.188	8.750
 7	 7	 3	224.014	9.040
 7	 7	 4	223.281	8.982
 7	 7	 5	221.980	8.650
 7	 7	 6	222.797	16.000
 7	 7	 7	221.388	15.513
 8	 0	 0	227.099	8.968
 8	 0	 1	225.591	4.714
 8	 0	 2	224.586	4.146
 8	 0	 3	223.597	5.089
 8	 0	 4	222.792	4.655
 8	 0	 5	221.791	4.740
 8	 0	 6	220.875	4.522
 8	 0	 7	220.148	9.014
 8	 1	 0	226.534	6.613
 8	 1	 1	225.809	5.945
 8	 1	 2	224.684	6.252
 8	 1	 3	223.854	6.311
 8	 1	 4	222.947	6.529
 8	 1	 5	221.762	6.794
 8	 1	 6	220.938	6.271
 8	 1	 7	220.555	11.482
 8	 2	 0	227.099	10.896
 8	 2	 1	226.120	7.570
 8	 2	 2	224.876	7.251
 8	 2	 3	224.101	7.986
 8	 2	 4	223.157	7.555
 8	 2	 5	221.892	7.477
 8	 2	 6	220.897	7.970
 8	 2	 7	220.744	11.949
 8	 3	 0	227.016	7.729
 8	 3	 1	225.777	8.363
 8	 3	 2	225.054	8.321
 8	 3	 3	224.090	8.170
 8	 3	 4	223.087	8.369
 8	 3	 5	221.969	7.735
 8	 3	 6	221.519	9.788
 8	 3	 7	220.957	12.388
 8	 4	 0	226.965	9.306
 8	 4	 1	226.169	8.397
 8	 4	 2	225.223	9.011
 8	 4	 3	223.908	8.621
 8	 4	 4	223.168	8.435
 8	 4	 5	221.929	8.422
 8	 4	 6	221.735	12.420
 8	 4	 7	220.579	12.557
 8	 5	 0	227.224	8.918
 8	 5	 1	226.005	8.508
 8	 5	 2	225.006	8.973
 8	 5	 3	224.104	8.589
 8	 5	 4	223.282	8.440
 8	 5	 5	222.139	8.127
 8	 5	 6	221.767	12.629
 8	 5	 7	221.137	13.036
 8	 6	 0	227.379	8.528
 8	 6	 1	225.916	8.799
 8	 6	 2	225.177	8.622
 8	 6	 3	224.193	8.615
 8	 6	 4	223.116	8.802
 8	 6	 5	222.264	8.122
 8	 6	 6	222.318	13.061
 8	 6	 7	221.158	13.129
 8	 7	 0	227.205	7.776
 8	 7	 1	226.085	8.422
 8	 7	 2	225.185	8.101
 8	 7	 3	223.979	8.216
 8	 7	 4	223.237	8.256
 8	 7	 5	222.072	8.099
 8	 7	 6	222.658	13.068
 8	 7	 7	221.224	12.846
 9	 0	 0	221.518	7.126
 9	 0	 1	220.494	3.388
 9	 0	 2	219.575	3.134
 9	 0	 3	218.413	3.425
 9	 0	 4	217.505	3.350
 9	 0	 5	216.527	3.156
 9	 0	 6	215.753	3.116
 9	 0	 7	214.715	6.962
 9	 1	 0	221.412	4.369
 9	 1	 1	220.453	4.274
 9	 1	 2	219.407	4.161
 9	 1	 3	218.349	4.634
 9	 1	 4	217.508	4.379
 9	 1	 5	216.518	4.480
 9	 1	 6	215.488	4.530
 9	 1	 7	214.864	9.619
 9	 2	 0	221.581	10.499
 9	 2	 1	220.392	5.327
 9	 2	 2	219.412	5.079
 9	 2	 3	218.435	5.399
 9	 2	 4	217.406	5.490
 9	 2	 5	216.577	5.254
 9	 2	 6	215.504	5.493
 9	 2	 7	215.198	11.126
 9	 3	 0	221.453	5.486
 9	 3	 1	220.358	5.809
 9	 3	 2	219.445	6.038
 9	 3	 3	218.327	5.922
 9	 3	 4	217.554	5.705
 9	 3	 5	216.372	5.749
 9	 3	 6	215.603	6.286
 9	 3	 7	215.281	11.870
 9	 4	 0	221.423	6.917
 9	 4	 1	220.410	5.893
 9	 4	 2	219.401	6.734
 9	 4	 3	218.381	5.625
 9	 4	 4	217.518	6.020
 9	 4	 5	216.446	5.704
 9	 4	 6	215.995	12.745
 9	 4	 7	215.023	11.975
 9	 5	 0	221.443	6.371
 9	 5	 1	220.348	6.500
 9	 5	 2	219.338	6.712
 9	 5	 3	218.321	6.170
 9	 5	 4	217.522	6.354
 9	 5	 5	216.522	6.033
 9	 5	 6	216.239	12.285
 9	 5	 7	215.345	13.224
 9	 6	 0	221.499	6.440
 9	 6	 1	220.378	6.213
 9	 6	 2	219.424	6.176
 9	 6	 3	218.445	6.533
 9	 6	 4	217.475	6.135
 9	 6	 5	216.459	6.174
 9	 6	 6	216.585	13.063
 9	 6	 7	215.282	13.385
 9	 7	 0	221.645	5.846
 9	 7	 1	220.508	6.206
 9	 7	 2	219.434	5.920
 9	 7	 3	218.395	5.842
 9	 7	 4	217.550	5.941
 9	 7	 5	216.508	5.608
 9	 7	 6	216.584	13.557
 9	 7	 7	215.398	12.705
10	 0	 0	221.821	5.388
10	 0	 1	220.862	2.590
10	 0	 2	220.009	2.284
10	 0	 3	218.851	2.552
10	 0	 4	217.953	2.480
10	 0	 5	216.879	2.323
10	 0	 6	216.037	2.276
10	 0	 7	215.033	5.376
10	 1	 0	221.849	3.268
10	 1	 1	220.879	2.953
10	 1	 2	219.793	3.142
10	 1	 3	218.823	3.192
10	 1	 4	217.917	3.006
10	 1	 5	216.885	3.272
10	 1	 6	215.895	3.211
10	 1	 7	214.942	7.347
10	 2	 0	221.809	8.236
10	 2	 1	220.847	3.530
10	 2	 2	219.778	3.674
10	 2	 3	218.871	3.785
10	 2	 4	217.875	3.595
10	 2	 5	216.858	3.616
10	 2	 6	215.841	3.872
10	 2	 7	215.118	8.449
10	 3	 0	221.843	3.722
10	 3	 1	220.750	4.161
10	 3	 2	219.805	4.256
10	 3	 3	218.794	4.046
10	 3	 4	217.880	3.931
10	 3	 5	216.880	3.809
10	 3	 6	215.922	4.217
10	 3	 7	215.168	9.174
10	 4	 0	221.696	4.917
10	 4	 1	220.836	3.860
10	 4	 2	219.856	4.671
10	 4	 3	218.722	4.012
10	 4	 4	217.860	4.107
10	 4	 5	216.836	4.008
10	 4	 6	216.045	9.731
10	 4	 7	214.897	9.173
10	 5	 0	221.820	4.269
10	 5	 1	220.814	4.416
10	 5	 2	219.765	4.554
10	 5	 3	218.800	4.181
10	 5	 4	217.863	4.369
10	 5	 5	216.863	4.152
10	 5	 6	216.039	9.536
10	 5	 7	215.146	10.064
10	 6	 0	221.916	4.161
10	 6	 1	220.795	4.234
10	 6	 2	219.839	4.226
10	 6	 3	218.920	4.145
10	 6	 4	217.808	4.198
10	 6	 5	216.912	3.909
10	 6	 6	216.363	10.037
10	 6	 7	215.206	10.338
10	 7	 0	222.030	3.806
10	 7	 1	220.840	4.308
10	 7	 2	219.889	3.952
10	 7	 3	218.829	4.100
10	 7	 4	217.892	3.941
10	 7	 5	216.850	3.909
10	 7	 6	216.426	10.412
10	 7	 7	215.233	9.793
11	 0	 0	227.057	4.968
11	 0	 1	225.814	2.087
11	 0	 2	224.871	2.082
11	 0	 3	223.788	2.432
11	 0	 4	222.923	2.155
11	 0	 5	221.822	2.326
11	 0	 6	220.927	2.223
11	 0	 7	219.839	5.116
11	 1	 0	226.764	3.106
11	 1	 1	225.813	2.800
11	 1	 2	224.827	2.751
11	 1	 3	223.726	3.019
11	 1	 4	222.812	3.104
11	 1	 5	221.730	3.040
11	 1	 6	220.835	2.700
11	 1	 7	219.970	7.065
11	 2	 0	226.909	7.095
11	 2	 1	225.829	3.439
11	 2	 2	224.846	3.337
11	 2	 3	223.851	3.702
11	 2	 4	222.795	3.291
11	 2	 5	221.763	3.436
11	 2	 6	220.852	3.810
11	 2	 7	220.089	7.813
11	 3	 0	226.896	3.568
11	 3	 1	225.536	3.815
11	 3	 2	224.914	3.675
11	 3	 3	223.749	3.550
11	 3	 4	222.817	3.889
11	 3	 5	221.679	3.437
11	 3	 6	220.893	3.878
11	 3	 7	220.057	8.770
11	 4	 0	226.884	4.914
11	 4	 1	225.682	3.937
11	 4	 2	224.949	4.336
11	 4	 3	223.796	4.405
11	 4	 4	222.922	3.849
11	 4	 5	221.698	3.887
11	 4	 6	221.226	8.910
11	 4	 7	219.979	9.231
11	 5	 0	226.981	4.231
11	 5	 1	225.793	3.933
11	 5	 2	224.900	4.631
11	 5	 3	223.779	4.103
11	 5	 4	222.963	3.872
11	 5	 5	221.804	3.592
11	 5	 6	221.176	9.195
11	 5	 7	220.349	9.490
11	 6	 0	226.980	4.057
11	 6	 1	225.737	4.347
11	 6	 2	225.031	4.285
11	 6	 3	223.764	4.081
11	 6	 4	222.981	4.345
11	 6	 5	221.914	3.630
11	 6	 6	221.309	9.815
11	 6	 7	220.269	9.768
11	 7	 0	226.958	3.982
11	 7	 1	225.793	4.203
11	 7	 2	225.092	4.035
11	 7	 3	223.875	4.104
11	 7	 4	223.010	3.860
11	 7	 5	221.849	4.164
11	 7	 6	221.739	9.479
11	 7	 7	220.370	9.174
12	 0	 0	226.660	4.416
12	 0	 1	225.424	1.711
12	 0	 2	224.347	1.673
12	 0	 3	223.300	1.974
12	 0	 4	222.566	1.696
12	 0	 5	221.380	1.870
12	 0	 6	220.466	1.868
12	 0	 7	219.381	4.444
12	 1	 0	226.484	2.500
12	 1	 1	225.350	2.293
12	 1	 2	224.334	2.263
12	 1	 3	223.383	2.572
12	 1	 4	222.396	2.511
12	 1	 5	221.217	2.465
12	 1	 6	220.435	2.268
12	 1	 7	219.451	6.094
12	 2	 0	226.505	6.402
12	 2	 1	225.345	2.808
12	 2	 2	224.411	2.688
12	 2	 3	223.282	3.036
12	 2	 4	222.426	2.678
12	 2	 5	221.246	2.813
12	 2	 6	220.311	3.143
12	 2	 7	219.562	6.856
12	 3	 0	226.389	2.765
12	 3	 1	225.132	3.133
12	 3	 2	224.500	3.032
12	 3	 3	223.354	2.932
12	 3	 4	222.337	3.102
12	 3	 5	221.266	2.692
12	 3	 6	220.337	2.957
12	 3	 7	219.502	7.643
12	 4	 0	226.364	4.005
12	 4	 1	225.261	3.112
12	 4	 2	224.511	3.512
12	 4	 3	223.290	3.625
12	 4	 4	222.445	3.144
12	 4	 5	221.258	3.152
12	 4	 6	220.645	7.750
12	 4	 7	219.336	8.085
12	 5	 0	226.498	3.316
12	 5	 1	225.313	3.171
12	 5	 2	224.474	3.823
12	 5	 3	223.241	3.237
12	 5	 4	222.450	3.077
12	 5	 5	221.428	2.955
12	 5	 6	220.596	7.995
12	 5	 7	219.677	8.373
12	 6	 0	226.581	3.310
12	 6	 1	225.217	3.478
12	 6	 2	224.530	3.448
12	 6	 3	223.328	3.304
12	 6	 4	222.497	3.531
12	 6	 5	221.438	2.952
12	 6	 6	220.829	8.629
12	 6	 7	219.678	8.397
12	 7	 0	226.587	3.235
12	 7	 1	225.342	3.352
12	 7	 2	224.441	3.188
12	 7	 3	223.320	3.333
12	 7	 4	222.441	3.035
12	 7	 5	221.342	3.189
12	 7	 6	221.143	8.133
12	 7	 7	219.767	7.954
13	 0	 0	224.982	3.308
13	 0	 1	223.954	1.471
13	 0	 2	222.941	1.250
13	 0	 3	221.807	1.476
13	 0	 4	220.970	1.309
13	 0	 5	219.943	1.269
13	 0	 6	218.930	1.341
13	 0	 7	217.890	3.364
13	 1	 0	224.900	1.819
13	 1	 1	223.909	1.549
13	 1	 2	222.880	1.567
13	 1	 3	221.801	1.787
13	 1	 4	220.870	1.707
13	 1	 5	219.817	1.672
13	 1	 6	218.905	1.603
13	 1	 7	217.890	4.527
13	 2	 0	225.013	5.081
13	 2	 1	223.910	1.776
13	 2	 2	222.836	1.841
13	 2	 3	221.836	2.066
13	 2	 4	220.921	1.778
13	 2	 5	219.855	1.993
13	 2	 6	218.805	2.067
13	 2	 7	218.040	5.162
13	 3	 0	224.895	1.889
13	 3	 1	223.784	2.193
13	 3	 2	222.898	2.133
13	 3	 3	221.854	1.955
13	 3	 4	220.811	2.145
13	 3	 5	219.733	1.742
13	 3	 6	218.835	1.934
13	 3	 7	218.062	5.834
13	 4	 0	224.833	2.313
13	 4	 1	223.830	2.060
13	 4	 2	222.834	2.372
13	 4	 3	221.689	2.423
13	 4	 4	220.879	1.994
13	 4	 5	219.735	2.094
13	 4	 6	219.080	5.585
13	 4	 7	217.764	6.016
13	 5	 0	224.913	2.151
13	 5	 1	223.820	2.050
13	 5	 2	222.781	2.521
13	 5	 3	221.764	2.104
13	 5	 4	220.932	2.075
13	 5	 5	219.886	1.983
13	 5	 6	218.916	5.927
13	 5	 7	218.071	6.243
13	 6	 0	225.001	2.069
13	 6	 1	223.776	2.343
13	 6	 2	222.852	2.170
13	 6	 3	221.768	2.163
13	 6	 4	220.789	2.265
13	 6	 5	219.878	1.753
13	 6	 6	218.969	6.408
13	 6	 7	218.005	6.246
13	 7	 0	224.980	2.016
13	 7	 1	223.892	2.200
13	 7	 2	222.849	1.955
13	 7	 3	221.733	2.235
13	 7	 4	220.920	1.881
13	 7	 5	219.775	1.943
13	 7	 6	219.364	5.965
13	 7	 7	218.095	5.903
14	 0	 0	224.820	2.258
14	 0	 1	223.736	1.105
14	 0	 2	222.834	0.913
14	 0	 3	221.760	1.077
14	 0	 4	220.901	1.013
14	 0	 5	219.810	0.961
14	 0	 6	218.947	1.051
14	 0	 7	217.829	2.347
14	 1	 0	224.771	1.280
14	 1	 1	223.662	1.211
14	 1	 2	222.774	1.182
14	 1	 3	221.732	1.344
14	 1	 4	220.811	1.288
14	 1	 5	219.782	1.223
14	 1	 6	218.902	1.220
14	 1	 7	217.893	3.040
14	 2	 0	224.771	3.669
14	 2	 1	223.748	1.319
14	 2	 2	222.767	1.358
14	 2	 3	221.689	1.481
14	 2	 4	220.859	1.365
14	 2	 5	219.791	1.459
14	 2	 6	218.824	1.458
14	 2	 7	217.945	3.599
14	 3	 0	224.788	1.431
14	 3	 1	223.664	1.605
14	 3	 2	222.803	1.523
14	 3	 3	221.755	1.452
14	 3	 4	220.758	1.539
14	 3	 5	219.749	1.331
14	 3	 6	218.873	1.451
14	 3	 7	217.924	3.900
14	 4	 0	224.743	1.744
14	 4	 1	223.727	1.549
14	 4	 2	222.796	1.710
14	 4	 3	221.647	1.728
14	 4	 4	220.834	1.403
14	 4	 5	219.774	1.503
14	 4	 6	218.868	3.597
14	 4	 7	217.639	4.187
14	 5	 0	224.784	1.578
14	 5	 1	223.732	1.544
14	 5	 2	222.755	1.756
14	 5	 3	221.678	1.541
14	 5	 4	220.862	1.460
14	 5	 5	219.840	1.496
14	 5	 6	218.740	4.217
14	 5	 7	217.858	4.279
14	 6	 0	224.811	1.557
14	 6	 1	223.704	1.673
14	 6	 2	222.770	1.571
14	 6	 3	221.694	1.600
14	 6	 4	220.779	1.549
14	 6	 5	219.828	1.388
14	 6	 6	218.792	4.446
14	 6	 7	217.824	4.377
14	 7	 0	224.817	1.588
14	 7	 1	223.795	1.624
14	 7	 2	222.808	1.459
14	 7	 3	221.746	1.627
14	 7	 4	220.887	1.436
14	 7	 5	219.794	1.375
14	 7	 6	219.131	4.058
14	 7	 7	217.874	4.092
15	 0	 0	223.637	2.261
15	 0	 1	222.613	1.143
15	 0	 2	221.714	0.957
15	 0	 3	220.525	1.164
15	 0	 4	219.717	1.050
15	 0	 5	218.628	1.009
15	 0	 6	217.782	1.016
15	 0	 7	216.673	2.367
15	 1	 0	223.543	1.528
15	 1	 1	222.595	1.234
15	 1	 2	221.618	1.380
15	 1	 3	220.554	1.316
15	 1	 4	219.702	1.178
15	 1	 5	218.575	1.428
15	 1	 6	217.752	1.237
15	 1	 7	216.647	3.181
15	 2	 0	223.608	3.588
15	 2	 1	222.578	1.390
15	 2	 2	221.657	1.464
15	 2	 3	220.619	1.564
15	 2	 4	219.725	1.371
15	 2	 5	218.638	1.465
15	 2	 6	217.702	1.569
15	 2	 7	216.742	3.664
15	 3	 0	223.680	1.421
15	 3	 1	222.499	1.756
15	 3	 2	221.696	1.599
15	 3	 3	220.638	1.539
15	 3	 4	219.661	1.629
15	 3	 5	218.694	1.399
15	 3	 6	217.795	1.591
15	 3	 7	216.656	4.104
15	 4	 0	223.616	1.957
15	 4	 1	222.585	1.641
15	 4	 2	221.676	1.807
15	 4	 3	220.455	1.858
15	 4	 4	219.745	1.537
15	 4	 5	218.601	1.642
15	 4	 6	217.776	3.652
15	 4	 7	216.438	4.130
15	 5	 0	223.689	1.687
15	 5	 1	222.664	1.648
15	 5	 2	221.607	1.970
15	 5	 3	220.565	1.608
15	 5	 4	219.738	1.627
15	 5	 5	218.730	1.517
15	 5	 6	217.634	4.316
15	 5	 7	216.639	4.330
15	 6	 0	223.713	1.590
15	 6	 1	222.534	1.864
15	 6	 2	221.674	1.682
15	 6	 3	220.573	1.630
15	 6	 4	219.684	1.683
15	 6	 5	218.744	1.432
15	 6	 6	217.629	4.368
15	 6	 7	216.612	4.389
15	 7	 0	223.760	1.523
15	 7	 1	222.682	1.712
15	 7	 2	221.665	1.558
15	 7	 3	220.565	1.758
15	 7	 4	219.781	1.532
15	 7	 5	218.627	1.657
15	 7	 6	218.043	4.049
15	 7	 7	216.644	4.081
16	 0	 0	214.524	2.265
16	 0	 1	213.499	0.986
16	 0	 2	212.528	0.985
16	 0	 3	211.502	0.938
16	 0	 4	210.574	0.934
16	 0	 5	209.554	0.910
16	 0	 6	208.511	0.898
16	 0	 7	207.494	2.220
16	 1	 0	214.472	1.370
16	 1	 1	213.494	1.255
16	 1	 2	212.540	1.222
16	 1	 3	211.458	1.358
16	 1	 4	210.532	1.280
16	 1	 5	209.504	1.245
16	 1	 6	208.446	1.281
16	 1	 7	207.474	3.099
16	 2	 0	214.519	3.742
16	 2	 1	213.459	1.520
16	 2	 2	212.580	1.501
16	 2	 3	211.493	1.680
16	 2	 4	210.532	1.644
16	 2	 5	209.501	1.459
16	 2	 6	208.485	1.535
16	 2	 7	207.672	3.865
16	 3	 0	214.435	1.776
16	 3	 1	213.429	1.673
16	 3	 2	212.518	1.672
16	 3	 3	211.447	1.622
16	 3	 4	210.485	1.730
16	 3	 5	209.448	1.716
16	 3	 6	208.481	1.889
16	 3	 7	207.485	3.737
16	 4	 0	214.566	1.943
16	 4	 1	213.463	1.886
16	 4	 2	212.539	1.803
16	 4	 3	211.443	1.737
16	 4	 4	210.482	1.812
16	 4	 5	209.577	1.657
16	 4	 6	208.339	4.169
16	 4	 7	207.816	4.503
16	 5	 0	214.420	1.856
16	 5	 1	213.448	1.666
16	 5	 2	212.454	1.809
16	 5	 3	211.525	1.725
16	 5	 4	210.472	1.704
16	 5	 5	209.475	1.741
16	 5	 6	208.634	4.204
16	 5	 7	207.600	4.285
16	 6	 0	214.404	1.768
16	 6	 1	213.464	1.850
16	 6	 2	212.507	1.809
16	 6	 3	211.433	1.856
16	 6	 4	210.552	1.708
16	 6	 5	209.416	1.736
16	 6	 6	208.928	4.543
16	 6	 7	207.385	4.222
16	 7	 0	214.495	1.625
16	 7	 1	213.450	1.764
16	 7	 2	212.433	1.715
16	 7	 3	211.485	1.758
16	 7	 4	210.519	1.664
16	 7	 5	209.505	1.668
16	 7	 6	208.468	4.035
16	 7	 7	207.715	4.167
17	 0	 0	218.490	3.091
17	 0	 1	217.604	1.257
17	 0	 2	216.685	1.051
17	 0	 3	215.796	1.315
17	 0	 4	214.697	1.171
17	 0	 5	213.823	1.060
17	 0	 6	212.888	1.031
17	 0	 7	211.824	3.141
17	 1	 0	218.563	1.489
17	 1	 1	217.631	1.241
17	 1	 2	216.766	1.474
17	 1	 3	215.701	1.481
17	 1	 4	214.631	1.321
17	 1	 5	213.809	1.332
17	 1	 6	212.844	1.369
17	 1	 7	211.764	3.901
17	 2	 0	218.501	4.675
17	 2	 1	217.633	1.693
17	 2	 2	216.765	1.739
17	 2	 3	215.710	1.623
17	 2	 4	214.603	1.617
17	 2	 5	213.790	1.532
17	 2	 6	212.880	1.883
17	 2	 7	211.891	4.654
17	 3	 0	218.490	1.684
17	 3	 1	217.722	2.017
17	 3	 2	216.729	1.888
17	 3	 3	215.726	1.819
17	 3	 4	214.791	1.926
17	 3	 5	213.712	1.672
17	 3	 6	212.719	2.020
17	 3	 7	211.741	4.870
17	 4	 0	218.607	2.650
17	 4	 1	217.618	1.676
17	 4	 2	216.701	1.943
17	 4	 3	215.788	2.024
17	 4	 4	214.615	1.780
17	 4	 5	213.872	2.018
17	 4	 6	212.578	5.217
17	 4	 7	211.988	4.983
17	 5	 0	218.483	1.907
17	 5	 1	217.598	1.953
17	 5	 2	216.829	2.255
17	 5	 3	215.586	1.765
17	 5	 4	214.717	1.863
17	 5	 5	213.827	1.788
17	 5	 6	212.833	5.202
17	 5	 7	211.924	5.368
17	 6	 0	218.621	1.850
17	 6	 1	217.784	2.093
17	 6	 2	216.780	1.908
17	 6	 3	215.618	1.826
17	 6	 4	214.818	2.247
17	 6	 5	213.781	1.733
17	 6	 6	213.087	5.230
17	 6	 7	211.897	5.381
17	 7	 0	218.621	1.737
17	 7	 1	217.681	1.939
17	 7	 2	216.729	1.905
17	 7	 3	215.710	1.970
17	 7	 4	214.846	1.741
17	 7	 5	213.943	2.093
17	 7	 6	212.632	5.012
17	 7	 7	211.915	4.907
18	 0	 0	217.426	4.427
18	 0	 1	216.376	1.693
18	 0	 2	215.463	1.535
18	 0	 3	214.394	1.874
18	 0	 4	213.541	1.609
18	 0	 5	212.548	1.561
18	 0	 6	211.660	1.412
18	 0	 7	210.757	4.558
18	 1	 0	217.403	2.098
18	 1	 1	216.355	2.045
18	 1	 2	215.496	2.242
18	 1	 3	214.377	2.164
18	 1	 4	213.583	1.932
18	 1	 5	212.667	2.181
18	 1	 6	211.581	2.063
18	 1	 7	210.777	5.680
18	 2	 0	217.367	6.885
18	 2	 1	216.231	2.663
18	 2	 2	215.561	2.660
18	 2	 3	214.461	2.379
18	 2	 4	213.493	2.333
18	 2	 5	212.500	2.273
18	 2	 6	211.724	2.896
18	 2	 7	210.921	6.601
18	 3	 0	217.364	2.627
18	 3	 1	216.481	3.172
18	 3	 2	215.392	2.744
18	 3	 3	214.335	2.520
18	 3	 4	213.679	3.001
18	 3	 5	212.509	2.584
18	 3	 6	211.546	3.117
18	 3	 7	210.692	6.747
18	 4	 0	217.463	3.677
18	 4	 1	216.370	2.730
18	 4	 2	215.409	2.973
18	 4	 3	214.531	2.851
18	 4	 4	213.588	2.557
18	 4	 5	212.718	2.833
18	 4	 6	211.254	7.322
18	 4	 7	211.000	6.909
18	 5	 0	217.410	2.853
18	 5	 1	216.331	2.959
18	 5	 2	215.497	3.451
18	 5	 3	214.398	2.668
18	 5	 4	213.473	2.712
18	 5	 5	212.565	2.558
18	 5	 6	211.834	7.172
18	 5	 7	210.845	7.589
18	 6	 0	217.311	2.892
18	 6	 1	216.514	3.330
18	 6	 2	215.495	2.859
18	 6	 3	214.351	2.936
18	 6	 4	213.603	3.133
18	 6	 5	212.485	2.596
18	 6	 6	212.272	7.557
18	 6	 7	210.744	7.597
18	 7	 0	217.431	2.654
18	 7	 1	216.448	2.976
18	 7	 2	215.394	2.791
18	 7	 3	214.539	3.024
18	 7	 4	213.515	2.702
18	 7	 5	212.695	3.023
18	 7	 6	211.638	7.315
18	 7	 7	210.882	6.934
19	 0	 0	226.086	5.929
19	 0	 1	224.950	2.025
19	 0	 2	223.943	1.778
19	 0	 3	222.882	2.190
19	 0	 4	222.055	1.840
19	 0	 5	220.981	1.887
19	 0	 6	219.951	2.149
19	 0	 7	219.219	5.926
19	 1	 0	225.865	2.770
19	 1	 1	224.963	2.546
19	 1	 2	223.848	2.349
19	 1	 3	222.866	2.569
19	 1	 4	221.964	2.385
19	 1	 5	220.929	2.512
19	 1	 6	220.050	2.425
19	 1	 7	219.286	7.954
19	 2	 0	225.775	7.724
19	 2	 1	224.886	2.811
19	 2	 2	223.907	2.815
19	 2	 3	222.872	3.229
19	 2	 4	222.036	2.637
19	 2	 5	220.982	2.817
19	 2	 6	219.832	3.071
19	 2	 7	219.472	8.642
19	 3	 0	225.888	2.971
19	 3	 1	224.736	3.407
19	 3	 2	223.978	3.154
19	 3	 3	222.888	2.808
19	 3	 4	221.941	3.153
19	 3	 5	220.924	2.653
19	 3	 6	220.008	3.137
19	 3	 7	219.498	9.495
19	 4	 0	225.602	4.228
19	 4	 1	224.808	3.182
19	 4	 2	223.934	3.661
19	 4	 3	222.771	3.488
19	 4	 4	222.003	3.095
19	 4	 5	220.632	3.013
19	 4	 6	220.427	9.661
19	 4	 7	219.084	9.893
19	 5	 0	225.892	3.294
19	 5	 1	224.803	3.128
19	 5	 2	223.843	3.846
19	 5	 3	222.808	3.189
19	 5	 4	221.962	3.025
19	 5	 5	221.013	2.790
19	 5	 6	220.350	9.897
19	 5	 7	219.550	10.362
19	 6	 0	225.972	3.245
19	 6	 1	224.753	3.568
19	 6	 2	223.880	3.336
19	 6	 3	222.868	3.222
19	 6	 4	221.875	3.484
19	 6	 5	220.759	2.528
19	 6	 6	220.627	10.434
19	 6	 7	219.653	10.489
19	 7	 0	225.926	3.115
19	 7	 1	224.881	3.554
19	 7	 2	223.904	3.087
19	 7	 3	222.813	3.328
19	 7	 4	221.935	2.954
19	 7	 5	220.574	3.010
19	 7	 6	221.066	10.280
19	 7	 7	219.676	9.986
20	 0	 0	219.863	6.813
20	 0	 1	218.745	2.690
20	 0	 2	217.861	2.473
20	 0	 3	216.934	2.695
20	 0	 4	215.777	2.486
20	 0	 5	214.810	2.389
20	 0	 6	213.890	2.275
20	 0	 7	213.065	6.858
20	 1	 0	219.809	3.198
20	 1	 1	218.701	3.185
20	 1	 2	217.889	3.173
20	 1	 3	216.752	3.260
20	 1	 4	215.813	3.006
20	 1	 5	214.889	3.157
20	 1	 6	213.634	3.089
20	 1	 7	213.031	8.756
20	 2	 0	219.750	9.490
20	 2	 1	218.727	3.902
20	 2	 2	217.833	3.767
20	 2	 3	216.819	3.774
20	 2	 4	215.681	3.607
20	 2	 5	214.793	3.366
20	 2	 6	213.908	4.020
20	 2	 7	213.352	9.850
20	 3	 0	219.688	3.927
20	 3	 1	218.732	4.296
20	 3	 2	217.783	4.174
20	 3	 3	216.703	3.982
20	 3	 4	215.838	3.982
20	 3	 5	214.629	3.924
20	 3	 6	213.807	4.464
20	 3	 7	213.308	10.494
20	 4	 0	219.724	4.877
20	 4	 1	218.787	4.047
20	 4	 2	217.770	4.596
20	 4	 3	216.885	3.833
20	 4	 4	215.789	4.057
20	 4	 5	214.833	3.902
20	 4	 6	213.931	11.340
20	 4	 7	213.139	10.305
20	 5	 0	219.667	4.186
20	 5	 1	218.626	4.411
20	 5	 2	217.845	4.617
20	 5	 3	216.741	4.024
20	 5	 4	215.675	4.145
20	 5	 5	214.804	3.937
20	 5	 6	214.297	10.796
20	 5	 7	213.329	11.668
20	 6	 0	219.720	4.322
20	 6	 1	218.839	4.341
20	 6	 2	217.841	4.089
20	 6	 3	216.752	4.295
20	 6	 4	215.785	4.187
20	 6	 5	214.714	3.928
20	 6	 6	214.715	11.488
20	 6	 7	213.354	11.939
20	 7	 0	219.822	4.028
20	 7	 1	218.798	4.192
20	 7	 2	217.846	3.884
20	 7	 3	216.915	3.985
20	 7	 4	215.870	3.928
20	 7	 5	214.864	3.884
20	 7	 6	214.336	11.975
20	 7	 7	213.440	11.174
21	 0	 0	227.296	7.747
21	 0	 1	225.993	2.932
21	 0	 2	225.122	2.714
21	 0	 3	224.188	3.121
21	 0	 4	223.295	2.692
21	 0	 5	222.167	2.832
21	 0	 6	221.444	3.182
21	 0	 7	220.467	7.849
21	 1	 0	226.995	3.906
21	 1	 1	226.012	3.599
21	 1	 2	225.063	3.553
21	 1	 3	224.114	3.771
21	 1	 4	223.188	3.623
21	 1	 5	222.118	3.694
21	 1	 6	221.322	3.744
21	 1	 7	220.767	10.797
21	 2	 0	226.849	9.474
21	 2	 1	226.068	4.246
21	 2	 2	225.096	4.123
21	 2	 3	224.184	4.779
21	 2	 4	223.274	3.870
21	 2	 5	222.154	4.061
21	 2	 6	221.305	4.816
21	 2	 7	220.964	11.866
21	 3	 0	226.980	4.426
21	 3	 1	225.875	4.915
21	 3	 2	225.252	4.810
21	 3	 3	224.107	4.213
21	 3	 4	223.191	4.619
21	 3	 5	222.152	3.929
21	 3	 6	221.574	5.979
21	 3	 7	221.085	12.395
21	 4	 0	226.972	6.149
21	 4	 1	226.006	4.635
21	 4	 2	225.194	5.402
21	 4	 3	224.116	5.108
21	 4	 4	223.281	4.453
21	 4	 5	222.115	4.661
21	 4	 6	221.977	12.620
21	 4	 7	220.763	12.747
21	 5	 0	227.126	5.258
21	 5	 1	225.987	4.811
21	 5	 2	225.208	5.593
21	 5	 3	224.120	4.850
21	 5	 4	223.295	4.583
21	 5	 5	222.187	4.074
21	 5	 6	221.950	12.771
21	 5	 7	221.399	13.301
21	 6	 0	227.193	4.966
21	 6	 1	225.922	5.458
21	 6	 2	225.305	5.104
21	 6	 3	224.148	4.772
21	 6	 4	223.283	5.107
21	 6	 5	222.276	4.146
21	 6	 6	222.272	13.265
21	 6	 7	221.336	13.586
21	 7	 0	227.106	4.770
21	 7	 1	226.020	5.109
21	 7	 2	225.252	4.665
21	 7	 3	224.114	4.815
21	 7	 4	223.345	4.495
21	 7	 5	222.157	4.823
21	 7	 6	222.829	13.409
21	 7	 7	221.332	12.946
22	 0	 0	218.692	9.702
22	 0	 1	217.316	3.999
22	 0	 2	216.266	3.725
22	 0	 3	215.550	4.112
22	 0	 4	214.493	3.872
22	 0	 5	213.463	3.653
22	 0	 6	212.609	3.588
22	 0	 7	212.096	10.081
22	 1	 0	218.388	5.142
22	 1	 1	217.171	4.981
22	 1	 2	216.385	5.044
22	 1	 3	215.295	5.215
22	 1	 4	214.444	4.767
22	 1	 5	213.539	4.809
22	 1	 6	212.335	4.845
22	 1	 7	212.303	13.386
22	 2	 0	218.647	12.920
22	 2	 1	217.183	6.225
22	 2	 2	216.538	5.799
22	 2	 3	215.447	6.116
22	 2	 4	214.251	5.679
22	 2	 5	213.470	5.340
22	 2	 6	212.579	6.082
22	 2	 7	212.800	15.233
22	 3	 0	218.199	6.434
22	 3	 1	217.282	6.666
22	 3	 2	216.305	6.607
22	 3	 3	215.307	6.083
22	 3	 4	214.472	6.148
22	 3	 5	213.244	5.981
22	 3	 6	212.471	6.684
22	 3	 7	212.713	16.067
22	 4	 0	218.402	7.552
22	 4	 1	217.369	6.605
22	 4	 2	216.376	7.194
22	 4	 3	215.512	6.146
22	 4	 4	214.333	6.283
22	 4	 5	213.691	5.829
22	 4	 6	213.117	16.756
22	 4	 7	212.845	15.602
22	 5	 0	218.168	6.737
22	 5	 1	217.253	6.789
22	 5	 2	216.416	7.363
22	 5	 3	215.305	6.284
22	 5	 4	214.239	6.352
22	 5	 5	213.472	6.090
22	 5	 6	213.857	15.941
22	 5	 7	212.853	17.579
22	 6	 0	218.223	6.996
22	 6	 1	217.467	6.965
22	 6	 2	216.380	6.695
22	 6	 3	215.200	6.655
22	 6	 4	214.389	6.522
22	 6	 5	213.270	6.076
22	 6	 6	214.419	17.010
22	 6	 7	212.897	17.839
22	 7	 0	218.354	6.557
22	 7	 1	217.259	6.852
22	 7	 2	216.318	6.229
22	 7	 3	215.482	6.328
22	 7	 4	214.338	6.187
22	 7	 5	213.670	5.928
22	 7	 6	213.890	18.237
22	 7	 7	212.982	16.880
23	 0	 0	223.227	12.179
23	 0	 1	221.651	5.364
23	 0	 2	220.790	4.655
23	 0	 3	219.689	5.206
23	 0	 4	218.823	4.808
23	 0	 5	217.860	4.703
23	 0	 6	217.380	5.158
23	 0	 7	216.750	12.714
23	 1	 0	222.524	6.801
23	 1	 1	221.735	6.832
23	 1	 2	220.604	6.443
23	 1	 3	219.778	7.105
23	 1	 4	218.831	6.333
23	 1	 5	217.732	6.314
23	 1	 6	216.926	7.104
23	 1	 7	217.396	16.722
23	 2	 0	223.214	14.771
23	 2	 1	221.756	8.383
23	 2	 2	220.625	7.580
23	 2	 3	220.100	8.465
23	 2	 4	218.789	7.592
23	 2	 5	217.852	7.148
23	 2	 6	216.955	8.084
23	 2	 7	217.947	17.893
23	 3	 0	222.727	8.841
23	 3	 1	221.609	8.809
23	 3	 2	220.768	9.211
23	 3	 3	219.801	8.318
23	 3	 4	218.794	8.108
23	 3	 5	217.668	7.857
23	 3	 6	217.778	12.242
23	 3	 7	218.145	18.363
23	 4	 0	222.630	10.340
23	 4	 1	221.798	9.472
23	 4	 2	220.918	10.253
23	 4	 3	219.747	8.297
23	 4	 4	218.831	8.519
23	 4	 5	217.759	7.914
23	 4	 6	218.497	18.539
23	 4	 7	217.612	18.157
23	 5	 0	222.800	9.827
23	 5	 1	221.675	9.658
23	 5	 2	220.738	9.999
23	 5	 3	219.667	8.669
23	 5	 4	218.854	8.692
23	 5	 5	217.913	8.154
23	 5	 6	218.938	18.059
23	 5	 7	218.231	19.285
23	 6	 0	222.859	9.803
23	 6	 1	221.501	9.363
23	 6	 2	220.856	9.392
23	 6	 3	219.881	9.040
23	 6	 4	218.717	8.643
23	 6	 5	217.896	8.287
23	 6	 6	219.335	19.122
23	 6	 7	218.148	19.543
23	 7	 0	222.871	8.945
23	 7	 1	221.818	9.476
23	 7	 2	220.778	8.611
23	 7	 3	219.730	8.222
23	 7	 4	218.855	8.328
23	 7	 5	217.773	7.926
23	 7	 6	219.580	19.845
23	 7	 7	218.203	18.902
24	 0	 0	219.140	12.400
24	 0	 1	217.186	5.549
24	 0	 2	216.089	5.432
24	 0	 3	215.172	5.480
24	 0	 4	214.186	5.227
24	 0	 5	213.089	5.029
24	 0	 6	212.254	4.997
24	 0	 7	212.250	13.389
24	 1	 0	218.291	6.958
24	 1	 1	217.076	6.933
24	 1	 2	216.256	7.010
24	 1	 3	215.023	7.084
24	 1	 4	214.104	6.639
24	 1	 5	213.285	6.467
24	 1	 6	212.050	6.837
24	 1	 7	212.785	16.480
24	 2	 0	219.688	15.288
24	 2	 1	217.154	8.368
24	 2	 2	216.438	7.805
24	 2	 3	215.294	8.280
24	 2	 4	213.979	7.492
24	 2	 5	213.210	7.323
24	 2	 6	212.477	7.971
24	 2	 7	213.646	16.745
24	 3	 0	218.217	8.727
24	 3	 1	217.319	8.872
24	 3	 2	216.297	9.079
24	 3	 3	215.189	8.112
24	 3	 4	214.282	8.090
24	 3	 5	212.952	7.762
24	 3	 6	212.521	9.654
24	 3	 7	213.677	17.386
24	 4	 0	218.625	10.043
24	 4	 1	217.351	9.239
24	 4	 2	216.389	9.856
24	 4	 3	215.351	8.237
24	 4	 4	214.135	8.329
24	 4	 5	213.459	7.646
24	 4	 6	213.805	17.329
24	 4	 7	213.587	16.684
24	 5	 0	218.217	9.167
24	 5	 1	217.236	9.133
24	 5	 2	216.312	9.158
24	 5	 3	215.175	8.293
24	 5	 4	214.153	8.309
24	 5	 5	213.226	7.920
24	 5	 6	214.692	16.694
24	 5	 7	213.890	17.744
24	 6	 0	218.256	9.262
24	 6	 1	217.476	9.165
24	 6	 2	216.300	8.701
24	 6	 3	215.074	8.488
24	 6	 4	214.255	8.183
24	 6	 5	212.966	7.670
24	 6	 6	215.408	17.580
24	 6	 7	213.850	17.794
24	 7	 0	218.333	8.839
24	 7	 1	217.276	9.149
24	 7	 2	216.096	8.093
24	 7	 3	215.276	8.100
24	 7	 4	214.203	8.046
24	 7	 5	213.458	7.501
24	 7	 6	214.800	18.455
24	 7	 7	213.982	17.238
25	 0	 0	217.092	10.180
25	 0	 1	215.509	4.145
25	 0	 2	214.454	3.887
25	 0	 3	213.437	4.136
25	 0	 4	212.586	3.818
25	 0	 5	211.496	3.699
25	 0	 6	210.531	3.453
25	 0	 7	210.113	10.665
25	 1	 0	216.570	5.243
25	 1	 1	215.375	5.058
25	 1	 2	214.533	5.342
25	 1	 3	213.293	5.157
25	 1	 4	212.492	4.855
25	 1	 5	211.674	5.028
25	 1	 6	210.518	4.926
25	 1	 7	210.346	14.061
25	 2	 0	217.240	13.423
25	 2	 1	215.264	5.974
25	 2	 2	214.568	5.938
25	 2	 3	213.427	5.927
25	 2	 4	212.366	5.561
25	 2	 5	211.492	5.329
25	 2	 6	210.664	6.014
25	 2	 7	210.949	15.352
25	 3	 0	216.382	6.284
25	 3	 1	215.496	6.859
25	 3	 2	214.337	6.497
25	 3	 3	213.258	5.911
25	 3	 4	212.656	6.320
25	 3	 5	211.360	5.761
25	 3	 6	210.552	6.397
25	 3	 7	210.763	16.133
25	 4	 0	216.776	7.601
25	 4	 1	215.392	6.725
25	 4	 2	214.417	7.145
25	 4	 3	213.513	6.260
25	 4	 4	212.483	6.194
25	 4	 5	211.811	6.022
25	 4	 6	211.223	16.202
25	 4	 7	211.248	15.227
25	 5	 0	216.365	6.835
25	 5	 1	215.349	6.787
25	 5	 2	214.563	7.184
25	 5	 3	213.362	6.195
25	 5	 4	212.428	6.263
25	 5	 5	211.454	5.903
25	 5	 6	212.181	15.347
25	 5	 7	211.104	16.856
25	 6	 0	216.368	6.814
25	 6	 1	215.589	7.078
25	 6	 2	214.431	6.525
25	 6	 3	213.271	6.301
25	 6	 4	212.619	6.412
25	 6	 5	211.267	5.684
25	 6	 6	212.740	16.520
25	 6	 7	211.020	17.012
25	 7	 0	216.410	6.449
25	 7	 1	215.477	7.011
25	 7	 2	214.378	6.123
25	 7	 3	213.539	6.324
25	 7	 4	212.448	5.940
25	 7	 5	211.821	5.997
25	 7	 6	211.947	17.254
25	 7	 7	211.314	16.355
26	 0	 0	222.869	8.646
26	 0	 1	221.615	3.118
26	 0	 2	220.783	2.684
26	 0	 3	219.500	2.913
26	 0	 4	218.643	2.734
26	 0	 5	217.651	2.583
26	 0	 6	216.872	2.683
26	 0	 7	215.970	8.491
26	 1	 0	222.543	3.713
26	 1	 1	221.607	3.451
26	 1	 2	220.488	3.549
26	 1	 3	219.551	3.614
26	 1	 4	218.644	3.135
26	 1	 5	217.539	3.387
26	 1	 6	216.677	3.796
26	 1	 7	216.173	11.166
26	 2	 0	222.748	10.956
26	 2	 1	221.553	4.118
26	 2	 2	220.528	4.092
26	 2	 3	219.600	4.413
26	 2	 4	218.603	3.890
26	 2	 5	217.550	3.859
26	 2	 6	216.511	4.420
26	 2	 7	216.535	12.507
26	 3	 0	222.618	4.218
26	 3	 1	221.429	4.760
26	 3	 2	220.540	4.929
26	 3	 3	219.485	4.261
26	 3	 4	218.526	4.127
26	 3	 5	217.568	3.806
26	 3	 6	216.727	4.860
26	 3	 7	216.594	12.851
26	 4	 0	222.381	5.879
26	 4	 1	221.590	4.431
26	 4	 2	220.619	5.493
26	 4	 3	219.306	4.300
26	 4	 4	218.572	4.239
26	 4	 5	217.490	4.036
26	 4	 6	217.302	13.448
26	 4	 7	216.185	12.849
26	 5	 0	222.595	4.868
26	 5	 1	221.549	4.911
26	 5	 2	220.491	5.027
26	 5	 3	219.437	4.233
26	 5	 4	218.628	4.396
26	 5	 5	217.647	4.041
26	 5	 6	217.490	12.946
26	 5	 7	216.695	14.009
26	 6	 0	222.706	4.618
26	 6	 1	221.442	4.667
26	 6	 2	220.521	4.506
26	 6	 3	219.551	4.239
26	 6	 4	218.454	4.379
26	 6	 5	217.689	4.035
26	 6	 6	217.916	13.688
26	 6	 7	216.694	14.131
26	 7	 0	222.771	4.171
26	 7	 1	221.598	4.912
26	 7	 2	220.557	3.991
26	 7	 3	219.417	4.169
26	 7	 4	218.614	3.989
26	 7	 5	217.457	3.973
26	 7	 6	218.144	14.291
26	 7	 7	216.723	13.461
27	 0	 0	215.985	6.494
27	 0	 1	214.952	2.462
27	 0	 2	213.925	2.323
27	 0	 3	212.892	2.479
27	 0	 4	212.099	2.284
27	 0	 5	210.926	2.226
27	 0	 6	209.956	2.101
27	 0	 7	209.124	6.393
27	 1	 0	215.873	3.172
27	 1	 1	214.809	3.035
27	 1	 2	213.928	3.166
27	 1	 3	212.786	3.100
27	 1	 4	211.990	2.917
27	 1	 5	211.034	3.106
27	 1	 6	209.922	3.029
27	 1	 7	209.174	8.003
27	 2	 0	215.962	9.398
27	 2	 1	214.753	3.582
27	 2	 2	213.931	3.708
27	 2	 3	212.794	3.654
27	 2	 4	211.970	3.419
27	 2	 5	210.920	3.262
27	 2	 6	210.005	3.999
27	 2	 7	209.500	9.219
27	 3	 0	215.776	3.868
27	 3	 1	214.870	4.474
27	 3	 2	213.755	3.920
27	 3	 3	212.726	3.561
27	 3	 4	212.060	4.096
27	 3	 5	210.841	3.744
27	 3	 6	209.945	4.150
27	 3	 7	209.271	9.455
27	 4	 0	216.037	5.008
27	 4	 1	214.735	4.187
27	 4	 2	213.782	4.286
27	 4	 3	212.810	4.054
27	 4	 4	211.926	3.908
27	 4	 5	211.097	3.936
27	 4	 6	209.723	9.836
27	 4	 7	209.696	9.452
27	 5	 0	215.795	4.183
27	 5	 1	214.726	4.234
27	 5	 2	213.794	4.684
27	 5	 3	212.801	3.770
27	 5	 4	211.872	3.844
27	 5	 5	210.845	3.835
27	 5	 6	210.411	9.738
27	 5	 7	209.405	10.579
27	 6	 0	215.739	4.091
27	 6	 1	214.876	4.629
27	 6	 2	213.797	4.059
27	 6	 3	212.691	4.022
27	 6	 4	211.976	4.238
27	 6	 5	210.760	3.724
27	 6	 6	210.960	10.786
27	 6	 7	209.305	10.533
27	 7	 0	215.775	3.901
27	 7	 1	214.775	4.262
27	 7	 2	213.772	3.793
27	 7	 3	212.887	4.039
27	 7	 4	211.918	3.741
27	 7	 5	211.103	4.063
27	 7	 6	210.227	10.437
27	 7	 7	209.567	9.874
28	 0	 0	216.240	3.997
28	 0	 1	215.359	1.527
28	 0	 2	214.372	1.440
28	 0	 3	213.301	1.489
28	 0	 4	212.553	1.404
28	 0	 5	211.480	1.458
28	 0	 6	210.579	1.261
28	 0	 7	209.473	4.037
28	 1	 0	216.328	1.858
28	 1	 1	215.293	1.886
28	 1	 2	214.333	1.874
28	 1	 3	213.237	1.892
28	 1	 4	212.533	1.909
28	 1	 5	211.486	1.976
28	 1	 6	210.511	1.919
28	 1	 7	209.556	5.190
28	 2	 0	216.310	6.267
28	 2	 1	215.162	2.266
28	 2	 2	214.342	2.335
28	 2	 3	213.383	2.175
28	 2	 4	212.419	1.994
28	 2	 5	211.523	1.917
28	 2	 6	210.432	2.660
28	 2	 7	209.735	6.008
28	 3	 0	216.262	2.306
28	 3	 1	215.362	2.819
28	 3	 2	214.273	2.343
28	 3	 3	213.211	2.210
28	 3	 4	212.532	2.480
28	 3	 5	211.334	2.272
28	 3	 6	210.455	2.684
28	 3	 7	209.462	6.023
28	 4	 0	216.384	3.167
28	 4	 1	215.381	2.401
28	 4	 2	214.297	2.560
28	 4	 3	213.369	2.383
28	 4	 4	212.470	2.377
28	 4	 5	211.544	2.467
28	 4	 6	210.026	6.481
28	 4	 7	209.893	6.446
28	 5	 0	216.216	2.535
28	 5	 1	215.222	2.615
28	 5	 2	214.332	2.837
28	 5	 3	213.322	2.297
28	 5	 4	212.431	2.377
28	 5	 5	211.470	2.162
28	 5	 6	210.597	6.403
28	 5	 7	209.585	6.816
28	 6	 0	216.239	2.499
28	 6	 1	215.300	2.889
28	 6	 2	214.254	2.431
28	 6	 3	213.183	2.571
28	 6	 4	212.322	2.590
28	 6	 5	211.391	2.283
28	 6	 6	211.061	6.869
28	 6	 7	209.521	6.802
28	 7	 0	216.317	2.313
28	 7	 1	215.375	2.594
28	 7	 2	214.287	2.300
28	 7	 3	213.407	2.643
28	 7	 4	212.509	2.346
28	 7	 5	211.583	2.518
28	 7	 6	210.460	6.366
28	 7	 7	209.724	6.234
29	 0	 0	223.496	2.844
29	 0	 1	222.521	1.180
29	 0	 2	221.572	1.011
29	 0	 3	220.497	1.172
29	 0	 4	219.623	1.107
29	 0	 5	218.652	1.051
29	 0	 6	217.829	1.084
29	 0	 7	216.702	2.892
29	 1	 0	223.440	1.492
29	 1	 1	222.547	1.253
29	 1	 2	221.545	1.352
29	 1	 3	220.542	1.300
29	 1	 4	219.632	1.125
29	 1	 5	218.604	1.364
29	 1	 6	217.733	1.242
29	 1	 7	216.733	3.754
29	 2	 0	223.486	4.238
29	 2	 1	222.505	1.372
29	 2	 2	221.550	1.481
29	 2	 3	220.540	1.520
29	 2	 4	219.603	1.288
29	 2	 5	218.629	1.376
29	 2	 6	217.602	1.530
29	 2	 7	216.741	4.248
29	 3	 0	223.596	1.389
29	 3	 1	222.462	1.717
29	 3	 2	221.598	1.573
29	 3	 3	220.579	1.450
29	 3	 4	219.585	1.571
29	 3	 5	218.671	1.332
29	 3	 6	217.778	1.546
29	 3	 7	216.730	4.696
29	 4	 0	223.431	1.973
29	 4	 1	222.511	1.573
29	 4	 2	221.567	1.798
29	 4	 3	220.404	1.722
29	 4	 4	219.588	1.418
29	 4	 5	218.561	1.585
29	 4	 6	217.745	4.175
29	 4	 7	216.420	4.657
29	 5	 0	223.524	1.565
29	 5	 1	222.511	1.586
29	 5	 2	221.517	1.894
29	 5	 3	220.513	1.514
29	 5	 4	219.618	1.508
29	 5	 5	218.716	1.362
29	 5	 6	217.603	4.827
29	 5	 7	216.765	4.943
29	 6	 0	223.564	1.497
29	 6	 1	222.397	1.771
29	 6	 2	221.576	1.621
29	 6	 3	220.591	1.539
29	 6	 4	219.539	1.619
29	 6	 5	218.751	1.335
29	 6	 6	217.633	5.080
29	 6	 7	216.676	5.074
29	 7	 0	223.519	1.449
29	 7	 1	222.548	1.575
29	 7	 2	221.567	1.470
29	 7	 3	220.521	1.644
29	 7	 4	219.664	1.479
29	 7	 5	218.575	1.552
29	 7	 6	218.050	4.863
29	 7	 7	216.693	4.670
30	 0	 0	214.939	2.049
30	 0	 1	213.918	0.876
30	 0	 2	213.112	0.887
30	 0	 3	211.926	0.863
30	 0	 4	211.094	0.886
30	 0	 5	210.023	0.836
30	 0	 6	209.113	0.844
30	 0	 7	208.015	1.979
30	 1	 0	214.920	1.079
30	 1	 1	213.916	1.087
30	 1	 2	213.041	1.036
30	 1	 3	211.984	1.110
30	 1	 4	211.049	1.036
30	 1	 5	210.041	1.044
30	 1	 6	209.092	1.136
30	 1	 7	208.058	2.724
30	 2	 0	214.952	3.267
30	 2	 1	213.878	1.305
30	 2	 2	213.019	1.283
30	 2	 3	211.967	1.379
30	 2	 4	211.081	1.346
30	 2	 5	210.019	1.167
30	 2	 6	209.090	1.285
30	 2	 7	208.183	3.330
30	 3	 0	214.913	1.312
30	 3	 1	213.863	1.415
30	 3	 2	213.043	1.325
30	 3	 3	211.966	1.265
30	 3	 4	211.066	1.358
30	 3	 5	210.002	1.355
30	 3	 6	209.050	1.546
30	 3	 7	208.050	3.159
30	 4	 0	214.969	1.544
30	 4	 1	213.895	1.493
30	 4	 2	213.047	1.428
30	 4	 3	211.976	1.340
30	 4	 4	211.016	1.416
30	 4	 5	210.027	1.377
30	 4	 6	208.887	3.592
30	 4	 7	208.276	3.877
30	 5	 0	214.924	1.536
30	 5	 1	213.874	1.425
30	 5	 2	212.981	1.323
30	 5	 3	211.996	1.340
30	 5	 4	211.009	1.436
30	 5	 5	209.976	1.355
30	 5	 6	209.150	3.549
30	 5	 7	208.029	3.655
30	 6	 0	214.909	1.337
30	 6	 1	213.911	1.499
30	 6	 2	213.037	1.366
30	 6	 3	211.971	1.466
30	 6	 4	211.051	1.308
30	 6	 5	209.992	1.390
30	 6	 6	209.406	3.887
30	 6	 7	207.898	3.687
30	 7	 0	214.888	1.283
30	 7	 1	213.934	1.442
30	 7	 2	213.009	1.325
30	 7	 3	211.984	1.396
30	 7	 4	211.019	1.248
30	 7	 5	210.034	1.334
30	 7	 6	209.078	3.372
30	 7	 7	208.233	3.523
31	 0	 0	218.939	2.307
31	 0	 1	217.915	0.978
31	 0	 2	216.943	0.853
31	 0	 3	216.060	1.018
31	 0	 4	215.090	0.957
31	 0	 5	214.086	0.870
31	 0	 6	213.082	0.851
31	 0	 7	212.204	2.373
31	 1	 0	218.861	1.190
31	 1	 1	217.892	0.974
31	 1	 2	216.967	1.129
31	 1	 3	215.969	1.065
31	 1	 4	215.060	1.069
31	 1	 5	214.079	1.063
31	 1	 6	213.079	1.052
31	 1	 7	212.182	2.907
31	 2	 0	218.940	3.487
31	 2	 1	217.880	1.155
31	 2	 2	216.995	1.336
31	 2	 3	215.984	1.195
31	 2	 4	214.976	1.196
31	 2	 5	214.024	1.161
31	 2	 6	213.148	1.412
31	 2	 7	212.269	3.427
31	 3	 0	218.896	1.171
31	 3	 1	217.981	1.537
31	 3	 2	216.988	1.367
31	 3	 3	215.966	1.258
31	 3	 4	215.124	1.439
31	 3	 5	214.004	1.217
31	 3	 6	213.116	1.443
31	 3	 7	212.126	3.686
31	 4	 0	219.015	1.977
31	 4	 1	217.923	1.263
31	 4	 2	216.962	1.398
31	 4	 3	216.031	1.494
31	 4	 4	215.030	1.287
31	 4	 5	214.126	1.533
31	 4	 6	213.095	3.888
31	 4	 7	212.261	3.731
31	 5	 0	218.874	1.343
31	 5	 1	217.890	1.421
31	 5	 2	217.061	1.586
31	 5	 3	215.986	1.347
31	 5	 4	214.981	1.362
31	 5	 5	214.059	1.284
31	 5	 6	213.195	3.996
31	 5	 7	212.237	3.999
31	 6	 0	218.905	1.303
31	 6	 1	218.006	1.559
31	 6	 2	217.028	1.326
31	 6	 3	216.001	1.325
31	 6	 4	215.126	1.618
31	 6	 5	214.040	1.277
31	 6	 6	213.396	3.938
31	 6	 7	212.178	4.002
31	 7	 0	218.889	1.234
31	 7	 1	217.891	1.402
31	 7	 2	217.042	1.319
31	 7	 3	216.077	1.412
31	 7	 4	215.088	1.274
31	 7	 5	214.134	1.484
31	 7	 6	213.030	3.638
31	 7	 7	212.172	3.686
