# ASIC configuration for the measurements:
# ------------------------------------------------------------------------------
# Mode = 000 
# Bias = 0101 
# CSArefs = 1011 
# Shaper = 011 
# Leakage mask = 00000000000000000000000000000000 
# Discr. enable mask = 11111111111111111111111111111111 
# Calibration mask = 00000000000000000000000000000000 
# Threshold = 255 
# FineTHR[0] = 010 
# FineTHR[1] = 010 
# FineTHR[2] = 010 
# FineTHR[3] = 010 
# FineTHR[4] = 010 
# FineTHR[5] = 010 
# FineTHR[6] = 010 
# FineTHR[7] = 010 
# FineTHR[8] = 010 
# FineTHR[9] = 010 
# FineTHR[10] = 010 
# FineTHR[11] = 010 
# FineTHR[12] = 010 
# FineTHR[13] = 010 
# FineTHR[14] = 010 
# FineTHR[15] = 010 
# FineTHR[16] = 010 
# FineTHR[17] = 010 
# FineTHR[18] = 010 
# FineTHR[19] = 010 
# FineTHR[20] = 010 
# FineTHR[21] = 010 
# FineTHR[22] = 010 
# FineTHR[23] = 010 
# FineTHR[24] = 010 
# FineTHR[25] = 010 
# FineTHR[26] = 010 
# FineTHR[27] = 010 
# FineTHR[28] = 010 
# FineTHR[29] = 010 
# FineTHR[30] = 010 
# FineTHR[31] = 010 
# ------------------------------------------------------------------------------
# Event data block #1
# Threshold	DAC	Events	Triggered	CH#
200	0	1000	0	0
200	0	1000	0	1
200	0	1000	0	2
200	0	1000	1	3
200	0	1000	35	4
200	0	1000	5	5
200	0	1000	39	6
200	0	1000	58	7
200	0	1000	50	8
200	0	1000	59	9
200	0	1000	30	10
200	0	1000	4	11
200	0	1000	3	12
200	0	1000	1	13
200	0	1000	0	14
200	0	1000	0	15
200	0	1000	2	16
200	0	1000	2	17
200	0	1000	12	18
200	0	1000	3	19
200	0	1000	33	20
200	0	1000	15	21
200	0	1000	75	22
200	0	1000	69	23
200	0	1000	86	24
200	0	1000	84	25
200	0	1000	34	26
200	0	1000	47	27
200	0	1000	7	28
200	0	1000	0	29
200	0	1000	1	30
200	0	1000	0	31
# Event data block #2
# Threshold	DAC	Events	Triggered	CH#
201	0	1000	0	0
201	0	1000	0	1
201	0	1000	0	2
201	0	1000	3	3
201	0	1000	56	4
201	0	1000	13	5
201	0	1000	58	6
201	0	1000	72	7
201	0	1000	62	8
201	0	1000	74	9
201	0	1000	46	10
201	0	1000	12	11
201	0	1000	5	12
201	0	1000	3	13
201	0	1000	0	14
201	0	1000	0	15
201	0	1000	4	16
201	0	1000	3	17
201	0	1000	25	18
201	0	1000	7	19
201	0	1000	49	20
201	0	1000	23	21
201	0	1000	89	22
201	0	1000	88	23
201	0	1000	115	24
201	0	1000	103	25
201	0	1000	51	26
201	0	1000	65	27
201	0	1000	20	28
201	0	1000	0	29
201	0	1000	2	30
201	0	1000	0	31
# Event data block #3
# Threshold	DAC	Events	Triggered	CH#
202	0	1000	0	0
202	0	1000	0	1
202	0	1000	0	2
202	0	1000	3	3
202	0	1000	55	4
202	0	1000	7	5
202	0	1000	56	6
202	0	1000	66	7
202	0	1000	60	8
202	0	1000	71	9
202	0	1000	48	10
202	0	1000	10	11
202	0	1000	5	12
202	0	1000	3	13
202	0	1000	0	14
202	0	1000	0	15
202	0	1000	4	16
202	0	1000	4	17
202	0	1000	25	18
202	0	1000	6	19
202	0	1000	51	20
202	0	1000	24	21
202	0	1000	81	22
202	0	1000	79	23
202	0	1000	101	24
202	0	1000	89	25
202	0	1000	49	26
202	0	1000	67	27
202	0	1000	20	28
202	0	1000	0	29
202	0	1000	1	30
202	0	1000	0	31
# Event data block #4
# Threshold	DAC	Events	Triggered	CH#
203	0	1000	0	0
203	0	1000	0	1
203	0	1000	0	2
203	0	1000	2	3
203	0	1000	52	4
203	0	1000	11	5
203	0	1000	49	6
203	0	1000	63	7
203	0	1000	50	8
203	0	1000	69	9
203	0	1000	45	10
203	0	1000	11	11
203	0	1000	5	12
203	0	1000	1	13
203	0	1000	0	14
203	0	1000	1	15
203	0	1000	7	16
203	0	1000	2	17
203	0	1000	29	18
203	0	1000	9	19
203	0	1000	49	20
203	0	1000	25	21
203	0	1000	92	22
203	0	1000	85	23
203	0	1000	112	24
203	0	1000	104	25
203	0	1000	45	26
203	0	1000	64	27
203	0	1000	24	28
203	0	1000	1	29
203	0	1000	1	30
203	0	1000	0	31
# Event data block #5
# Threshold	DAC	Events	Triggered	CH#
204	0	1000	2	0
204	0	1000	0	1
204	0	1000	0	2
204	0	1000	3	3
204	0	1000	69	4
204	0	1000	20	5
204	0	1000	60	6
204	0	1000	78	7
204	0	1000	68	8
204	0	1000	86	9
204	0	1000	51	10
204	0	1000	20	11
204	0	1000	11	12
204	0	1000	3	13
204	0	1000	1	14
204	0	1000	2	15
204	0	1000	19	16
204	0	1000	5	17
204	0	1000	39	18
204	0	1000	17	19
204	0	1000	56	20
204	0	1000	33	21
204	0	1000	108	22
204	0	1000	99	23
204	0	1000	119	24
204	0	1000	119	25
204	0	1000	50	26
204	0	1000	85	27
204	0	1000	37	28
204	0	1000	2	29
204	0	1000	4	30
204	0	1000	2	31
# Event data block #6
# Threshold	DAC	Events	Triggered	CH#
205	0	1000	1	0
205	0	1000	0	1
205	0	1000	0	2
205	0	1000	2	3
205	0	1000	75	4
205	0	1000	25	5
205	0	1000	60	6
205	0	1000	72	7
205	0	1000	69	8
205	0	1000	81	9
205	0	1000	61	10
205	0	1000	27	11
205	0	1000	18	12
205	0	1000	3	13
205	0	1000	0	14
205	0	1000	0	15
205	0	1000	33	16
205	0	1000	8	17
205	0	1000	50	18
205	0	1000	22	19
205	0	1000	67	20
205	0	1000	32	21
205	0	1000	103	22
205	0	1000	92	23
205	0	1000	123	24
205	0	1000	116	25
205	0	1000	62	26
205	0	1000	88	27
205	0	1000	46	28
205	0	1000	0	29
205	0	1000	4	30
205	0	1000	0	31
# Event data block #7
# Threshold	DAC	Events	Triggered	CH#
206	0	1000	5	0
206	0	1000	0	1
206	0	1000	0	2
206	0	1000	7	3
206	0	1000	83	4
206	0	1000	22	5
206	0	1000	64	6
206	0	1000	77	7
206	0	1000	69	8
206	0	1000	89	9
206	0	1000	63	10
206	0	1000	25	11
206	0	1000	17	12
206	0	1000	10	13
206	0	1000	1	14
206	0	1000	2	15
206	0	1000	37	16
206	0	1000	14	17
206	0	1000	56	18
206	0	1000	19	19
206	0	1000	72	20
206	0	1000	37	21
206	0	1000	117	22
206	0	1000	107	23
206	0	1000	132	24
206	0	1000	123	25
206	0	1000	66	26
206	0	1000	96	27
206	0	1000	52	28
206	0	1000	3	29
206	0	1000	13	30
206	0	1000	3	31
# Event data block #8
# Threshold	DAC	Events	Triggered	CH#
207	0	1000	9	0
207	0	1000	0	1
207	0	1000	0	2
207	0	1000	12	3
207	0	1000	103	4
207	0	1000	32	5
207	0	1000	84	6
207	0	1000	94	7
207	0	1000	87	8
207	0	1000	106	9
207	0	1000	81	10
207	0	1000	36	11
207	0	1000	28	12
207	0	1000	12	13
207	0	1000	2	14
207	0	1000	3	15
207	0	1000	56	16
207	0	1000	24	17
207	0	1000	75	18
207	0	1000	31	19
207	0	1000	88	20
207	0	1000	48	21
207	0	1000	137	22
207	0	1000	122	23
207	0	1000	160	24
207	0	1000	161	25
207	0	1000	79	26
207	0	1000	124	27
207	0	1000	77	28
207	0	1000	2	29
207	0	1000	29	30
207	0	1000	4	31
# Event data block #9
# Threshold	DAC	Events	Triggered	CH#
208	0	1000	15	0
208	0	1000	0	1
208	0	1000	0	2
208	0	1000	13	3
208	0	1000	103	4
208	0	1000	38	5
208	0	1000	88	6
208	0	1000	96	7
208	0	1000	83	8
208	0	1000	103	9
208	0	1000	87	10
208	0	1000	45	11
208	0	1000	33	12
208	0	1000	15	13
208	0	1000	1	14
208	0	1000	3	15
208	0	1000	80	16
208	0	1000	36	17
208	0	1000	86	18
208	0	1000	41	19
208	0	1000	92	20
208	0	1000	60	21
208	0	1000	123	22
208	0	1000	112	23
208	0	1000	146	24
208	0	1000	144	25
208	0	1000	88	26
208	0	1000	115	27
208	0	1000	88	28
208	0	1000	2	29
208	0	1000	50	30
208	0	1000	6	31
# Event data block #10
# Threshold	DAC	Events	Triggered	CH#
209	0	1000	25	0
209	0	1000	0	1
209	0	1000	0	2
209	0	1000	16	3
209	0	1000	104	4
209	0	1000	34	5
209	0	1000	74	6
209	0	1000	83	7
209	0	1000	78	8
209	0	1000	98	9
209	0	1000	75	10
209	0	1000	38	11
209	0	1000	31	12
209	0	1000	19	13
209	0	1000	2	14
209	0	1000	2	15
209	0	1000	80	16
209	0	1000	37	17
209	0	1000	76	18
209	0	1000	34	19
209	0	1000	84	20
209	0	1000	49	21
209	0	1000	131	22
209	0	1000	119	23
209	0	1000	167	24
209	0	1000	167	25
209	0	1000	77	26
209	0	1000	130	27
209	0	1000	81	28
209	0	1000	2	29
209	0	1000	57	30
209	0	1000	11	31
# Event data block #11
# Threshold	DAC	Events	Triggered	CH#
210	0	1000	35	0
210	0	1000	0	1
210	0	1000	0	2
210	0	1000	18	3
210	0	1000	112	4
210	0	1000	35	5
210	0	1000	71	6
210	0	1000	86	7
210	0	1000	75	8
210	0	1000	100	9
210	0	1000	75	10
210	0	1000	42	11
210	0	1000	32	12
210	0	1000	22	13
210	0	1000	2	14
210	0	1000	4	15
210	0	1000	102	16
210	0	1000	45	17
210	0	1000	88	18
210	0	1000	38	19
210	0	1000	89	20
210	0	1000	55	21
210	0	1000	147	22
210	0	1000	116	23
210	0	1000	176	24
210	0	1000	183	25
210	0	1000	76	26
210	0	1000	147	27
210	0	1000	89	28
210	0	1000	4	29
210	0	1000	70	30
210	0	1000	18	31
# Event data block #12
# Threshold	DAC	Events	Triggered	CH#
211	0	1000	41	0
211	0	1000	1	1
211	0	1000	0	2
211	0	1000	21	3
211	0	1000	123	4
211	0	1000	38	5
211	0	1000	83	6
211	0	1000	92	7
211	0	1000	87	8
211	0	1000	101	9
211	0	1000	82	10
211	0	1000	44	11
211	0	1000	37	12
211	0	1000	23	13
211	0	1000	5	14
211	0	1000	7	15
211	0	1000	146	16
211	0	1000	52	17
211	0	1000	100	18
211	0	1000	42	19
211	0	1000	100	20
211	0	1000	54	21
211	0	1000	164	22
211	0	1000	122	23
211	0	1000	201	24
211	0	1000	215	25
211	0	1000	83	26
211	0	1000	179	27
211	0	1000	111	28
211	0	1000	8	29
211	0	1000	100	30
211	0	1000	27	31
# Event data block #13
# Threshold	DAC	Events	Triggered	CH#
212	0	1000	67	0
212	0	1000	2	1
212	0	1000	2	2
212	0	1000	30	3
212	0	1000	153	4
212	0	1000	44	5
212	0	1000	84	6
212	0	1000	92	7
212	0	1000	90	8
212	0	1000	113	9
212	0	1000	91	10
212	0	1000	49	11
212	0	1000	45	12
212	0	1000	33	13
212	0	1000	8	14
212	0	1000	15	15
212	0	1000	315	16
212	0	1000	73	17
212	0	1000	119	18
212	0	1000	48	19
212	0	1000	114	20
212	0	1000	60	21
212	0	1000	188	22
212	0	1000	132	23
212	0	1000	252	24
212	0	1000	290	25
212	0	1000	95	26
212	0	1000	248	27
212	0	1000	146	28
212	0	1000	15	29
212	0	1000	166	30
212	0	1000	43	31
# Event data block #14
# Threshold	DAC	Events	Triggered	CH#
213	0	1000	101	0
213	0	1000	1	1
213	0	1000	1	2
213	0	1000	45	3
213	0	1000	192	4
213	0	1000	59	5
213	0	1000	109	6
213	0	1000	110	7
213	0	1000	101	8
213	0	1000	137	9
213	0	1000	111	10
213	0	1000	72	11
213	0	1000	63	12
213	0	1000	50	13
213	0	1000	16	14
213	0	1000	29	15
213	0	1000	679	16
213	0	1000	102	17
213	0	1000	160	18
213	0	1000	65	19
213	0	1000	137	20
213	0	1000	84	21
213	0	1000	222	22
213	0	1000	152	23
213	0	1000	290	24
213	0	1000	363	25
213	0	1000	112	26
213	0	1000	363	27
213	0	1000	208	28
213	0	1000	27	29
213	0	1000	479	30
213	0	1000	72	31
# Event data block #15
# Threshold	DAC	Events	Triggered	CH#
214	0	1000	157	0
214	0	1000	3	1
214	0	1000	2	2
214	0	1000	47	3
214	0	1000	309	4
214	0	1000	58	5
214	0	1000	110	6
214	0	1000	126	7
214	0	1000	118	8
214	0	1000	166	9
214	0	1000	129	10
214	0	1000	72	11
214	0	1000	65	12
214	0	1000	53	13
214	0	1000	23	14
214	0	1000	35	15
214	0	1000	850	16
214	0	1000	121	17
214	0	1000	242	18
214	0	1000	66	19
214	0	1000	169	20
214	0	1000	79	21
214	0	1000	306	22
214	0	1000	177	23
214	0	1000	370	24
214	0	1000	475	25
214	0	1000	129	26
214	0	1000	528	27
214	0	1000	437	28
214	0	1000	31	29
214	0	1000	827	30
214	0	1000	85	31
# Event data block #16
# Threshold	DAC	Events	Triggered	CH#
215	0	1000	406	0
215	0	1000	7	1
215	0	1000	2	2
215	0	1000	47	3
215	0	1000	438	4
215	0	1000	58	5
215	0	1000	109	6
215	0	1000	114	7
215	0	1000	103	8
215	0	1000	161	9
215	0	1000	125	10
215	0	1000	71	11
215	0	1000	63	12
215	0	1000	53	13
215	0	1000	29	14
215	0	1000	37	15
215	0	1000	881	16
215	0	1000	147	17
215	0	1000	401	18
215	0	1000	69	19
215	0	1000	176	20
215	0	1000	81	21
215	0	1000	359	22
215	0	1000	184	23
215	0	1000	410	24
215	0	1000	557	25
215	0	1000	121	26
215	0	1000	683	27
215	0	1000	685	28
215	0	1000	35	29
215	0	1000	885	30
215	0	1000	105	31
# Event data block #17
# Threshold	DAC	Events	Triggered	CH#
216	0	1000	806	0
216	0	1000	15	1
216	0	1000	5	2
216	0	1000	72	3
216	0	1000	616	4
216	0	1000	69	5
216	0	1000	139	6
216	0	1000	143	7
216	0	1000	129	8
216	0	1000	201	9
216	0	1000	168	10
216	0	1000	86	11
216	0	1000	81	12
216	0	1000	70	13
216	0	1000	41	14
216	0	1000	61	15
216	0	1000	926	16
216	0	1000	278	17
216	0	1000	625	18
216	0	1000	90	19
216	0	1000	264	20
216	0	1000	105	21
216	0	1000	477	22
216	0	1000	222	23
216	0	1000	495	24
216	0	1000	647	25
216	0	1000	162	26
216	0	1000	788	27
216	0	1000	813	28
216	0	1000	54	29
216	0	1000	936	30
216	0	1000	188	31
# Event data block #18
# Threshold	DAC	Events	Triggered	CH#
217	0	1000	903	0
217	0	1000	19	1
217	0	1000	5	2
217	0	1000	68	3
217	0	1000	737	4
217	0	1000	60	5
217	0	1000	137	6
217	0	1000	137	7
217	0	1000	129	8
217	0	1000	284	9
217	0	1000	198	10
217	0	1000	81	11
217	0	1000	74	12
217	0	1000	69	13
217	0	1000	45	14
217	0	1000	57	15
217	0	1000	941	16
217	0	1000	574	17
217	0	1000	782	18
217	0	1000	83	19
217	0	1000	376	20
217	0	1000	96	21
217	0	1000	540	22
217	0	1000	277	23
217	0	1000	544	24
217	0	1000	721	25
217	0	1000	189	26
217	0	1000	848	27
217	0	1000	881	28
217	0	1000	55	29
217	0	1000	951	30
217	0	1000	489	31
# Event data block #19
# Threshold	DAC	Events	Triggered	CH#
218	0	1000	926	0
218	0	1000	33	1
218	0	1000	11	2
218	0	1000	86	3
218	0	1000	831	4
218	0	1000	66	5
218	0	1000	146	6
218	0	1000	145	7
218	0	1000	135	8
218	0	1000	328	9
218	0	1000	254	10
218	0	1000	95	11
218	0	1000	83	12
218	0	1000	83	13
218	0	1000	57	14
218	0	1000	84	15
218	0	1000	954	16
218	0	1000	817	17
218	0	1000	867	18
218	0	1000	90	19
218	0	1000	528	20
218	0	1000	103	21
218	0	1000	662	22
218	0	1000	303	23
218	0	1000	630	24
218	0	1000	784	25
218	0	1000	222	26
218	0	1000	877	27
218	0	1000	902	28
218	0	1000	75	29
218	0	1000	959	30
218	0	1000	832	31
# Event data block #20
# Threshold	DAC	Events	Triggered	CH#
219	0	1000	953	0
219	0	1000	50	1
219	0	1000	13	2
219	0	1000	86	3
219	0	1000	874	4
219	0	1000	68	5
219	0	1000	150	6
219	0	1000	143	7
219	0	1000	140	8
219	0	1000	442	9
219	0	1000	353	10
219	0	1000	87	11
219	0	1000	80	12
219	0	1000	82	13
219	0	1000	71	14
219	0	1000	90	15
219	0	1000	969	16
219	0	1000	891	17
219	0	1000	895	18
219	0	1000	88	19
219	0	1000	660	20
219	0	1000	98	21
219	0	1000	728	22
219	0	1000	360	23
219	0	1000	697	24
219	0	1000	824	25
219	0	1000	298	26
219	0	1000	902	27
219	0	1000	929	28
219	0	1000	88	29
219	0	1000	978	30
219	0	1000	904	31
# Event data block #21
# Threshold	DAC	Events	Triggered	CH#
220	0	1000	965	0
220	0	1000	71	1
220	0	1000	22	2
220	0	1000	99	3
220	0	1000	885	4
220	0	1000	71	5
220	0	1000	193	6
220	0	1000	162	7
220	0	1000	163	8
220	0	1000	577	9
220	0	1000	553	10
220	0	1000	88	11
220	0	1000	84	12
220	0	1000	96	13
220	0	1000	82	14
220	0	1000	108	15
220	0	1000	980	16
220	0	1000	914	17
220	0	1000	914	18
220	0	1000	97	19
220	0	1000	777	20
220	0	1000	98	21
220	0	1000	784	22
220	0	1000	466	23
220	0	1000	732	24
220	0	1000	853	25
220	0	1000	431	26
220	0	1000	911	27
220	0	1000	932	28
220	0	1000	122	29
220	0	1000	993	30
220	0	1000	926	31
# Event data block #22
# Threshold	DAC	Events	Triggered	CH#
221	0	1000	972	0
221	0	1000	109	1
221	0	1000	38	2
221	0	1000	183	3
221	0	1000	903	4
221	0	1000	80	5
221	0	1000	267	6
221	0	1000	223	7
221	0	1000	217	8
221	0	1000	642	9
221	0	1000	646	10
221	0	1000	120	11
221	0	1000	116	12
221	0	1000	161	13
221	0	1000	115	14
221	0	1000	295	15
221	0	1000	986	16
221	0	1000	929	17
221	0	1000	923	18
221	0	1000	143	19
221	0	1000	826	20
221	0	1000	141	21
221	0	1000	810	22
221	0	1000	522	23
221	0	1000	751	24
221	0	1000	869	25
221	0	1000	545	26
221	0	1000	916	27
221	0	1000	938	28
221	0	1000	312	29
221	0	1000	995	30
221	0	1000	940	31
# Event data block #23
# Threshold	DAC	Events	Triggered	CH#
222	0	1000	984	0
222	0	1000	311	1
222	0	1000	59	2
222	0	1000	377	3
222	0	1000	900	4
222	0	1000	112	5
222	0	1000	368	6
222	0	1000	277	7
222	0	1000	287	8
222	0	1000	726	9
222	0	1000	747	10
222	0	1000	169	11
222	0	1000	171	12
222	0	1000	288	13
222	0	1000	253	14
222	0	1000	609	15
222	0	1000	992	16
222	0	1000	928	17
222	0	1000	919	18
222	0	1000	212	19
222	0	1000	858	20
222	0	1000	180	21
222	0	1000	839	22
222	0	1000	577	23
222	0	1000	783	24
222	0	1000	865	25
222	0	1000	653	26
222	0	1000	910	27
222	0	1000	938	28
222	0	1000	647	29
222	0	1000	997	30
222	0	1000	948	31
# Event data block #24
# Threshold	DAC	Events	Triggered	CH#
223	0	1000	995	0
223	0	1000	733	1
223	0	1000	63	2
223	0	1000	645	3
223	0	1000	925	4
223	0	1000	108	5
223	0	1000	475	6
223	0	1000	354	7
223	0	1000	361	8
223	0	1000	780	9
223	0	1000	810	10
223	0	1000	210	11
223	0	1000	229	12
223	0	1000	527	13
223	0	1000	569	14
223	0	1000	820	15
223	0	1000	996	16
223	0	1000	957	17
223	0	1000	943	18
223	0	1000	320	19
223	0	1000	878	20
223	0	1000	235	21
223	0	1000	855	22
223	0	1000	654	23
223	0	1000	808	24
223	0	1000	883	25
223	0	1000	748	26
223	0	1000	935	27
223	0	1000	959	28
223	0	1000	829	29
223	0	1000	999	30
223	0	1000	975	31
# Event data block #25
# Threshold	DAC	Events	Triggered	CH#
224	0	1000	996	0
224	0	1000	898	1
224	0	1000	91	2
224	0	1000	819	3
224	0	1000	935	4
224	0	1000	127	5
224	0	1000	577	6
224	0	1000	418	7
224	0	1000	428	8
224	0	1000	843	9
224	0	1000	877	10
224	0	1000	334	11
224	0	1000	384	12
224	0	1000	724	13
224	0	1000	810	14
224	0	1000	900	15
224	0	1000	997	16
224	0	1000	958	17
224	0	1000	945	18
224	0	1000	475	19
224	0	1000	910	20
224	0	1000	336	21
224	0	1000	894	22
224	0	1000	711	23
224	0	1000	860	24
224	0	1000	907	25
224	0	1000	826	26
224	0	1000	940	27
224	0	1000	961	28
224	0	1000	906	29
224	0	1000	999	30
224	0	1000	977	31
# Event data block #26
# Threshold	DAC	Events	Triggered	CH#
225	0	1000	999	0
225	0	1000	946	1
225	0	1000	76	2
225	0	1000	905	3
225	0	1000	956	4
225	0	1000	126	5
225	0	1000	716	6
225	0	1000	535	7
225	0	1000	556	8
225	0	1000	894	9
225	0	1000	915	10
225	0	1000	538	11
225	0	1000	613	12
225	0	1000	881	13
225	0	1000	917	14
225	0	1000	939	15
225	0	1000	1000	16
225	0	1000	978	17
225	0	1000	967	18
225	0	1000	701	19
225	0	1000	938	20
225	0	1000	484	21
225	0	1000	922	22
225	0	1000	807	23
225	0	1000	894	24
225	0	1000	936	25
225	0	1000	891	26
225	0	1000	959	27
225	0	1000	982	28
225	0	1000	947	29
225	0	1000	1000	30
225	0	1000	993	31
# Event data block #27
# Threshold	DAC	Events	Triggered	CH#
226	0	1000	999	0
226	0	1000	967	1
226	0	1000	87	2
226	0	1000	944	3
226	0	1000	964	4
226	0	1000	126	5
226	0	1000	805	6
226	0	1000	605	7
226	0	1000	641	8
226	0	1000	923	9
226	0	1000	945	10
226	0	1000	705	11
226	0	1000	795	12
226	0	1000	929	13
226	0	1000	955	14
226	0	1000	962	15
226	0	1000	999	16
226	0	1000	987	17
226	0	1000	978	18
226	0	1000	841	19
226	0	1000	957	20
226	0	1000	620	21
226	0	1000	944	22
226	0	1000	849	23
226	0	1000	922	24
226	0	1000	950	25
226	0	1000	927	26
226	0	1000	972	27
226	0	1000	987	28
226	0	1000	962	29
226	0	1000	999	30
226	0	1000	998	31
# Event data block #28
# Threshold	DAC	Events	Triggered	CH#
227	0	1000	1000	0
227	0	1000	968	1
227	0	1000	405	2
227	0	1000	920	3
227	0	1000	959	4
227	0	1000	275	5
227	0	1000	835	6
227	0	1000	699	7
227	0	1000	710	8
227	0	1000	896	9
227	0	1000	913	10
227	0	1000	818	11
227	0	1000	857	12
227	0	1000	913	13
227	0	1000	940	14
227	0	1000	957	15
227	0	1000	1000	16
227	0	1000	989	17
227	0	1000	975	18
227	0	1000	868	19
227	0	1000	932	20
227	0	1000	747	21
227	0	1000	911	22
227	0	1000	848	23
227	0	1000	883	24
227	0	1000	916	25
227	0	1000	896	26
227	0	1000	966	27
227	0	1000	989	28
227	0	1000	964	29
227	0	1000	1000	30
227	0	1000	998	31
# Event data block #29
# Threshold	DAC	Events	Triggered	CH#
228	0	1000	1000	0
228	0	1000	961	1
228	0	1000	758	2
228	0	1000	923	3
228	0	1000	942	4
228	0	1000	425	5
228	0	1000	838	6
228	0	1000	746	7
228	0	1000	750	8
228	0	1000	882	9
228	0	1000	906	10
228	0	1000	843	11
228	0	1000	863	12
228	0	1000	909	13
228	0	1000	934	14
228	0	1000	946	15
228	0	1000	1000	16
228	0	1000	982	17
228	0	1000	968	18
228	0	1000	872	19
228	0	1000	927	20
228	0	1000	804	21
228	0	1000	909	22
228	0	1000	846	23
228	0	1000	876	24
228	0	1000	910	25
228	0	1000	887	26
228	0	1000	949	27
228	0	1000	983	28
228	0	1000	951	29
228	0	1000	1000	30
228	0	1000	997	31
# Event data block #30
# Threshold	DAC	Events	Triggered	CH#
229	0	1000	1000	0
229	0	1000	975	1
229	0	1000	857	2
229	0	1000	919	3
229	0	1000	945	4
229	0	1000	572	5
229	0	1000	843	6
229	0	1000	768	7
229	0	1000	774	8
229	0	1000	883	9
229	0	1000	906	10
229	0	1000	860	11
229	0	1000	870	12
229	0	1000	908	13
229	0	1000	942	14
229	0	1000	956	15
229	0	1000	999	16
229	0	1000	989	17
229	0	1000	966	18
229	0	1000	881	19
229	0	1000	922	20
229	0	1000	835	21
229	0	1000	898	22
229	0	1000	846	23
229	0	1000	866	24
229	0	1000	905	25
229	0	1000	891	26
229	0	1000	951	27
229	0	1000	986	28
229	0	1000	957	29
229	0	1000	1000	30
229	0	1000	996	31
# Event data block #31
# Threshold	DAC	Events	Triggered	CH#
230	0	1000	1000	0
230	0	1000	986	1
230	0	1000	879	2
230	0	1000	927	3
230	0	1000	949	4
230	0	1000	708	5
230	0	1000	853	6
230	0	1000	797	7
230	0	1000	795	8
230	0	1000	878	9
230	0	1000	899	10
230	0	1000	864	11
230	0	1000	878	12
230	0	1000	916	13
230	0	1000	957	14
230	0	1000	965	15
230	0	1000	1000	16
230	0	1000	994	17
230	0	1000	975	18
230	0	1000	882	19
230	0	1000	923	20
230	0	1000	852	21
230	0	1000	891	22
230	0	1000	850	23
230	0	1000	864	24
230	0	1000	896	25
230	0	1000	881	26
230	0	1000	953	27
230	0	1000	992	28
230	0	1000	965	29
230	0	1000	1000	30
230	0	1000	999	31
# Event data block #32
# Threshold	DAC	Events	Triggered	CH#
231	0	1000	1000	0
231	0	1000	995	1
231	0	1000	911	2
231	0	1000	943	3
231	0	1000	959	4
231	0	1000	771	5
231	0	1000	862	6
231	0	1000	819	7
231	0	1000	814	8
231	0	1000	893	9
231	0	1000	917	10
231	0	1000	882	11
231	0	1000	900	12
231	0	1000	933	13
231	0	1000	963	14
231	0	1000	975	15
231	0	1000	1000	16
231	0	1000	998	17
231	0	1000	983	18
231	0	1000	903	19
231	0	1000	932	20
231	0	1000	867	21
231	0	1000	907	22
231	0	1000	858	23
231	0	1000	878	24
231	0	1000	915	25
231	0	1000	904	26
231	0	1000	963	27
231	0	1000	997	28
231	0	1000	979	29
231	0	1000	1000	30
231	0	1000	1000	31
# Event data block #33
# Threshold	DAC	Events	Triggered	CH#
232	0	1000	1000	0
232	0	1000	994	1
232	0	1000	913	2
232	0	1000	940	3
232	0	1000	951	4
232	0	1000	785	5
232	0	1000	850	6
232	0	1000	797	7
232	0	1000	789	8
232	0	1000	871	9
232	0	1000	911	10
232	0	1000	867	11
232	0	1000	886	12
232	0	1000	927	13
232	0	1000	970	14
232	0	1000	979	15
232	0	1000	1000	16
232	0	1000	996	17
232	0	1000	985	18
232	0	1000	896	19
232	0	1000	925	20
232	0	1000	853	21
232	0	1000	896	22
232	0	1000	831	23
232	0	1000	851	24
232	0	1000	902	25
232	0	1000	890	26
232	0	1000	964	27
232	0	1000	994	28
232	0	1000	982	29
232	0	1000	1000	30
232	0	1000	999	31
# Event data block #34
# Threshold	DAC	Events	Triggered	CH#
233	0	1000	1000	0
233	0	1000	998	1
233	0	1000	946	2
233	0	1000	959	3
233	0	1000	965	4
233	0	1000	863	5
233	0	1000	895	6
233	0	1000	857	7
233	0	1000	851	8
233	0	1000	908	9
233	0	1000	934	10
233	0	1000	910	11
233	0	1000	924	12
233	0	1000	952	13
233	0	1000	979	14
233	0	1000	989	15
233	0	1000	1000	16
233	0	1000	1000	17
233	0	1000	994	18
233	0	1000	925	19
233	0	1000	950	20
233	0	1000	901	21
233	0	1000	924	22
233	0	1000	884	23
233	0	1000	889	24
233	0	1000	922	25
233	0	1000	921	26
233	0	1000	970	27
233	0	1000	998	28
233	0	1000	996	29
233	0	1000	1000	30
233	0	1000	1000	31
# Event data block #35
# Threshold	DAC	Events	Triggered	CH#
234	0	1000	1000	0
234	0	1000	999	1
234	0	1000	946	2
234	0	1000	961	3
234	0	1000	966	4
234	0	1000	841	5
234	0	1000	869	6
234	0	1000	831	7
234	0	1000	817	8
234	0	1000	888	9
234	0	1000	926	10
234	0	1000	889	11
234	0	1000	908	12
234	0	1000	949	13
234	0	1000	991	14
234	0	1000	993	15
234	0	1000	1000	16
234	0	1000	999	17
234	0	1000	994	18
234	0	1000	911	19
234	0	1000	937	20
234	0	1000	875	21
234	0	1000	904	22
234	0	1000	855	23
234	0	1000	870	24
234	0	1000	911	25
234	0	1000	903	26
234	0	1000	971	27
234	0	1000	998	28
234	0	1000	995	29
234	0	1000	1000	30
234	0	1000	1000	31
# Event data block #36
# Threshold	DAC	Events	Triggered	CH#
235	0	1000	1000	0
235	0	1000	999	1
235	0	1000	951	2
235	0	1000	972	3
235	0	1000	973	4
235	0	1000	847	5
235	0	1000	864	6
235	0	1000	826	7
235	0	1000	820	8
235	0	1000	886	9
235	0	1000	918	10
235	0	1000	891	11
235	0	1000	905	12
235	0	1000	962	13
235	0	1000	995	14
235	0	1000	996	15
235	0	1000	1000	16
235	0	1000	999	17
235	0	1000	995	18
235	0	1000	911	19
235	0	1000	939	20
235	0	1000	876	21
235	0	1000	896	22
235	0	1000	846	23
235	0	1000	859	24
235	0	1000	904	25
235	0	1000	900	26
235	0	1000	977	27
235	0	1000	998	28
235	0	1000	996	29
235	0	1000	1000	30
235	0	1000	1000	31
# Event data block #37
# Threshold	DAC	Events	Triggered	CH#
236	0	1000	1000	0
236	0	1000	1000	1
236	0	1000	979	2
236	0	1000	986	3
236	0	1000	986	4
236	0	1000	881	5
236	0	1000	893	6
236	0	1000	865	7
236	0	1000	849	8
236	0	1000	906	9
236	0	1000	936	10
236	0	1000	914	11
236	0	1000	925	12
236	0	1000	980	13
236	0	1000	996	14
236	0	1000	997	15
236	0	1000	1000	16
236	0	1000	999	17
236	0	1000	997	18
236	0	1000	932	19
236	0	1000	962	20
236	0	1000	905	21
236	0	1000	922	22
236	0	1000	883	23
236	0	1000	888	24
236	0	1000	926	25
236	0	1000	924	26
236	0	1000	989	27
236	0	1000	997	28
236	0	1000	997	29
236	0	1000	1000	30
236	0	1000	1000	31
# Event data block #38
# Threshold	DAC	Events	Triggered	CH#
237	0	1000	1000	0
237	0	1000	1000	1
237	0	1000	977	2
237	0	1000	986	3
237	0	1000	983	4
237	0	1000	889	5
237	0	1000	903	6
237	0	1000	873	7
237	0	1000	865	8
237	0	1000	916	9
237	0	1000	944	10
237	0	1000	924	11
237	0	1000	940	12
237	0	1000	986	13
237	0	1000	999	14
237	0	1000	999	15
237	0	1000	1000	16
237	0	1000	1000	17
237	0	1000	997	18
237	0	1000	940	19
237	0	1000	960	20
237	0	1000	916	21
237	0	1000	926	22
237	0	1000	893	23
237	0	1000	904	24
237	0	1000	931	25
237	0	1000	928	26
237	0	1000	989	27
237	0	1000	1000	28
237	0	1000	1000	29
237	0	1000	1000	30
237	0	1000	1000	31
# Event data block #39
# Threshold	DAC	Events	Triggered	CH#
238	0	1000	1000	0
238	0	1000	1000	1
238	0	1000	986	2
238	0	1000	987	3
238	0	1000	983	4
238	0	1000	887	5
238	0	1000	895	6
238	0	1000	864	7
238	0	1000	861	8
238	0	1000	909	9
238	0	1000	938	10
238	0	1000	922	11
238	0	1000	939	12
238	0	1000	981	13
238	0	1000	999	14
238	0	1000	1000	15
238	0	1000	1000	16
238	0	1000	1000	17
238	0	1000	998	18
238	0	1000	940	19
238	0	1000	958	20
238	0	1000	914	21
238	0	1000	921	22
238	0	1000	886	23
238	0	1000	890	24
238	0	1000	928	25
238	0	1000	929	26
238	0	1000	986	27
238	0	1000	1000	28
238	0	1000	1000	29
238	0	1000	1000	30
238	0	1000	1000	31
# Event data block #40
# Threshold	DAC	Events	Triggered	CH#
239	0	1000	1000	0
239	0	1000	1000	1
239	0	1000	992	2
239	0	1000	991	3
239	0	1000	990	4
239	0	1000	887	5
239	0	1000	898	6
239	0	1000	858	7
239	0	1000	860	8
239	0	1000	917	9
239	0	1000	954	10
239	0	1000	932	11
239	0	1000	957	12
239	0	1000	993	13
239	0	1000	999	14
239	0	1000	999	15
239	0	1000	1000	16
239	0	1000	1000	17
239	0	1000	997	18
239	0	1000	957	19
239	0	1000	971	20
239	0	1000	911	21
239	0	1000	928	22
239	0	1000	875	23
239	0	1000	894	24
239	0	1000	941	25
239	0	1000	935	26
239	0	1000	991	27
239	0	1000	1000	28
239	0	1000	1000	29
239	0	1000	1000	30
239	0	1000	1000	31
# Event data block #41
# Threshold	DAC	Events	Triggered	CH#
240	0	1000	1000	0
240	0	1000	1000	1
240	0	1000	998	2
240	0	1000	996	3
240	0	1000	995	4
240	0	1000	893	5
240	0	1000	898	6
240	0	1000	867	7
240	0	1000	865	8
240	0	1000	914	9
240	0	1000	944	10
240	0	1000	926	11
240	0	1000	951	12
240	0	1000	996	13
240	0	1000	999	14
240	0	1000	999	15
240	0	1000	1000	16
240	0	1000	1000	17
240	0	1000	999	18
240	0	1000	949	19
240	0	1000	967	20
240	0	1000	917	21
240	0	1000	924	22
240	0	1000	884	23
240	0	1000	892	24
240	0	1000	936	25
240	0	1000	928	26
240	0	1000	995	27
240	0	1000	999	28
240	0	1000	1000	29
240	0	1000	1000	30
240	0	1000	1000	31
# Event data block #42
# Threshold	DAC	Events	Triggered	CH#
241	0	1000	1000	0
241	0	1000	1000	1
241	0	1000	997	2
241	0	1000	996	3
241	0	1000	993	4
241	0	1000	921	5
241	0	1000	925	6
241	0	1000	890	7
241	0	1000	892	8
241	0	1000	936	9
241	0	1000	967	10
241	0	1000	955	11
241	0	1000	971	12
241	0	1000	1000	13
241	0	1000	1000	14
241	0	1000	1000	15
241	0	1000	1000	16
241	0	1000	1000	17
241	0	1000	1000	18
241	0	1000	970	19
241	0	1000	981	20
241	0	1000	938	21
241	0	1000	947	22
241	0	1000	910	23
241	0	1000	920	24
241	0	1000	958	25
241	0	1000	957	26
241	0	1000	994	27
241	0	1000	1000	28
241	0	1000	1000	29
241	0	1000	1000	30
241	0	1000	1000	31
# Event data block #43
# Threshold	DAC	Events	Triggered	CH#
242	0	1000	1000	0
242	0	1000	1000	1
242	0	1000	998	2
242	0	1000	997	3
242	0	1000	995	4
242	0	1000	925	5
242	0	1000	922	6
242	0	1000	894	7
242	0	1000	896	8
242	0	1000	940	9
242	0	1000	973	10
242	0	1000	963	11
242	0	1000	972	12
242	0	1000	1000	13
242	0	1000	1000	14
242	0	1000	1000	15
242	0	1000	1000	16
242	0	1000	1000	17
242	0	1000	999	18
242	0	1000	972	19
242	0	1000	983	20
242	0	1000	941	21
242	0	1000	946	22
242	0	1000	906	23
242	0	1000	925	24
242	0	1000	961	25
242	0	1000	960	26
242	0	1000	996	27
242	0	1000	1000	28
242	0	1000	1000	29
242	0	1000	1000	30
242	0	1000	1000	31
# Event data block #44
# Threshold	DAC	Events	Triggered	CH#
243	0	1000	1000	0
243	0	1000	1000	1
243	0	1000	997	2
243	0	1000	996	3
243	0	1000	993	4
243	0	1000	920	5
243	0	1000	923	6
243	0	1000	890	7
243	0	1000	931	8
243	0	1000	943	9
243	0	1000	974	10
243	0	1000	963	11
243	0	1000	977	12
243	0	1000	1000	13
243	0	1000	998	14
243	0	1000	999	15
243	0	1000	1000	16
243	0	1000	1000	17
243	0	1000	998	18
243	0	1000	980	19
243	0	1000	984	20
243	0	1000	949	21
243	0	1000	952	22
243	0	1000	904	23
243	0	1000	998	24
243	0	1000	963	25
243	0	1000	962	26
243	0	1000	993	27
243	0	1000	999	28
243	0	1000	1000	29
243	0	1000	1000	30
243	0	1000	1000	31
# Event data block #45
# Threshold	DAC	Events	Triggered	CH#
244	0	1000	1000	0
244	0	1000	1000	1
244	0	1000	1000	2
244	0	1000	1000	3
244	0	1000	1000	4
244	0	1000	907	5
244	0	1000	907	6
244	0	1000	876	7
244	0	1000	1000	8
244	0	1000	929	9
244	0	1000	971	10
244	0	1000	965	11
244	0	1000	985	12
244	0	1000	1000	13
244	0	1000	1000	14
244	0	1000	1000	15
244	0	1000	1000	16
244	0	1000	1000	17
244	0	1000	1000	18
244	0	1000	986	19
244	0	1000	989	20
244	0	1000	934	21
244	0	1000	936	22
244	0	1000	883	23
244	0	1000	1000	24
244	0	1000	974	25
244	0	1000	963	26
244	0	1000	999	27
244	0	1000	1000	28
244	0	1000	1000	29
244	0	1000	1000	30
244	0	1000	1000	31
# Event data block #46
# Threshold	DAC	Events	Triggered	CH#
245	0	1000	1000	0
245	0	1000	1000	1
245	0	1000	999	2
245	0	1000	998	3
245	0	1000	995	4
245	0	1000	934	5
245	0	1000	936	6
245	0	1000	904	7
245	0	1000	1000	8
245	0	1000	953	9
245	0	1000	984	10
245	0	1000	977	11
245	0	1000	993	12
245	0	1000	1000	13
245	0	1000	999	14
245	0	1000	1000	15
245	0	1000	1000	16
245	0	1000	1000	17
245	0	1000	1000	18
245	0	1000	991	19
245	0	1000	993	20
245	0	1000	957	21
245	0	1000	959	22
245	0	1000	916	23
245	0	1000	1000	24
245	0	1000	1000	25
245	0	1000	975	26
245	0	1000	996	27
245	0	1000	1000	28
245	0	1000	1000	29
245	0	1000	1000	30
245	0	1000	1000	31
# Event data block #47
# Threshold	DAC	Events	Triggered	CH#
246	0	1000	1000	0
246	0	1000	1000	1
246	0	1000	1000	2
246	0	1000	1000	3
246	0	1000	998	4
246	0	1000	956	5
246	0	1000	955	6
246	0	1000	919	7
246	0	1000	1000	8
246	0	1000	970	9
246	0	1000	990	10
246	0	1000	989	11
246	0	1000	1000	12
246	0	1000	1000	13
246	0	1000	1000	14
246	0	1000	1000	15
246	0	1000	1000	16
246	0	1000	1000	17
246	0	1000	1000	18
246	0	1000	996	19
246	0	1000	996	20
246	0	1000	971	21
246	0	1000	972	22
246	0	1000	931	23
246	0	1000	1000	24
246	0	1000	1000	25
246	0	1000	988	26
246	0	1000	998	27
246	0	1000	1000	28
246	0	1000	1000	29
246	0	1000	1000	30
246	0	1000	1000	31
# Event data block #48
# Threshold	DAC	Events	Triggered	CH#
247	0	1000	1000	0
247	0	1000	1000	1
247	0	1000	1000	2
247	0	1000	1000	3
247	0	1000	996	4
247	0	1000	964	5
247	0	1000	964	6
247	0	1000	928	7
247	0	1000	1000	8
247	0	1000	974	9
247	0	1000	988	10
247	0	1000	999	11
247	0	1000	1000	12
247	0	1000	1000	13
247	0	1000	1000	14
247	0	1000	1000	15
247	0	1000	1000	16
247	0	1000	1000	17
247	0	1000	1000	18
247	0	1000	1000	19
247	0	1000	993	20
247	0	1000	973	21
247	0	1000	971	22
247	0	1000	941	23
247	0	1000	1000	24
247	0	1000	1000	25
247	0	1000	989	26
247	0	1000	997	27
247	0	1000	1000	28
247	0	1000	1000	29
247	0	1000	1000	30
247	0	1000	1000	31
# Event data block #49
# Threshold	DAC	Events	Triggered	CH#
248	0	1000	1000	0
248	0	1000	1000	1
248	0	1000	1000	2
248	0	1000	1000	3
248	0	1000	1000	4
248	0	1000	958	5
248	0	1000	958	6
248	0	1000	919	7
248	0	1000	1000	8
248	0	1000	991	9
248	0	1000	990	10
248	0	1000	1000	11
248	0	1000	1000	12
248	0	1000	1000	13
248	0	1000	1000	14
248	0	1000	1000	15
248	0	1000	1000	16
248	0	1000	1000	17
248	0	1000	1000	18
248	0	1000	1000	19
248	0	1000	999	20
248	0	1000	980	21
248	0	1000	977	22
248	0	1000	934	23
248	0	1000	1000	24
248	0	1000	1000	25
248	0	1000	1000	26
248	0	1000	1000	27
248	0	1000	1000	28
248	0	1000	1000	29
248	0	1000	1000	30
248	0	1000	1000	31
# Event data block #50
# Threshold	DAC	Events	Triggered	CH#
249	0	1000	1000	0
249	0	1000	1000	1
249	0	1000	1000	2
249	0	1000	1000	3
249	0	1000	1000	4
249	0	1000	957	5
249	0	1000	960	6
249	0	1000	923	7
249	0	1000	1000	8
249	0	1000	1000	9
249	0	1000	989	10
249	0	1000	1000	11
249	0	1000	1000	12
249	0	1000	1000	13
249	0	1000	1000	14
249	0	1000	1000	15
249	0	1000	1000	16
249	0	1000	1000	17
249	0	1000	1000	18
249	0	1000	1000	19
249	0	1000	1000	20
249	0	1000	982	21
249	0	1000	976	22
249	0	1000	939	23
249	0	1000	1000	24
249	0	1000	1000	25
249	0	1000	1000	26
249	0	1000	1000	27
249	0	1000	1000	28
249	0	1000	1000	29
249	0	1000	1000	30
249	0	1000	1000	31
# Event data block #51
# Threshold	DAC	Events	Triggered	CH#
250	0	1000	1000	0
250	0	1000	1000	1
250	0	1000	1000	2
250	0	1000	1000	3
250	0	1000	1000	4
250	0	1000	968	5
250	0	1000	989	6
250	0	1000	934	7
250	0	1000	1000	8
250	0	1000	1000	9
250	0	1000	990	10
250	0	1000	1000	11
250	0	1000	1000	12
250	0	1000	1000	13
250	0	1000	1000	14
250	0	1000	1000	15
250	0	1000	1000	16
250	0	1000	1000	17
250	0	1000	1000	18
250	0	1000	1000	19
250	0	1000	1000	20
250	0	1000	989	21
250	0	1000	983	22
250	0	1000	955	23
250	0	1000	1000	24
250	0	1000	1000	25
250	0	1000	1000	26
250	0	1000	1000	27
250	0	1000	1000	28
250	0	1000	1000	29
250	0	1000	1000	30
250	0	1000	1000	31
# Event data block #52
# Threshold	DAC	Events	Triggered	CH#
251	0	1000	1000	0
251	0	1000	1000	1
251	0	1000	1000	2
251	0	1000	1000	3
251	0	1000	1000	4
251	0	1000	973	5
251	0	1000	1000	6
251	0	1000	942	7
251	0	1000	1000	8
251	0	1000	1000	9
251	0	1000	993	10
251	0	1000	1000	11
251	0	1000	1000	12
251	0	1000	1000	13
251	0	1000	1000	14
251	0	1000	1000	15
251	0	1000	1000	16
251	0	1000	1000	17
251	0	1000	1000	18
251	0	1000	1000	19
251	0	1000	1000	20
251	0	1000	1000	21
251	0	1000	1000	22
251	0	1000	1000	23
251	0	1000	1000	24
251	0	1000	1000	25
251	0	1000	1000	26
251	0	1000	1000	27
251	0	1000	1000	28
251	0	1000	1000	29
251	0	1000	1000	30
251	0	1000	1000	31
# Event data block #53
# Threshold	DAC	Events	Triggered	CH#
252	0	1000	1000	0
252	0	1000	1000	1
252	0	1000	1000	2
252	0	1000	1000	3
252	0	1000	1000	4
252	0	1000	978	5
252	0	1000	1000	6
252	0	1000	998	7
252	0	1000	1000	8
252	0	1000	1000	9
252	0	1000	997	10
252	0	1000	1000	11
252	0	1000	1000	12
252	0	1000	1000	13
252	0	1000	1000	14
252	0	1000	1000	15
252	0	1000	1000	16
252	0	1000	1000	17
252	0	1000	1000	18
252	0	1000	1000	19
252	0	1000	1000	20
252	0	1000	1000	21
252	0	1000	1000	22
252	0	1000	1000	23
252	0	1000	1000	24
252	0	1000	1000	25
252	0	1000	1000	26
252	0	1000	1000	27
252	0	1000	1000	28
252	0	1000	1000	29
252	0	1000	1000	30
252	0	1000	1000	31
# Event data block #54
# Threshold	DAC	Events	Triggered	CH#
253	0	1000	1000	0
253	0	1000	1000	1
253	0	1000	1000	2
253	0	1000	1000	3
253	0	1000	1000	4
253	0	1000	1000	5
253	0	1000	1000	6
253	0	1000	1000	7
253	0	1000	1000	8
253	0	1000	1000	9
253	0	1000	1000	10
253	0	1000	1000	11
253	0	1000	1000	12
253	0	1000	1000	13
253	0	1000	1000	14
253	0	1000	1000	15
253	0	1000	1000	16
253	0	1000	1000	17
253	0	1000	1000	18
253	0	1000	1000	19
253	0	1000	1000	20
253	0	1000	1000	21
253	0	1000	1000	22
253	0	1000	1000	23
253	0	1000	1000	24
253	0	1000	1000	25
253	0	1000	1000	26
253	0	1000	1000	27
253	0	1000	1000	28
253	0	1000	1000	29
253	0	1000	1000	30
253	0	1000	1000	31
# Event data block #55
# Threshold	DAC	Events	Triggered	CH#
254	0	1000	1000	0
254	0	1000	1000	1
254	0	1000	1000	2
254	0	1000	1000	3
254	0	1000	1000	4
254	0	1000	1000	5
254	0	1000	1000	6
254	0	1000	1000	7
254	0	1000	1000	8
254	0	1000	1000	9
254	0	1000	1000	10
254	0	1000	1000	11
254	0	1000	1000	12
254	0	1000	1000	13
254	0	1000	1000	14
254	0	1000	1000	15
254	0	1000	1000	16
254	0	1000	1000	17
254	0	1000	1000	18
254	0	1000	1000	19
254	0	1000	1000	20
254	0	1000	1000	21
254	0	1000	1000	22
254	0	1000	1000	23
254	0	1000	1000	24
254	0	1000	1000	25
254	0	1000	1000	26
254	0	1000	1000	27
254	0	1000	1000	28
254	0	1000	1000	29
254	0	1000	1000	30
254	0	1000	1000	31
# Event data block #56
# Threshold	DAC	Events	Triggered	CH#
255	0	1000	1000	0
255	0	1000	1000	1
255	0	1000	1000	2
255	0	1000	1000	3
255	0	1000	1000	4
255	0	1000	1000	5
255	0	1000	1000	6
255	0	1000	1000	7
255	0	1000	1000	8
255	0	1000	1000	9
255	0	1000	1000	10
255	0	1000	1000	11
255	0	1000	1000	12
255	0	1000	1000	13
255	0	1000	1000	14
255	0	1000	1000	15
255	0	1000	1000	16
255	0	1000	1000	17
255	0	1000	1000	18
255	0	1000	1000	19
255	0	1000	1000	20
255	0	1000	1000	21
255	0	1000	1000	22
255	0	1000	1000	23
255	0	1000	1000	24
255	0	1000	1000	25
255	0	1000	1000	26
255	0	1000	1000	27
255	0	1000	1000	28
255	0	1000	1000	29
255	0	1000	1000	30
255	0	1000	1000	31
