# ASIC configuration for the measurements:
# ------------------------------------------------------------------------------
# Mode = 000 
# Bias = 0101 
# CSArefs = 1011 
# Shaper = 111 
# Leakage mask = 00000000000000000000000000000000 
# Discr. enable mask = 11111111111111111111111111111111 
# Calibration mask = 00000000000000000000000000000000 
# Threshold = 255 
# FineTHR[0] = 011 
# FineTHR[1] = 011 
# FineTHR[2] = 011 
# FineTHR[3] = 011 
# FineTHR[4] = 011 
# FineTHR[5] = 011 
# FineTHR[6] = 011 
# FineTHR[7] = 011 
# FineTHR[8] = 011 
# FineTHR[9] = 011 
# FineTHR[10] = 011 
# FineTHR[11] = 011 
# FineTHR[12] = 011 
# FineTHR[13] = 011 
# FineTHR[14] = 011 
# FineTHR[15] = 011 
# FineTHR[16] = 011 
# FineTHR[17] = 011 
# FineTHR[18] = 011 
# FineTHR[19] = 011 
# FineTHR[20] = 011 
# FineTHR[21] = 011 
# FineTHR[22] = 011 
# FineTHR[23] = 011 
# FineTHR[24] = 011 
# FineTHR[25] = 011 
# FineTHR[26] = 011 
# FineTHR[27] = 011 
# FineTHR[28] = 011 
# FineTHR[29] = 011 
# FineTHR[30] = 011 
# FineTHR[31] = 011 
# ------------------------------------------------------------------------------
# Event data block #1
# Threshold	DAC	Events	Triggered	CH#
200	0	1000	0	0
200	0	1000	0	1
200	0	1000	0	2
200	0	1000	5	3
200	0	1000	1	4
200	0	1000	18	5
200	0	1000	59	6
200	0	1000	74	7
200	0	1000	71	8
200	0	1000	78	9
200	0	1000	27	10
200	0	1000	21	11
200	0	1000	1	12
200	0	1000	1	13
200	0	1000	1	14
200	0	1000	0	15
200	0	1000	1	16
200	0	1000	24	17
200	0	1000	3	18
200	0	1000	45	19
200	0	1000	39	20
200	0	1000	31	21
200	0	1000	198	22
200	0	1000	90	23
200	0	1000	91	24
200	0	1000	75	25
200	0	1000	124	26
200	0	1000	28	27
200	0	1000	1	28
200	0	1000	0	29
200	0	1000	0	30
200	0	1000	0	31
# Event data block #2
# Threshold	DAC	Events	Triggered	CH#
201	0	1000	0	0
201	0	1000	0	1
201	0	1000	0	2
201	0	1000	10	3
201	0	1000	0	4
201	0	1000	23	5
201	0	1000	62	6
201	0	1000	76	7
201	0	1000	73	8
201	0	1000	85	9
201	0	1000	30	10
201	0	1000	22	11
201	0	1000	0	12
201	0	1000	0	13
201	0	1000	0	14
201	0	1000	0	15
201	0	1000	0	16
201	0	1000	30	17
201	0	1000	1	18
201	0	1000	50	19
201	0	1000	41	20
201	0	1000	32	21
201	0	1000	239	22
201	0	1000	103	23
201	0	1000	100	24
201	0	1000	78	25
201	0	1000	140	26
201	0	1000	30	27
201	0	1000	0	28
201	0	1000	0	29
201	0	1000	0	30
201	0	1000	0	31
# Event data block #3
# Threshold	DAC	Events	Triggered	CH#
202	0	1000	0	0
202	0	1000	0	1
202	0	1000	0	2
202	0	1000	7	3
202	0	1000	0	4
202	0	1000	23	5
202	0	1000	55	6
202	0	1000	70	7
202	0	1000	68	8
202	0	1000	79	9
202	0	1000	27	10
202	0	1000	25	11
202	0	1000	0	12
202	0	1000	0	13
202	0	1000	0	14
202	0	1000	0	15
202	0	1000	0	16
202	0	1000	36	17
202	0	1000	1	18
202	0	1000	48	19
202	0	1000	36	20
202	0	1000	29	21
202	0	1000	291	22
202	0	1000	95	23
202	0	1000	90	24
202	0	1000	72	25
202	0	1000	140	26
202	0	1000	30	27
202	0	1000	0	28
202	0	1000	0	29
202	0	1000	0	30
202	0	1000	0	31
# Event data block #4
# Threshold	DAC	Events	Triggered	CH#
203	0	1000	0	0
203	0	1000	0	1
203	0	1000	0	2
203	0	1000	14	3
203	0	1000	2	4
203	0	1000	28	5
203	0	1000	69	6
203	0	1000	83	7
203	0	1000	77	8
203	0	1000	89	9
203	0	1000	42	10
203	0	1000	35	11
203	0	1000	0	12
203	0	1000	0	13
203	0	1000	0	14
203	0	1000	0	15
203	0	1000	0	16
203	0	1000	59	17
203	0	1000	5	18
203	0	1000	72	19
203	0	1000	51	20
203	0	1000	42	21
203	0	1000	420	22
203	0	1000	111	23
203	0	1000	99	24
203	0	1000	81	25
203	0	1000	170	26
203	0	1000	46	27
203	0	1000	0	28
203	0	1000	0	29
203	0	1000	0	30
203	0	1000	0	31
# Event data block #5
# Threshold	DAC	Events	Triggered	CH#
204	0	1000	0	0
204	0	1000	0	1
204	0	1000	1	2
204	0	1000	22	3
204	0	1000	6	4
204	0	1000	30	5
204	0	1000	72	6
204	0	1000	91	7
204	0	1000	89	8
204	0	1000	104	9
204	0	1000	43	10
204	0	1000	32	11
204	0	1000	4	12
204	0	1000	1	13
204	0	1000	1	14
204	0	1000	1	15
204	0	1000	4	16
204	0	1000	66	17
204	0	1000	13	18
204	0	1000	73	19
204	0	1000	54	20
204	0	1000	35	21
204	0	1000	546	22
204	0	1000	122	23
204	0	1000	113	24
204	0	1000	97	25
204	0	1000	196	26
204	0	1000	47	27
204	0	1000	2	28
204	0	1000	0	29
204	0	1000	5	30
204	0	1000	1	31
# Event data block #6
# Threshold	DAC	Events	Triggered	CH#
205	0	1000	0	0
205	0	1000	0	1
205	0	1000	0	2
205	0	1000	23	3
205	0	1000	4	4
205	0	1000	30	5
205	0	1000	78	6
205	0	1000	91	7
205	0	1000	89	8
205	0	1000	111	9
205	0	1000	38	10
205	0	1000	34	11
205	0	1000	1	12
205	0	1000	1	13
205	0	1000	1	14
205	0	1000	1	15
205	0	1000	6	16
205	0	1000	82	17
205	0	1000	10	18
205	0	1000	85	19
205	0	1000	52	20
205	0	1000	42	21
205	0	1000	650	22
205	0	1000	117	23
205	0	1000	107	24
205	0	1000	93	25
205	0	1000	268	26
205	0	1000	48	27
205	0	1000	1	28
205	0	1000	0	29
205	0	1000	3	30
205	0	1000	2	31
# Event data block #7
# Threshold	DAC	Events	Triggered	CH#
206	0	1000	0	0
206	0	1000	0	1
206	0	1000	0	2
206	0	1000	26	3
206	0	1000	5	4
206	0	1000	29	5
206	0	1000	70	6
206	0	1000	85	7
206	0	1000	87	8
206	0	1000	96	9
206	0	1000	41	10
206	0	1000	30	11
206	0	1000	3	12
206	0	1000	1	13
206	0	1000	3	14
206	0	1000	1	15
206	0	1000	7	16
206	0	1000	90	17
206	0	1000	11	18
206	0	1000	78	19
206	0	1000	50	20
206	0	1000	36	21
206	0	1000	757	22
206	0	1000	107	23
206	0	1000	100	24
206	0	1000	86	25
206	0	1000	390	26
206	0	1000	44	27
206	0	1000	0	28
206	0	1000	0	29
206	0	1000	6	30
206	0	1000	5	31
# Event data block #8
# Threshold	DAC	Events	Triggered	CH#
207	0	1000	0	0
207	0	1000	0	1
207	0	1000	0	2
207	0	1000	32	3
207	0	1000	4	4
207	0	1000	32	5
207	0	1000	69	6
207	0	1000	81	7
207	0	1000	83	8
207	0	1000	101	9
207	0	1000	37	10
207	0	1000	36	11
207	0	1000	1	12
207	0	1000	1	13
207	0	1000	3	14
207	0	1000	1	15
207	0	1000	12	16
207	0	1000	117	17
207	0	1000	15	18
207	0	1000	86	19
207	0	1000	50	20
207	0	1000	36	21
207	0	1000	785	22
207	0	1000	123	23
207	0	1000	112	24
207	0	1000	86	25
207	0	1000	551	26
207	0	1000	42	27
207	0	1000	0	28
207	0	1000	0	29
207	0	1000	15	30
207	0	1000	3	31
# Event data block #9
# Threshold	DAC	Events	Triggered	CH#
208	0	1000	0	0
208	0	1000	2	1
208	0	1000	2	2
208	0	1000	47	3
208	0	1000	14	4
208	0	1000	46	5
208	0	1000	95	6
208	0	1000	109	7
208	0	1000	106	8
208	0	1000	129	9
208	0	1000	57	10
208	0	1000	52	11
208	0	1000	4	12
208	0	1000	1	13
208	0	1000	9	14
208	0	1000	5	15
208	0	1000	27	16
208	0	1000	189	17
208	0	1000	25	18
208	0	1000	115	19
208	0	1000	71	20
208	0	1000	54	21
208	0	1000	815	22
208	0	1000	144	23
208	0	1000	130	24
208	0	1000	110	25
208	0	1000	708	26
208	0	1000	65	27
208	0	1000	2	28
208	0	1000	0	29
208	0	1000	29	30
208	0	1000	17	31
# Event data block #10
# Threshold	DAC	Events	Triggered	CH#
209	0	1000	0	0
209	0	1000	1	1
209	0	1000	2	2
209	0	1000	64	3
209	0	1000	13	4
209	0	1000	54	5
209	0	1000	99	6
209	0	1000	104	7
209	0	1000	104	8
209	0	1000	133	9
209	0	1000	71	10
209	0	1000	66	11
209	0	1000	5	12
209	0	1000	2	13
209	0	1000	12	14
209	0	1000	5	15
209	0	1000	38	16
209	0	1000	412	17
209	0	1000	29	18
209	0	1000	120	19
209	0	1000	82	20
209	0	1000	62	21
209	0	1000	807	22
209	0	1000	152	23
209	0	1000	127	24
209	0	1000	112	25
209	0	1000	745	26
209	0	1000	74	27
209	0	1000	1	28
209	0	1000	0	29
209	0	1000	48	30
209	0	1000	18	31
# Event data block #11
# Threshold	DAC	Events	Triggered	CH#
210	0	1000	0	0
210	0	1000	8	1
210	0	1000	6	2
210	0	1000	79	3
210	0	1000	20	4
210	0	1000	60	5
210	0	1000	107	6
210	0	1000	120	7
210	0	1000	118	8
210	0	1000	160	9
210	0	1000	76	10
210	0	1000	68	11
210	0	1000	8	12
210	0	1000	7	13
210	0	1000	20	14
210	0	1000	15	15
210	0	1000	56	16
210	0	1000	732	17
210	0	1000	47	18
210	0	1000	157	19
210	0	1000	95	20
210	0	1000	69	21
210	0	1000	829	22
210	0	1000	191	23
210	0	1000	152	24
210	0	1000	129	25
210	0	1000	799	26
210	0	1000	88	27
210	0	1000	6	28
210	0	1000	0	29
210	0	1000	74	30
210	0	1000	44	31
# Event data block #12
# Threshold	DAC	Events	Triggered	CH#
211	0	1000	2	0
211	0	1000	13	1
211	0	1000	13	2
211	0	1000	104	3
211	0	1000	21	4
211	0	1000	68	5
211	0	1000	134	6
211	0	1000	146	7
211	0	1000	142	8
211	0	1000	201	9
211	0	1000	93	10
211	0	1000	82	11
211	0	1000	11	12
211	0	1000	11	13
211	0	1000	35	14
211	0	1000	25	15
211	0	1000	91	16
211	0	1000	815	17
211	0	1000	49	18
211	0	1000	213	19
211	0	1000	115	20
211	0	1000	80	21
211	0	1000	826	22
211	0	1000	239	23
211	0	1000	192	24
211	0	1000	151	25
211	0	1000	806	26
211	0	1000	114	27
211	0	1000	7	28
211	0	1000	2	29
211	0	1000	115	30
211	0	1000	55	31
# Event data block #13
# Threshold	DAC	Events	Triggered	CH#
212	0	1000	0	0
212	0	1000	22	1
212	0	1000	16	2
212	0	1000	120	3
212	0	1000	18	4
212	0	1000	72	5
212	0	1000	135	6
212	0	1000	145	7
212	0	1000	140	8
212	0	1000	250	9
212	0	1000	90	10
212	0	1000	81	11
212	0	1000	9	12
212	0	1000	9	13
212	0	1000	29	14
212	0	1000	25	15
212	0	1000	120	16
212	0	1000	892	17
212	0	1000	59	18
212	0	1000	337	19
212	0	1000	120	20
212	0	1000	80	21
212	0	1000	859	22
212	0	1000	295	23
212	0	1000	192	24
212	0	1000	167	25
212	0	1000	844	26
212	0	1000	121	27
212	0	1000	7	28
212	0	1000	0	29
212	0	1000	163	30
212	0	1000	79	31
# Event data block #14
# Threshold	DAC	Events	Triggered	CH#
213	0	1000	6	0
213	0	1000	47	1
213	0	1000	41	2
213	0	1000	128	3
213	0	1000	36	4
213	0	1000	75	5
213	0	1000	132	6
213	0	1000	138	7
213	0	1000	139	8
213	0	1000	288	9
213	0	1000	94	10
213	0	1000	92	11
213	0	1000	27	12
213	0	1000	27	13
213	0	1000	58	14
213	0	1000	49	15
213	0	1000	147	16
213	0	1000	886	17
213	0	1000	72	18
213	0	1000	544	19
213	0	1000	115	20
213	0	1000	84	21
213	0	1000	850	22
213	0	1000	346	23
213	0	1000	209	24
213	0	1000	164	25
213	0	1000	841	26
213	0	1000	117	27
213	0	1000	17	28
213	0	1000	4	29
213	0	1000	327	30
213	0	1000	98	31
# Event data block #15
# Threshold	DAC	Events	Triggered	CH#
214	0	1000	6	0
214	0	1000	66	1
214	0	1000	49	2
214	0	1000	184	3
214	0	1000	36	4
214	0	1000	90	5
214	0	1000	157	6
214	0	1000	173	7
214	0	1000	168	8
214	0	1000	412	9
214	0	1000	114	10
214	0	1000	106	11
214	0	1000	20	12
214	0	1000	25	13
214	0	1000	72	14
214	0	1000	63	15
214	0	1000	345	16
214	0	1000	936	17
214	0	1000	92	18
214	0	1000	720	19
214	0	1000	138	20
214	0	1000	98	21
214	0	1000	892	22
214	0	1000	455	23
214	0	1000	259	24
214	0	1000	205	25
214	0	1000	889	26
214	0	1000	141	27
214	0	1000	16	28
214	0	1000	1	29
214	0	1000	773	30
214	0	1000	168	31
# Event data block #16
# Threshold	DAC	Events	Triggered	CH#
215	0	1000	15	0
215	0	1000	81	1
215	0	1000	52	2
215	0	1000	285	3
215	0	1000	38	4
215	0	1000	83	5
215	0	1000	168	6
215	0	1000	183	7
215	0	1000	184	8
215	0	1000	537	9
215	0	1000	110	10
215	0	1000	110	11
215	0	1000	23	12
215	0	1000	32	13
215	0	1000	87	14
215	0	1000	76	15
215	0	1000	738	16
215	0	1000	970	17
215	0	1000	92	18
215	0	1000	807	19
215	0	1000	147	20
215	0	1000	97	21
215	0	1000	906	22
215	0	1000	537	23
215	0	1000	303	24
215	0	1000	236	25
215	0	1000	907	26
215	0	1000	159	27
215	0	1000	21	28
215	0	1000	4	29
215	0	1000	884	30
215	0	1000	438	31
# Event data block #17
# Threshold	DAC	Events	Triggered	CH#
216	0	1000	28	0
216	0	1000	109	1
216	0	1000	71	2
216	0	1000	621	3
216	0	1000	40	4
216	0	1000	91	5
216	0	1000	177	6
216	0	1000	183	7
216	0	1000	182	8
216	0	1000	678	9
216	0	1000	112	10
216	0	1000	111	11
216	0	1000	33	12
216	0	1000	40	13
216	0	1000	102	14
216	0	1000	96	15
216	0	1000	866	16
216	0	1000	962	17
216	0	1000	102	18
216	0	1000	852	19
216	0	1000	161	20
216	0	1000	103	21
216	0	1000	905	22
216	0	1000	654	23
216	0	1000	399	24
216	0	1000	327	25
216	0	1000	909	26
216	0	1000	181	27
216	0	1000	30	28
216	0	1000	7	29
216	0	1000	921	30
216	0	1000	811	31
# Event data block #18
# Threshold	DAC	Events	Triggered	CH#
217	0	1000	30	0
217	0	1000	172	1
217	0	1000	73	2
217	0	1000	819	3
217	0	1000	36	4
217	0	1000	76	5
217	0	1000	229	6
217	0	1000	228	7
217	0	1000	241	8
217	0	1000	760	9
217	0	1000	111	10
217	0	1000	108	11
217	0	1000	23	12
217	0	1000	38	13
217	0	1000	142	14
217	0	1000	125	15
217	0	1000	917	16
217	0	1000	979	17
217	0	1000	104	18
217	0	1000	892	19
217	0	1000	212	20
217	0	1000	86	21
217	0	1000	920	22
217	0	1000	714	23
217	0	1000	476	24
217	0	1000	421	25
217	0	1000	924	26
217	0	1000	303	27
217	0	1000	25	28
217	0	1000	11	29
217	0	1000	951	30
217	0	1000	900	31
# Event data block #19
# Threshold	DAC	Events	Triggered	CH#
218	0	1000	64	0
218	0	1000	620	1
218	0	1000	121	2
218	0	1000	870	3
218	0	1000	61	4
218	0	1000	104	5
218	0	1000	331	6
218	0	1000	313	7
218	0	1000	319	8
218	0	1000	807	9
218	0	1000	159	10
218	0	1000	157	11
218	0	1000	47	12
218	0	1000	68	13
218	0	1000	348	14
218	0	1000	280	15
218	0	1000	931	16
218	0	1000	985	17
218	0	1000	177	18
218	0	1000	902	19
218	0	1000	352	20
218	0	1000	112	21
218	0	1000	922	22
218	0	1000	776	23
218	0	1000	563	24
218	0	1000	549	25
218	0	1000	923	26
218	0	1000	486	27
218	0	1000	45	28
218	0	1000	20	29
218	0	1000	962	30
218	0	1000	930	31
# Event data block #20
# Threshold	DAC	Events	Triggered	CH#
219	0	1000	121	0
219	0	1000	872	1
219	0	1000	274	2
219	0	1000	905	3
219	0	1000	94	4
219	0	1000	149	5
219	0	1000	506	6
219	0	1000	449	7
219	0	1000	460	8
219	0	1000	840	9
219	0	1000	255	10
219	0	1000	279	11
219	0	1000	80	12
219	0	1000	100	13
219	0	1000	705	14
219	0	1000	653	15
219	0	1000	949	16
219	0	1000	989	17
219	0	1000	372	18
219	0	1000	920	19
219	0	1000	578	20
219	0	1000	165	21
219	0	1000	932	22
219	0	1000	820	23
219	0	1000	685	24
219	0	1000	698	25
219	0	1000	936	26
219	0	1000	718	27
219	0	1000	82	28
219	0	1000	53	29
219	0	1000	980	30
219	0	1000	948	31
# Event data block #21
# Threshold	DAC	Events	Triggered	CH#
220	0	1000	195	0
220	0	1000	923	1
220	0	1000	683	2
220	0	1000	922	3
220	0	1000	86	4
220	0	1000	168	5
220	0	1000	648	6
220	0	1000	557	7
220	0	1000	551	8
220	0	1000	858	9
220	0	1000	355	10
220	0	1000	405	11
220	0	1000	67	12
220	0	1000	112	13
220	0	1000	864	14
220	0	1000	858	15
220	0	1000	969	16
220	0	1000	993	17
220	0	1000	674	18
220	0	1000	924	19
220	0	1000	730	20
220	0	1000	186	21
220	0	1000	935	22
220	0	1000	835	23
220	0	1000	732	24
220	0	1000	772	25
220	0	1000	940	26
220	0	1000	812	27
220	0	1000	78	28
220	0	1000	54	29
220	0	1000	993	30
220	0	1000	963	31
# Event data block #22
# Threshold	DAC	Events	Triggered	CH#
221	0	1000	772	0
221	0	1000	935	1
221	0	1000	859	2
221	0	1000	927	3
221	0	1000	83	4
221	0	1000	190	5
221	0	1000	755	6
221	0	1000	668	7
221	0	1000	656	8
221	0	1000	871	9
221	0	1000	536	10
221	0	1000	626	11
221	0	1000	65	12
221	0	1000	121	13
221	0	1000	898	14
221	0	1000	895	15
221	0	1000	978	16
221	0	1000	989	17
221	0	1000	832	18
221	0	1000	924	19
221	0	1000	808	20
221	0	1000	216	21
221	0	1000	925	22
221	0	1000	855	23
221	0	1000	784	24
221	0	1000	816	25
221	0	1000	936	26
221	0	1000	850	27
221	0	1000	74	28
221	0	1000	65	29
221	0	1000	991	30
221	0	1000	973	31
# Event data block #23
# Threshold	DAC	Events	Triggered	CH#
222	0	1000	876	0
222	0	1000	975	1
222	0	1000	898	2
222	0	1000	958	3
222	0	1000	79	4
222	0	1000	233	5
222	0	1000	800	6
222	0	1000	721	7
222	0	1000	712	8
222	0	1000	888	9
222	0	1000	678	10
222	0	1000	752	11
222	0	1000	68	12
222	0	1000	124	13
222	0	1000	941	14
222	0	1000	943	15
222	0	1000	988	16
222	0	1000	995	17
222	0	1000	874	18
222	0	1000	952	19
222	0	1000	852	20
222	0	1000	286	21
222	0	1000	954	22
222	0	1000	873	23
222	0	1000	802	24
222	0	1000	847	25
222	0	1000	961	26
222	0	1000	875	27
222	0	1000	80	28
222	0	1000	70	29
222	0	1000	996	30
222	0	1000	989	31
# Event data block #24
# Threshold	DAC	Events	Triggered	CH#
223	0	1000	919	0
223	0	1000	986	1
223	0	1000	922	2
223	0	1000	962	3
223	0	1000	83	4
223	0	1000	430	5
223	0	1000	830	6
223	0	1000	789	7
223	0	1000	776	8
223	0	1000	902	9
223	0	1000	799	10
223	0	1000	830	11
223	0	1000	67	12
223	0	1000	229	13
223	0	1000	952	14
223	0	1000	955	15
223	0	1000	998	16
223	0	1000	1000	17
223	0	1000	900	18
223	0	1000	956	19
223	0	1000	876	20
223	0	1000	449	21
223	0	1000	955	22
223	0	1000	883	23
223	0	1000	831	24
223	0	1000	854	25
223	0	1000	963	26
223	0	1000	896	27
223	0	1000	83	28
223	0	1000	83	29
223	0	1000	1000	30
223	0	1000	998	31
# Event data block #25
# Threshold	DAC	Events	Triggered	CH#
224	0	1000	973	0
224	0	1000	995	1
224	0	1000	974	2
224	0	1000	986	3
224	0	1000	90	4
224	0	1000	675	5
224	0	1000	891	6
224	0	1000	867	7
224	0	1000	853	8
224	0	1000	944	9
224	0	1000	883	10
224	0	1000	897	11
224	0	1000	64	12
224	0	1000	520	13
224	0	1000	983	14
224	0	1000	984	15
224	0	1000	1000	16
224	0	1000	1000	17
224	0	1000	951	18
224	0	1000	983	19
224	0	1000	917	20
224	0	1000	653	21
224	0	1000	982	22
224	0	1000	926	23
224	0	1000	885	24
224	0	1000	901	25
224	0	1000	983	26
224	0	1000	940	27
224	0	1000	96	28
224	0	1000	99	29
224	0	1000	1000	30
224	0	1000	1000	31
# Event data block #26
# Threshold	DAC	Events	Triggered	CH#
225	0	1000	987	0
225	0	1000	1000	1
225	0	1000	985	2
225	0	1000	994	3
225	0	1000	74	4
225	0	1000	836	5
225	0	1000	942	6
225	0	1000	914	7
225	0	1000	914	8
225	0	1000	970	9
225	0	1000	940	10
225	0	1000	958	11
225	0	1000	37	12
225	0	1000	812	13
225	0	1000	991	14
225	0	1000	989	15
225	0	1000	1000	16
225	0	1000	1000	17
225	0	1000	975	18
225	0	1000	990	19
225	0	1000	966	20
225	0	1000	798	21
225	0	1000	986	22
225	0	1000	965	23
225	0	1000	925	24
225	0	1000	957	25
225	0	1000	990	26
225	0	1000	971	27
225	0	1000	122	28
225	0	1000	306	29
225	0	1000	1000	30
225	0	1000	1000	31
# Event data block #27
# Threshold	DAC	Events	Triggered	CH#
226	0	1000	983	0
226	0	1000	997	1
226	0	1000	974	2
226	0	1000	981	3
226	0	1000	222	4
226	0	1000	856	5
226	0	1000	896	6
226	0	1000	872	7
226	0	1000	868	8
226	0	1000	928	9
226	0	1000	898	10
226	0	1000	914	11
226	0	1000	110	12
226	0	1000	880	13
226	0	1000	980	14
226	0	1000	984	15
226	0	1000	998	16
226	0	1000	998	17
226	0	1000	945	18
226	0	1000	974	19
226	0	1000	923	20
226	0	1000	847	21
226	0	1000	963	22
226	0	1000	920	23
226	0	1000	880	24
226	0	1000	906	25
226	0	1000	977	26
226	0	1000	929	27
226	0	1000	436	28
226	0	1000	786	29
226	0	1000	1000	30
226	0	1000	998	31
# Event data block #28
# Threshold	DAC	Events	Triggered	CH#
227	0	1000	983	0
227	0	1000	993	1
227	0	1000	977	2
227	0	1000	983	3
227	0	1000	452	4
227	0	1000	854	5
227	0	1000	890	6
227	0	1000	866	7
227	0	1000	858	8
227	0	1000	922	9
227	0	1000	902	10
227	0	1000	908	11
227	0	1000	182	12
227	0	1000	896	13
227	0	1000	981	14
227	0	1000	984	15
227	0	1000	998	16
227	0	1000	999	17
227	0	1000	943	18
227	0	1000	976	19
227	0	1000	912	20
227	0	1000	853	21
227	0	1000	955	22
227	0	1000	908	23
227	0	1000	869	24
227	0	1000	900	25
227	0	1000	976	26
227	0	1000	930	27
227	0	1000	725	28
227	0	1000	881	29
227	0	1000	1000	30
227	0	1000	998	31
# Event data block #29
# Threshold	DAC	Events	Triggered	CH#
228	0	1000	988	0
228	0	1000	999	1
228	0	1000	975	2
228	0	1000	978	3
228	0	1000	687	4
228	0	1000	834	5
228	0	1000	860	6
228	0	1000	827	7
228	0	1000	825	8
228	0	1000	893	9
228	0	1000	867	10
228	0	1000	882	11
228	0	1000	353	12
228	0	1000	878	13
228	0	1000	984	14
228	0	1000	986	15
228	0	1000	999	16
228	0	1000	999	17
228	0	1000	943	18
228	0	1000	971	19
228	0	1000	887	20
228	0	1000	828	21
228	0	1000	952	22
228	0	1000	878	23
228	0	1000	837	24
228	0	1000	870	25
228	0	1000	965	26
228	0	1000	915	27
228	0	1000	806	28
228	0	1000	885	29
228	0	1000	1000	30
228	0	1000	999	31
# Event data block #30
# Threshold	DAC	Events	Triggered	CH#
229	0	1000	998	0
229	0	1000	1000	1
229	0	1000	988	2
229	0	1000	989	3
229	0	1000	770	4
229	0	1000	854	5
229	0	1000	871	6
229	0	1000	844	7
229	0	1000	839	8
229	0	1000	912	9
229	0	1000	881	10
229	0	1000	899	11
229	0	1000	567	12
229	0	1000	905	13
229	0	1000	991	14
229	0	1000	994	15
229	0	1000	1000	16
229	0	1000	1000	17
229	0	1000	951	18
229	0	1000	977	19
229	0	1000	909	20
229	0	1000	847	21
229	0	1000	953	22
229	0	1000	891	23
229	0	1000	846	24
229	0	1000	878	25
229	0	1000	970	26
229	0	1000	927	27
229	0	1000	844	28
229	0	1000	909	29
229	0	1000	1000	30
229	0	1000	1000	31
# Event data block #31
# Threshold	DAC	Events	Triggered	CH#
230	0	1000	998	0
230	0	1000	1000	1
230	0	1000	987	2
230	0	1000	986	3
230	0	1000	800	4
230	0	1000	848	5
230	0	1000	858	6
230	0	1000	827	7
230	0	1000	819	8
230	0	1000	911	9
230	0	1000	880	10
230	0	1000	901	11
230	0	1000	722	12
230	0	1000	917	13
230	0	1000	988	14
230	0	1000	992	15
230	0	1000	1000	16
230	0	1000	1000	17
230	0	1000	964	18
230	0	1000	978	19
230	0	1000	908	20
230	0	1000	841	21
230	0	1000	961	22
230	0	1000	881	23
230	0	1000	825	24
230	0	1000	863	25
230	0	1000	972	26
230	0	1000	933	27
230	0	1000	841	28
230	0	1000	928	29
230	0	1000	1000	30
230	0	1000	1000	31
# Event data block #32
# Threshold	DAC	Events	Triggered	CH#
231	0	1000	997	0
231	0	1000	999	1
231	0	1000	993	2
231	0	1000	990	3
231	0	1000	838	4
231	0	1000	872	5
231	0	1000	877	6
231	0	1000	845	7
231	0	1000	840	8
231	0	1000	917	9
231	0	1000	893	10
231	0	1000	909	11
231	0	1000	798	12
231	0	1000	923	13
231	0	1000	993	14
231	0	1000	995	15
231	0	1000	1000	16
231	0	1000	1000	17
231	0	1000	967	18
231	0	1000	982	19
231	0	1000	919	20
231	0	1000	865	21
231	0	1000	953	22
231	0	1000	891	23
231	0	1000	847	24
231	0	1000	881	25
231	0	1000	970	26
231	0	1000	930	27
231	0	1000	880	28
231	0	1000	936	29
231	0	1000	1000	30
231	0	1000	1000	31
# Event data block #33
# Threshold	DAC	Events	Triggered	CH#
232	0	1000	999	0
232	0	1000	1000	1
232	0	1000	997	2
232	0	1000	997	3
232	0	1000	847	4
232	0	1000	880	5
232	0	1000	879	6
232	0	1000	851	7
232	0	1000	843	8
232	0	1000	931	9
232	0	1000	910	10
232	0	1000	928	11
232	0	1000	809	12
232	0	1000	943	13
232	0	1000	998	14
232	0	1000	998	15
232	0	1000	1000	16
232	0	1000	1000	17
232	0	1000	980	18
232	0	1000	989	19
232	0	1000	932	20
232	0	1000	870	21
232	0	1000	966	22
232	0	1000	898	23
232	0	1000	855	24
232	0	1000	890	25
232	0	1000	983	26
232	0	1000	947	27
232	0	1000	901	28
232	0	1000	966	29
232	0	1000	1000	30
232	0	1000	1000	31
# Event data block #34
# Threshold	DAC	Events	Triggered	CH#
233	0	1000	997	0
233	0	1000	998	1
233	0	1000	995	2
233	0	1000	994	3
233	0	1000	839	4
233	0	1000	864	5
233	0	1000	868	6
233	0	1000	832	7
233	0	1000	830	8
233	0	1000	917	9
233	0	1000	899	10
233	0	1000	916	11
233	0	1000	818	12
233	0	1000	943	13
233	0	1000	995	14
233	0	1000	996	15
233	0	1000	999	16
233	0	1000	999	17
233	0	1000	973	18
233	0	1000	988	19
233	0	1000	920	20
233	0	1000	859	21
233	0	1000	948	22
233	0	1000	890	23
233	0	1000	833	24
233	0	1000	876	25
233	0	1000	976	26
233	0	1000	938	27
233	0	1000	906	28
233	0	1000	967	29
233	0	1000	1000	30
233	0	1000	1000	31
# Event data block #35
# Threshold	DAC	Events	Triggered	CH#
234	0	1000	1000	0
234	0	1000	1000	1
234	0	1000	999	2
234	0	1000	997	3
234	0	1000	894	4
234	0	1000	914	5
234	0	1000	912	6
234	0	1000	877	7
234	0	1000	873	8
234	0	1000	952	9
234	0	1000	940	10
234	0	1000	955	11
234	0	1000	878	12
234	0	1000	972	13
234	0	1000	999	14
234	0	1000	999	15
234	0	1000	1000	16
234	0	1000	1000	17
234	0	1000	992	18
234	0	1000	994	19
234	0	1000	957	20
234	0	1000	906	21
234	0	1000	979	22
234	0	1000	926	23
234	0	1000	878	24
234	0	1000	920	25
234	0	1000	993	26
234	0	1000	974	27
234	0	1000	951	28
234	0	1000	992	29
234	0	1000	1000	30
234	0	1000	1000	31
# Event data block #36
# Threshold	DAC	Events	Triggered	CH#
235	0	1000	1000	0
235	0	1000	1000	1
235	0	1000	1000	2
235	0	1000	998	3
235	0	1000	904	4
235	0	1000	919	5
235	0	1000	914	6
235	0	1000	879	7
235	0	1000	877	8
235	0	1000	941	9
235	0	1000	938	10
235	0	1000	953	11
235	0	1000	892	12
235	0	1000	974	13
235	0	1000	999	14
235	0	1000	999	15
235	0	1000	1000	16
235	0	1000	1000	17
235	0	1000	990	18
235	0	1000	993	19
235	0	1000	951	20
235	0	1000	909	21
235	0	1000	968	22
235	0	1000	922	23
235	0	1000	877	24
235	0	1000	918	25
235	0	1000	988	26
235	0	1000	966	27
235	0	1000	951	28
235	0	1000	991	29
235	0	1000	1000	30
235	0	1000	1000	31
# Event data block #37
# Threshold	DAC	Events	Triggered	CH#
236	0	1000	1000	0
236	0	1000	1000	1
236	0	1000	1000	2
236	0	1000	1000	3
236	0	1000	922	4
236	0	1000	925	5
236	0	1000	926	6
236	0	1000	901	7
236	0	1000	894	8
236	0	1000	950	9
236	0	1000	947	10
236	0	1000	960	11
236	0	1000	915	12
236	0	1000	981	13
236	0	1000	1000	14
236	0	1000	1000	15
236	0	1000	1000	16
236	0	1000	1000	17
236	0	1000	999	18
236	0	1000	999	19
236	0	1000	959	20
236	0	1000	918	21
236	0	1000	974	22
236	0	1000	937	23
236	0	1000	899	24
236	0	1000	927	25
236	0	1000	993	26
236	0	1000	972	27
236	0	1000	965	28
236	0	1000	999	29
236	0	1000	1000	30
236	0	1000	1000	31
# Event data block #38
# Threshold	DAC	Events	Triggered	CH#
237	0	1000	1000	0
237	0	1000	1000	1
237	0	1000	1000	2
237	0	1000	1000	3
237	0	1000	932	4
237	0	1000	936	5
237	0	1000	934	6
237	0	1000	906	7
237	0	1000	905	8
237	0	1000	958	9
237	0	1000	953	10
237	0	1000	971	11
237	0	1000	924	12
237	0	1000	985	13
237	0	1000	1000	14
237	0	1000	1000	15
237	0	1000	1000	16
237	0	1000	1000	17
237	0	1000	996	18
237	0	1000	998	19
237	0	1000	968	20
237	0	1000	927	21
237	0	1000	980	22
237	0	1000	942	23
237	0	1000	915	24
237	0	1000	935	25
237	0	1000	992	26
237	0	1000	980	27
237	0	1000	974	28
237	0	1000	999	29
237	0	1000	1000	30
237	0	1000	1000	31
# Event data block #39
# Threshold	DAC	Events	Triggered	CH#
238	0	1000	1000	0
238	0	1000	1000	1
238	0	1000	1000	2
238	0	1000	1000	3
238	0	1000	949	4
238	0	1000	952	5
238	0	1000	945	6
238	0	1000	920	7
238	0	1000	921	8
238	0	1000	968	9
238	0	1000	973	10
238	0	1000	986	11
238	0	1000	942	12
238	0	1000	993	13
238	0	1000	1000	14
238	0	1000	1000	15
238	0	1000	1000	16
238	0	1000	1000	17
238	0	1000	1000	18
238	0	1000	1000	19
238	0	1000	986	20
238	0	1000	947	21
238	0	1000	986	22
238	0	1000	952	23
238	0	1000	925	24
238	0	1000	946	25
238	0	1000	999	26
238	0	1000	989	27
238	0	1000	993	28
238	0	1000	1000	29
238	0	1000	1000	30
238	0	1000	1000	31
# Event data block #40
# Threshold	DAC	Events	Triggered	CH#
239	0	1000	1000	0
239	0	1000	1000	1
239	0	1000	1000	2
239	0	1000	1000	3
239	0	1000	946	4
239	0	1000	949	5
239	0	1000	942	6
239	0	1000	917	7
239	0	1000	920	8
239	0	1000	972	9
239	0	1000	976	10
239	0	1000	990	11
239	0	1000	941	12
239	0	1000	993	13
239	0	1000	1000	14
239	0	1000	1000	15
239	0	1000	1000	16
239	0	1000	1000	17
239	0	1000	999	18
239	0	1000	999	19
239	0	1000	985	20
239	0	1000	938	21
239	0	1000	987	22
239	0	1000	954	23
239	0	1000	952	24
239	0	1000	942	25
239	0	1000	997	26
239	0	1000	990	27
239	0	1000	996	28
239	0	1000	1000	29
239	0	1000	1000	30
239	0	1000	1000	31
# Event data block #41
# Threshold	DAC	Events	Triggered	CH#
240	0	1000	1000	0
240	0	1000	1000	1
240	0	1000	1000	2
240	0	1000	999	3
240	0	1000	970	4
240	0	1000	966	5
240	0	1000	964	6
240	0	1000	935	7
240	0	1000	938	8
240	0	1000	983	9
240	0	1000	991	10
240	0	1000	1000	11
240	0	1000	962	12
240	0	1000	998	13
240	0	1000	1000	14
240	0	1000	1000	15
240	0	1000	1000	16
240	0	1000	1000	17
240	0	1000	999	18
240	0	1000	999	19
240	0	1000	994	20
240	0	1000	955	21
240	0	1000	995	22
240	0	1000	972	23
240	0	1000	1000	24
240	0	1000	962	25
240	0	1000	998	26
240	0	1000	996	27
240	0	1000	999	28
240	0	1000	1000	29
240	0	1000	1000	30
240	0	1000	1000	31
# Event data block #42
# Threshold	DAC	Events	Triggered	CH#
241	0	1000	1000	0
241	0	1000	1000	1
241	0	1000	1000	2
241	0	1000	999	3
241	0	1000	971	4
241	0	1000	967	5
241	0	1000	963	6
241	0	1000	931	7
241	0	1000	973	8
241	0	1000	979	9
241	0	1000	999	10
241	0	1000	1000	11
241	0	1000	960	12
241	0	1000	999	13
241	0	1000	1000	14
241	0	1000	1000	15
241	0	1000	1000	16
241	0	1000	1000	17
241	0	1000	999	18
241	0	1000	999	19
241	0	1000	999	20
241	0	1000	952	21
241	0	1000	993	22
241	0	1000	977	23
241	0	1000	1000	24
241	0	1000	961	25
241	0	1000	999	26
241	0	1000	998	27
241	0	1000	1000	28
241	0	1000	1000	29
241	0	1000	1000	30
241	0	1000	1000	31
# Event data block #43
# Threshold	DAC	Events	Triggered	CH#
242	0	1000	1000	0
242	0	1000	1000	1
242	0	1000	1000	2
242	0	1000	1000	3
242	0	1000	987	4
242	0	1000	977	5
242	0	1000	977	6
242	0	1000	945	7
242	0	1000	1000	8
242	0	1000	986	9
242	0	1000	1000	10
242	0	1000	1000	11
242	0	1000	976	12
242	0	1000	999	13
242	0	1000	1000	14
242	0	1000	1000	15
242	0	1000	1000	16
242	0	1000	1000	17
242	0	1000	999	18
242	0	1000	999	19
242	0	1000	1000	20
242	0	1000	959	21
242	0	1000	996	22
242	0	1000	1000	23
242	0	1000	1000	24
242	0	1000	971	25
242	0	1000	999	26
242	0	1000	997	27
242	0	1000	1000	28
242	0	1000	1000	29
242	0	1000	1000	30
242	0	1000	1000	31
# Event data block #44
# Threshold	DAC	Events	Triggered	CH#
243	0	1000	1000	0
243	0	1000	1000	1
243	0	1000	1000	2
243	0	1000	1000	3
243	0	1000	994	4
243	0	1000	984	5
243	0	1000	997	6
243	0	1000	958	7
243	0	1000	1000	8
243	0	1000	996	9
243	0	1000	1000	10
243	0	1000	1000	11
243	0	1000	983	12
243	0	1000	1000	13
243	0	1000	1000	14
243	0	1000	1000	15
243	0	1000	1000	16
243	0	1000	1000	17
243	0	1000	1000	18
243	0	1000	1000	19
243	0	1000	1000	20
243	0	1000	971	21
243	0	1000	999	22
243	0	1000	1000	23
243	0	1000	1000	24
243	0	1000	979	25
243	0	1000	1000	26
243	0	1000	1000	27
243	0	1000	1000	28
243	0	1000	1000	29
243	0	1000	1000	30
243	0	1000	1000	31
# Event data block #45
# Threshold	DAC	Events	Triggered	CH#
244	0	1000	1000	0
244	0	1000	1000	1
244	0	1000	1000	2
244	0	1000	1000	3
244	0	1000	998	4
244	0	1000	991	5
244	0	1000	1000	6
244	0	1000	962	7
244	0	1000	1000	8
244	0	1000	997	9
244	0	1000	1000	10
244	0	1000	1000	11
244	0	1000	991	12
244	0	1000	1000	13
244	0	1000	1000	14
244	0	1000	1000	15
244	0	1000	1000	16
244	0	1000	1000	17
244	0	1000	1000	18
244	0	1000	1000	19
244	0	1000	1000	20
244	0	1000	973	21
244	0	1000	997	22
244	0	1000	1000	23
244	0	1000	1000	24
244	0	1000	990	25
244	0	1000	1000	26
244	0	1000	999	27
244	0	1000	1000	28
244	0	1000	1000	29
244	0	1000	1000	30
244	0	1000	1000	31
# Event data block #46
# Threshold	DAC	Events	Triggered	CH#
245	0	1000	1000	0
245	0	1000	1000	1
245	0	1000	1000	2
245	0	1000	1000	3
245	0	1000	1000	4
245	0	1000	991	5
245	0	1000	1000	6
245	0	1000	1000	7
245	0	1000	1000	8
245	0	1000	1000	9
245	0	1000	1000	10
245	0	1000	1000	11
245	0	1000	992	12
245	0	1000	1000	13
245	0	1000	1000	14
245	0	1000	1000	15
245	0	1000	1000	16
245	0	1000	1000	17
245	0	1000	1000	18
245	0	1000	1000	19
245	0	1000	1000	20
245	0	1000	983	21
245	0	1000	1000	22
245	0	1000	1000	23
245	0	1000	1000	24
245	0	1000	1000	25
245	0	1000	1000	26
245	0	1000	1000	27
245	0	1000	1000	28
245	0	1000	1000	29
245	0	1000	1000	30
245	0	1000	1000	31
# Event data block #47
# Threshold	DAC	Events	Triggered	CH#
246	0	1000	1000	0
246	0	1000	1000	1
246	0	1000	1000	2
246	0	1000	1000	3
246	0	1000	1000	4
246	0	1000	992	5
246	0	1000	1000	6
246	0	1000	1000	7
246	0	1000	1000	8
246	0	1000	1000	9
246	0	1000	1000	10
246	0	1000	1000	11
246	0	1000	989	12
246	0	1000	1000	13
246	0	1000	1000	14
246	0	1000	1000	15
246	0	1000	1000	16
246	0	1000	1000	17
246	0	1000	1000	18
246	0	1000	1000	19
246	0	1000	1000	20
246	0	1000	969	21
246	0	1000	997	22
246	0	1000	1000	23
246	0	1000	1000	24
246	0	1000	1000	25
246	0	1000	1000	26
246	0	1000	1000	27
246	0	1000	1000	28
246	0	1000	1000	29
246	0	1000	1000	30
246	0	1000	1000	31
# Event data block #48
# Threshold	DAC	Events	Triggered	CH#
247	0	1000	1000	0
247	0	1000	1000	1
247	0	1000	1000	2
247	0	1000	1000	3
247	0	1000	1000	4
247	0	1000	1000	5
247	0	1000	1000	6
247	0	1000	1000	7
247	0	1000	1000	8
247	0	1000	1000	9
247	0	1000	1000	10
247	0	1000	1000	11
247	0	1000	995	12
247	0	1000	1000	13
247	0	1000	1000	14
247	0	1000	1000	15
247	0	1000	1000	16
247	0	1000	1000	17
247	0	1000	1000	18
247	0	1000	1000	19
247	0	1000	1000	20
247	0	1000	983	21
247	0	1000	1000	22
247	0	1000	1000	23
247	0	1000	1000	24
247	0	1000	1000	25
247	0	1000	1000	26
247	0	1000	1000	27
247	0	1000	1000	28
247	0	1000	1000	29
247	0	1000	1000	30
247	0	1000	1000	31
# Event data block #49
# Threshold	DAC	Events	Triggered	CH#
248	0	1000	1000	0
248	0	1000	1000	1
248	0	1000	1000	2
248	0	1000	1000	3
248	0	1000	1000	4
248	0	1000	1000	5
248	0	1000	1000	6
248	0	1000	1000	7
248	0	1000	1000	8
248	0	1000	1000	9
248	0	1000	1000	10
248	0	1000	1000	11
248	0	1000	1000	12
248	0	1000	1000	13
248	0	1000	1000	14
248	0	1000	1000	15
248	0	1000	1000	16
248	0	1000	1000	17
248	0	1000	1000	18
248	0	1000	1000	19
248	0	1000	1000	20
248	0	1000	976	21
248	0	1000	1000	22
248	0	1000	1000	23
248	0	1000	1000	24
248	0	1000	1000	25
248	0	1000	1000	26
248	0	1000	1000	27
248	0	1000	1000	28
248	0	1000	1000	29
248	0	1000	1000	30
248	0	1000	1000	31
# Event data block #50
# Threshold	DAC	Events	Triggered	CH#
249	0	1000	1000	0
249	0	1000	1000	1
249	0	1000	1000	2
249	0	1000	1000	3
249	0	1000	1000	4
249	0	1000	1000	5
249	0	1000	1000	6
249	0	1000	1000	7
249	0	1000	1000	8
249	0	1000	1000	9
249	0	1000	1000	10
249	0	1000	1000	11
249	0	1000	1000	12
249	0	1000	1000	13
249	0	1000	1000	14
249	0	1000	1000	15
249	0	1000	1000	16
249	0	1000	1000	17
249	0	1000	1000	18
249	0	1000	1000	19
249	0	1000	1000	20
249	0	1000	987	21
249	0	1000	1000	22
249	0	1000	1000	23
249	0	1000	1000	24
249	0	1000	1000	25
249	0	1000	1000	26
249	0	1000	1000	27
249	0	1000	1000	28
249	0	1000	1000	29
249	0	1000	1000	30
249	0	1000	1000	31
# Event data block #51
# Threshold	DAC	Events	Triggered	CH#
250	0	1000	1000	0
250	0	1000	1000	1
250	0	1000	1000	2
250	0	1000	1000	3
250	0	1000	1000	4
250	0	1000	1000	5
250	0	1000	1000	6
250	0	1000	1000	7
250	0	1000	1000	8
250	0	1000	1000	9
250	0	1000	1000	10
250	0	1000	1000	11
250	0	1000	1000	12
250	0	1000	1000	13
250	0	1000	1000	14
250	0	1000	1000	15
250	0	1000	1000	16
250	0	1000	1000	17
250	0	1000	1000	18
250	0	1000	1000	19
250	0	1000	1000	20
250	0	1000	991	21
250	0	1000	1000	22
250	0	1000	1000	23
250	0	1000	1000	24
250	0	1000	1000	25
250	0	1000	1000	26
250	0	1000	1000	27
250	0	1000	1000	28
250	0	1000	1000	29
250	0	1000	1000	30
250	0	1000	1000	31
# Event data block #52
# Threshold	DAC	Events	Triggered	CH#
251	0	1000	1000	0
251	0	1000	1000	1
251	0	1000	1000	2
251	0	1000	1000	3
251	0	1000	1000	4
251	0	1000	1000	5
251	0	1000	1000	6
251	0	1000	1000	7
251	0	1000	1000	8
251	0	1000	1000	9
251	0	1000	1000	10
251	0	1000	1000	11
251	0	1000	1000	12
251	0	1000	1000	13
251	0	1000	1000	14
251	0	1000	1000	15
251	0	1000	1000	16
251	0	1000	1000	17
251	0	1000	1000	18
251	0	1000	1000	19
251	0	1000	1000	20
251	0	1000	992	21
251	0	1000	1000	22
251	0	1000	1000	23
251	0	1000	1000	24
251	0	1000	1000	25
251	0	1000	1000	26
251	0	1000	1000	27
251	0	1000	1000	28
251	0	1000	1000	29
251	0	1000	1000	30
251	0	1000	1000	31
# Event data block #53
# Threshold	DAC	Events	Triggered	CH#
252	0	1000	1000	0
252	0	1000	1000	1
252	0	1000	1000	2
252	0	1000	1000	3
252	0	1000	1000	4
252	0	1000	1000	5
252	0	1000	1000	6
252	0	1000	1000	7
252	0	1000	1000	8
252	0	1000	1000	9
252	0	1000	1000	10
252	0	1000	1000	11
252	0	1000	1000	12
252	0	1000	1000	13
252	0	1000	1000	14
252	0	1000	1000	15
252	0	1000	1000	16
252	0	1000	1000	17
252	0	1000	1000	18
252	0	1000	1000	19
252	0	1000	1000	20
252	0	1000	996	21
252	0	1000	1000	22
252	0	1000	1000	23
252	0	1000	1000	24
252	0	1000	1000	25
252	0	1000	1000	26
252	0	1000	1000	27
252	0	1000	1000	28
252	0	1000	1000	29
252	0	1000	1000	30
252	0	1000	1000	31
# Event data block #54
# Threshold	DAC	Events	Triggered	CH#
253	0	1000	1000	0
253	0	1000	1000	1
253	0	1000	1000	2
253	0	1000	1000	3
253	0	1000	1000	4
253	0	1000	1000	5
253	0	1000	1000	6
253	0	1000	1000	7
253	0	1000	1000	8
253	0	1000	1000	9
253	0	1000	1000	10
253	0	1000	1000	11
253	0	1000	1000	12
253	0	1000	1000	13
253	0	1000	1000	14
253	0	1000	1000	15
253	0	1000	1000	16
253	0	1000	1000	17
253	0	1000	1000	18
253	0	1000	1000	19
253	0	1000	1000	20
253	0	1000	998	21
253	0	1000	1000	22
253	0	1000	1000	23
253	0	1000	1000	24
253	0	1000	1000	25
253	0	1000	1000	26
253	0	1000	1000	27
253	0	1000	1000	28
253	0	1000	1000	29
253	0	1000	1000	30
253	0	1000	1000	31
# Event data block #55
# Threshold	DAC	Events	Triggered	CH#
254	0	1000	1000	0
254	0	1000	1000	1
254	0	1000	1000	2
254	0	1000	1000	3
254	0	1000	1000	4
254	0	1000	1000	5
254	0	1000	1000	6
254	0	1000	1000	7
254	0	1000	1000	8
254	0	1000	1000	9
254	0	1000	1000	10
254	0	1000	1000	11
254	0	1000	1000	12
254	0	1000	1000	13
254	0	1000	1000	14
254	0	1000	1000	15
254	0	1000	1000	16
254	0	1000	1000	17
254	0	1000	1000	18
254	0	1000	1000	19
254	0	1000	1000	20
254	0	1000	1000	21
254	0	1000	1000	22
254	0	1000	1000	23
254	0	1000	1000	24
254	0	1000	1000	25
254	0	1000	1000	26
254	0	1000	1000	27
254	0	1000	1000	28
254	0	1000	1000	29
254	0	1000	1000	30
254	0	1000	1000	31
# Event data block #56
# Threshold	DAC	Events	Triggered	CH#
255	0	1000	1000	0
255	0	1000	1000	1
255	0	1000	1000	2
255	0	1000	1000	3
255	0	1000	1000	4
255	0	1000	1000	5
255	0	1000	1000	6
255	0	1000	1000	7
255	0	1000	1000	8
255	0	1000	1000	9
255	0	1000	1000	10
255	0	1000	1000	11
255	0	1000	1000	12
255	0	1000	1000	13
255	0	1000	1000	14
255	0	1000	1000	15
255	0	1000	1000	16
255	0	1000	1000	17
255	0	1000	1000	18
255	0	1000	1000	19
255	0	1000	1000	20
255	0	1000	1000	21
255	0	1000	1000	22
255	0	1000	1000	23
255	0	1000	1000	24
255	0	1000	1000	25
255	0	1000	1000	26
255	0	1000	1000	27
255	0	1000	1000	28
255	0	1000	1000	29
255	0	1000	1000	30
255	0	1000	1000	31
