# ASIC configuration for the measurements:
# ------------------------------------------------------------------------------
# Mode = 000 
# Bias = 0101 
# CSArefs = 1011 
# Shaper = 001 
# Leakage mask = 00000000000000000000000000000000 
# Discr. enable mask = 11111111111111111111111111111111 
# Calibration mask = 00000000000000000000000000000000 
# Threshold = 255 
# FineTHR[0] = 100 
# FineTHR[1] = 100 
# FineTHR[2] = 100 
# FineTHR[3] = 100 
# FineTHR[4] = 100 
# FineTHR[5] = 100 
# FineTHR[6] = 100 
# FineTHR[7] = 100 
# FineTHR[8] = 100 
# FineTHR[9] = 100 
# FineTHR[10] = 100 
# FineTHR[11] = 100 
# FineTHR[12] = 100 
# FineTHR[13] = 100 
# FineTHR[14] = 100 
# FineTHR[15] = 100 
# FineTHR[16] = 100 
# FineTHR[17] = 100 
# FineTHR[18] = 100 
# FineTHR[19] = 100 
# FineTHR[20] = 100 
# FineTHR[21] = 100 
# FineTHR[22] = 100 
# FineTHR[23] = 100 
# FineTHR[24] = 100 
# FineTHR[25] = 100 
# FineTHR[26] = 100 
# FineTHR[27] = 100 
# FineTHR[28] = 100 
# FineTHR[29] = 100 
# FineTHR[30] = 100 
# FineTHR[31] = 100 
# ------------------------------------------------------------------------------
# Event data block #1
# Threshold	DAC	Events	Triggered	CH#
200	0	1000	0	0
200	0	1000	0	1
200	0	1000	0	2
200	0	1000	4	3
200	0	1000	1	4
200	0	1000	13	5
200	0	1000	38	6
200	0	1000	52	7
200	0	1000	50	8
200	0	1000	60	9
200	0	1000	18	10
200	0	1000	15	11
200	0	1000	1	12
200	0	1000	0	13
200	0	1000	0	14
200	0	1000	0	15
200	0	1000	0	16
200	0	1000	17	17
200	0	1000	3	18
200	0	1000	31	19
200	0	1000	23	20
200	0	1000	19	21
200	0	1000	223	22
200	0	1000	85	23
200	0	1000	80	24
200	0	1000	53	25
200	0	1000	129	26
200	0	1000	19	27
200	0	1000	0	28
200	0	1000	0	29
200	0	1000	0	30
200	0	1000	0	31
# Event data block #2
# Threshold	DAC	Events	Triggered	CH#
201	0	1000	0	0
201	0	1000	0	1
201	0	1000	0	2
201	0	1000	1	3
201	0	1000	0	4
201	0	1000	5	5
201	0	1000	32	6
201	0	1000	43	7
201	0	1000	45	8
201	0	1000	47	9
201	0	1000	9	10
201	0	1000	5	11
201	0	1000	0	12
201	0	1000	0	13
201	0	1000	0	14
201	0	1000	0	15
201	0	1000	0	16
201	0	1000	15	17
201	0	1000	0	18
201	0	1000	25	19
201	0	1000	14	20
201	0	1000	8	21
201	0	1000	269	22
201	0	1000	57	23
201	0	1000	63	24
201	0	1000	42	25
201	0	1000	121	26
201	0	1000	10	27
201	0	1000	0	28
201	0	1000	0	29
201	0	1000	0	30
201	0	1000	0	31
# Event data block #3
# Threshold	DAC	Events	Triggered	CH#
202	0	1000	0	0
202	0	1000	0	1
202	0	1000	0	2
202	0	1000	6	3
202	0	1000	2	4
202	0	1000	13	5
202	0	1000	46	6
202	0	1000	58	7
202	0	1000	61	8
202	0	1000	68	9
202	0	1000	23	10
202	0	1000	19	11
202	0	1000	2	12
202	0	1000	1	13
202	0	1000	1	14
202	0	1000	0	15
202	0	1000	2	16
202	0	1000	32	17
202	0	1000	2	18
202	0	1000	43	19
202	0	1000	27	20
202	0	1000	24	21
202	0	1000	381	22
202	0	1000	78	23
202	0	1000	74	24
202	0	1000	61	25
202	0	1000	128	26
202	0	1000	25	27
202	0	1000	0	28
202	0	1000	0	29
202	0	1000	1	30
202	0	1000	0	31
# Event data block #4
# Threshold	DAC	Events	Triggered	CH#
203	0	1000	0	0
203	0	1000	0	1
203	0	1000	0	2
203	0	1000	5	3
203	0	1000	2	4
203	0	1000	16	5
203	0	1000	62	6
203	0	1000	69	7
203	0	1000	72	8
203	0	1000	80	9
203	0	1000	26	10
203	0	1000	22	11
203	0	1000	2	12
203	0	1000	2	13
203	0	1000	2	14
203	0	1000	2	15
203	0	1000	2	16
203	0	1000	49	17
203	0	1000	3	18
203	0	1000	57	19
203	0	1000	43	20
203	0	1000	27	21
203	0	1000	535	22
203	0	1000	94	23
203	0	1000	88	24
203	0	1000	70	25
203	0	1000	175	26
203	0	1000	32	27
203	0	1000	1	28
203	0	1000	0	29
203	0	1000	2	30
203	0	1000	1	31
# Event data block #5
# Threshold	DAC	Events	Triggered	CH#
204	0	1000	0	0
204	0	1000	0	1
204	0	1000	1	2
204	0	1000	12	3
204	0	1000	1	4
204	0	1000	17	5
204	0	1000	52	6
204	0	1000	64	7
204	0	1000	65	8
204	0	1000	74	9
204	0	1000	24	10
204	0	1000	19	11
204	0	1000	1	12
204	0	1000	1	13
204	0	1000	1	14
204	0	1000	1	15
204	0	1000	1	16
204	0	1000	55	17
204	0	1000	5	18
204	0	1000	52	19
204	0	1000	33	20
204	0	1000	22	21
204	0	1000	622	22
204	0	1000	95	23
204	0	1000	95	24
204	0	1000	65	25
204	0	1000	219	26
204	0	1000	26	27
204	0	1000	1	28
204	0	1000	0	29
204	0	1000	1	30
204	0	1000	1	31
# Event data block #6
# Threshold	DAC	Events	Triggered	CH#
205	0	1000	0	0
205	0	1000	0	1
205	0	1000	0	2
205	0	1000	13	3
205	0	1000	1	4
205	0	1000	17	5
205	0	1000	44	6
205	0	1000	50	7
205	0	1000	54	8
205	0	1000	67	9
205	0	1000	28	10
205	0	1000	24	11
205	0	1000	0	12
205	0	1000	0	13
205	0	1000	0	14
205	0	1000	0	15
205	0	1000	2	16
205	0	1000	57	17
205	0	1000	6	18
205	0	1000	49	19
205	0	1000	34	20
205	0	1000	26	21
205	0	1000	751	22
205	0	1000	88	23
205	0	1000	83	24
205	0	1000	56	25
205	0	1000	347	26
205	0	1000	31	27
205	0	1000	0	28
205	0	1000	0	29
205	0	1000	4	30
205	0	1000	0	31
# Event data block #7
# Threshold	DAC	Events	Triggered	CH#
206	0	1000	0	0
206	0	1000	0	1
206	0	1000	0	2
206	0	1000	11	3
206	0	1000	0	4
206	0	1000	11	5
206	0	1000	46	6
206	0	1000	55	7
206	0	1000	57	8
206	0	1000	76	9
206	0	1000	21	10
206	0	1000	17	11
206	0	1000	0	12
206	0	1000	0	13
206	0	1000	0	14
206	0	1000	0	15
206	0	1000	3	16
206	0	1000	92	17
206	0	1000	6	18
206	0	1000	58	19
206	0	1000	29	20
206	0	1000	19	21
206	0	1000	812	22
206	0	1000	101	23
206	0	1000	90	24
206	0	1000	61	25
206	0	1000	533	26
206	0	1000	25	27
206	0	1000	0	28
206	0	1000	0	29
206	0	1000	6	30
206	0	1000	1	31
# Event data block #8
# Threshold	DAC	Events	Triggered	CH#
207	0	1000	0	0
207	0	1000	0	1
207	0	1000	0	2
207	0	1000	32	3
207	0	1000	4	4
207	0	1000	29	5
207	0	1000	66	6
207	0	1000	83	7
207	0	1000	84	8
207	0	1000	102	9
207	0	1000	39	10
207	0	1000	37	11
207	0	1000	2	12
207	0	1000	0	13
207	0	1000	5	14
207	0	1000	1	15
207	0	1000	14	16
207	0	1000	142	17
207	0	1000	15	18
207	0	1000	87	19
207	0	1000	45	20
207	0	1000	36	21
207	0	1000	830	22
207	0	1000	117	23
207	0	1000	106	24
207	0	1000	86	25
207	0	1000	692	26
207	0	1000	40	27
207	0	1000	2	28
207	0	1000	0	29
207	0	1000	18	30
207	0	1000	7	31
# Event data block #9
# Threshold	DAC	Events	Triggered	CH#
208	0	1000	0	0
208	0	1000	1	1
208	0	1000	1	2
208	0	1000	49	3
208	0	1000	7	4
208	0	1000	40	5
208	0	1000	82	6
208	0	1000	95	7
208	0	1000	93	8
208	0	1000	114	9
208	0	1000	56	10
208	0	1000	51	11
208	0	1000	3	12
208	0	1000	1	13
208	0	1000	5	14
208	0	1000	3	15
208	0	1000	26	16
208	0	1000	368	17
208	0	1000	26	18
208	0	1000	104	19
208	0	1000	66	20
208	0	1000	51	21
208	0	1000	835	22
208	0	1000	124	23
208	0	1000	113	24
208	0	1000	95	25
208	0	1000	763	26
208	0	1000	63	27
208	0	1000	3	28
208	0	1000	0	29
208	0	1000	37	30
208	0	1000	13	31
# Event data block #10
# Threshold	DAC	Events	Triggered	CH#
209	0	1000	0	0
209	0	1000	9	1
209	0	1000	8	2
209	0	1000	59	3
209	0	1000	13	4
209	0	1000	48	5
209	0	1000	86	6
209	0	1000	102	7
209	0	1000	103	8
209	0	1000	143	9
209	0	1000	60	10
209	0	1000	56	11
209	0	1000	11	12
209	0	1000	6	13
209	0	1000	20	14
209	0	1000	16	15
209	0	1000	44	16
209	0	1000	765	17
209	0	1000	33	18
209	0	1000	144	19
209	0	1000	69	20
209	0	1000	56	21
209	0	1000	852	22
209	0	1000	161	23
209	0	1000	141	24
209	0	1000	110	25
209	0	1000	824	26
209	0	1000	65	27
209	0	1000	6	28
209	0	1000	0	29
209	0	1000	55	30
209	0	1000	27	31
# Event data block #11
# Threshold	DAC	Events	Triggered	CH#
210	0	1000	0	0
210	0	1000	8	1
210	0	1000	7	2
210	0	1000	87	3
210	0	1000	15	4
210	0	1000	69	5
210	0	1000	114	6
210	0	1000	128	7
210	0	1000	131	8
210	0	1000	172	9
210	0	1000	81	10
210	0	1000	78	11
210	0	1000	9	12
210	0	1000	6	13
210	0	1000	32	14
210	0	1000	20	15
210	0	1000	76	16
210	0	1000	880	17
210	0	1000	48	18
210	0	1000	195	19
210	0	1000	97	20
210	0	1000	75	21
210	0	1000	877	22
210	0	1000	213	23
210	0	1000	174	24
210	0	1000	145	25
210	0	1000	860	26
210	0	1000	98	27
210	0	1000	5	28
210	0	1000	0	29
210	0	1000	91	30
210	0	1000	59	31
# Event data block #12
# Threshold	DAC	Events	Triggered	CH#
211	0	1000	2	0
211	0	1000	20	1
211	0	1000	18	2
211	0	1000	96	3
211	0	1000	18	4
211	0	1000	62	5
211	0	1000	109	6
211	0	1000	116	7
211	0	1000	115	8
211	0	1000	181	9
211	0	1000	73	10
211	0	1000	67	11
211	0	1000	14	12
211	0	1000	14	13
211	0	1000	40	14
211	0	1000	30	15
211	0	1000	84	16
211	0	1000	901	17
211	0	1000	52	18
211	0	1000	282	19
211	0	1000	94	20
211	0	1000	68	21
211	0	1000	879	22
211	0	1000	233	23
211	0	1000	157	24
211	0	1000	134	25
211	0	1000	868	26
211	0	1000	92	27
211	0	1000	14	28
211	0	1000	2	29
211	0	1000	112	30
211	0	1000	68	31
# Event data block #13
# Threshold	DAC	Events	Triggered	CH#
212	0	1000	1	0
212	0	1000	25	1
212	0	1000	14	2
212	0	1000	106	3
212	0	1000	13	4
212	0	1000	52	5
212	0	1000	114	6
212	0	1000	124	7
212	0	1000	127	8
212	0	1000	252	9
212	0	1000	79	10
212	0	1000	71	11
212	0	1000	10	12
212	0	1000	10	13
212	0	1000	38	14
212	0	1000	29	15
212	0	1000	111	16
212	0	1000	905	17
212	0	1000	48	18
212	0	1000	519	19
212	0	1000	99	20
212	0	1000	61	21
212	0	1000	870	22
212	0	1000	325	23
212	0	1000	192	24
212	0	1000	149	25
212	0	1000	863	26
212	0	1000	97	27
212	0	1000	8	28
212	0	1000	0	29
212	0	1000	257	30
212	0	1000	74	31
# Event data block #14
# Threshold	DAC	Events	Triggered	CH#
213	0	1000	5	0
213	0	1000	51	1
213	0	1000	37	2
213	0	1000	160	3
213	0	1000	28	4
213	0	1000	71	5
213	0	1000	137	6
213	0	1000	146	7
213	0	1000	152	8
213	0	1000	423	9
213	0	1000	90	10
213	0	1000	87	11
213	0	1000	17	12
213	0	1000	23	13
213	0	1000	62	14
213	0	1000	54	15
213	0	1000	292	16
213	0	1000	957	17
213	0	1000	70	18
213	0	1000	757	19
213	0	1000	123	20
213	0	1000	81	21
213	0	1000	923	22
213	0	1000	466	23
213	0	1000	269	24
213	0	1000	195	25
213	0	1000	919	26
213	0	1000	128	27
213	0	1000	13	28
213	0	1000	1	29
213	0	1000	786	30
213	0	1000	137	31
# Event data block #15
# Threshold	DAC	Events	Triggered	CH#
214	0	1000	10	0
214	0	1000	64	1
214	0	1000	44	2
214	0	1000	272	3
214	0	1000	31	4
214	0	1000	70	5
214	0	1000	138	6
214	0	1000	141	7
214	0	1000	146	8
214	0	1000	572	9
214	0	1000	95	10
214	0	1000	88	11
214	0	1000	23	12
214	0	1000	28	13
214	0	1000	76	14
214	0	1000	66	15
214	0	1000	732	16
214	0	1000	954	17
214	0	1000	73	18
214	0	1000	818	19
214	0	1000	117	20
214	0	1000	76	21
214	0	1000	912	22
214	0	1000	571	23
214	0	1000	315	24
214	0	1000	218	25
214	0	1000	915	26
214	0	1000	122	27
214	0	1000	21	28
214	0	1000	2	29
214	0	1000	892	30
214	0	1000	347	31
# Event data block #16
# Threshold	DAC	Events	Triggered	CH#
215	0	1000	17	0
215	0	1000	95	1
215	0	1000	61	2
215	0	1000	624	3
215	0	1000	31	4
215	0	1000	80	5
215	0	1000	188	6
215	0	1000	191	7
215	0	1000	205	8
215	0	1000	696	9
215	0	1000	113	10
215	0	1000	113	11
215	0	1000	21	12
215	0	1000	31	13
215	0	1000	106	14
215	0	1000	94	15
215	0	1000	887	16
215	0	1000	973	17
215	0	1000	99	18
215	0	1000	866	19
215	0	1000	166	20
215	0	1000	85	21
215	0	1000	924	22
215	0	1000	652	23
215	0	1000	411	24
215	0	1000	330	25
215	0	1000	926	26
215	0	1000	186	27
215	0	1000	20	28
215	0	1000	1	29
215	0	1000	941	30
215	0	1000	815	31
# Event data block #17
# Threshold	DAC	Events	Triggered	CH#
216	0	1000	27	0
216	0	1000	173	1
216	0	1000	69	2
216	0	1000	832	3
216	0	1000	32	4
216	0	1000	79	5
216	0	1000	215	6
216	0	1000	214	7
216	0	1000	227	8
216	0	1000	792	9
216	0	1000	118	10
216	0	1000	117	11
216	0	1000	28	12
216	0	1000	34	13
216	0	1000	135	14
216	0	1000	122	15
216	0	1000	935	16
216	0	1000	977	17
216	0	1000	114	18
216	0	1000	903	19
216	0	1000	207	20
216	0	1000	91	21
216	0	1000	939	22
216	0	1000	762	23
216	0	1000	493	24
216	0	1000	422	25
216	0	1000	941	26
216	0	1000	258	27
216	0	1000	23	28
216	0	1000	9	29
216	0	1000	958	30
216	0	1000	915	31
# Event data block #18
# Threshold	DAC	Events	Triggered	CH#
217	0	1000	46	0
217	0	1000	622	1
217	0	1000	91	2
217	0	1000	893	3
217	0	1000	38	4
217	0	1000	78	5
217	0	1000	318	6
217	0	1000	300	7
217	0	1000	311	8
217	0	1000	848	9
217	0	1000	130	10
217	0	1000	133	11
217	0	1000	26	12
217	0	1000	43	13
217	0	1000	281	14
217	0	1000	220	15
217	0	1000	953	16
217	0	1000	988	17
217	0	1000	142	18
217	0	1000	923	19
217	0	1000	327	20
217	0	1000	93	21
217	0	1000	943	22
217	0	1000	826	23
217	0	1000	594	24
217	0	1000	575	25
217	0	1000	950	26
217	0	1000	477	27
217	0	1000	28	28
217	0	1000	7	29
217	0	1000	978	30
217	0	1000	945	31
# Event data block #19
# Threshold	DAC	Events	Triggered	CH#
218	0	1000	81	0
218	0	1000	871	1
218	0	1000	204	2
218	0	1000	904	3
218	0	1000	47	4
218	0	1000	106	5
218	0	1000	514	6
218	0	1000	453	7
218	0	1000	472	8
218	0	1000	854	9
218	0	1000	178	10
218	0	1000	204	11
218	0	1000	37	12
218	0	1000	62	13
218	0	1000	735	14
218	0	1000	668	15
218	0	1000	957	16
218	0	1000	988	17
218	0	1000	353	18
218	0	1000	917	19
218	0	1000	573	20
218	0	1000	116	21
218	0	1000	929	22
218	0	1000	833	23
218	0	1000	692	24
218	0	1000	712	25
218	0	1000	937	26
218	0	1000	708	27
218	0	1000	41	28
218	0	1000	18	29
218	0	1000	981	30
218	0	1000	950	31
# Event data block #20
# Threshold	DAC	Events	Triggered	CH#
219	0	1000	165	0
219	0	1000	918	1
219	0	1000	691	2
219	0	1000	919	3
219	0	1000	71	4
219	0	1000	133	5
219	0	1000	661	6
219	0	1000	581	7
219	0	1000	586	8
219	0	1000	869	9
219	0	1000	349	10
219	0	1000	408	11
219	0	1000	63	12
219	0	1000	90	13
219	0	1000	865	14
219	0	1000	862	15
219	0	1000	965	16
219	0	1000	988	17
219	0	1000	679	18
219	0	1000	919	19
219	0	1000	731	20
219	0	1000	155	21
219	0	1000	925	22
219	0	1000	848	23
219	0	1000	735	24
219	0	1000	778	25
219	0	1000	935	26
219	0	1000	821	27
219	0	1000	67	28
219	0	1000	45	29
219	0	1000	985	30
219	0	1000	957	31
# Event data block #21
# Threshold	DAC	Events	Triggered	CH#
220	0	1000	706	0
220	0	1000	951	1
220	0	1000	887	2
220	0	1000	943	3
220	0	1000	61	4
220	0	1000	145	5
220	0	1000	745	6
220	0	1000	659	7
220	0	1000	660	8
220	0	1000	891	9
220	0	1000	512	10
220	0	1000	606	11
220	0	1000	50	12
220	0	1000	82	13
220	0	1000	914	14
220	0	1000	913	15
220	0	1000	979	16
220	0	1000	996	17
220	0	1000	822	18
220	0	1000	941	19
220	0	1000	806	20
220	0	1000	169	21
220	0	1000	943	22
220	0	1000	870	23
220	0	1000	765	24
220	0	1000	805	25
220	0	1000	951	26
220	0	1000	854	27
220	0	1000	58	28
220	0	1000	47	29
220	0	1000	996	30
220	0	1000	975	31
# Event data block #22
# Threshold	DAC	Events	Triggered	CH#
221	0	1000	901	0
221	0	1000	972	1
221	0	1000	923	2
221	0	1000	962	3
221	0	1000	69	4
221	0	1000	225	5
221	0	1000	809	6
221	0	1000	734	7
221	0	1000	725	8
221	0	1000	904	9
221	0	1000	695	10
221	0	1000	762	11
221	0	1000	52	12
221	0	1000	107	13
221	0	1000	939	14
221	0	1000	936	15
221	0	1000	994	16
221	0	1000	1000	17
221	0	1000	883	18
221	0	1000	955	19
221	0	1000	854	20
221	0	1000	259	21
221	0	1000	955	22
221	0	1000	883	23
221	0	1000	790	24
221	0	1000	841	25
221	0	1000	964	26
221	0	1000	883	27
221	0	1000	60	28
221	0	1000	49	29
221	0	1000	1000	30
221	0	1000	995	31
# Event data block #23
# Threshold	DAC	Events	Triggered	CH#
222	0	1000	951	0
222	0	1000	984	1
222	0	1000	959	2
222	0	1000	978	3
222	0	1000	88	4
222	0	1000	414	5
222	0	1000	859	6
222	0	1000	811	7
222	0	1000	806	8
222	0	1000	931	9
222	0	1000	819	10
222	0	1000	853	11
222	0	1000	67	12
222	0	1000	193	13
222	0	1000	968	14
222	0	1000	969	15
222	0	1000	995	16
222	0	1000	997	17
222	0	1000	925	18
222	0	1000	972	19
222	0	1000	896	20
222	0	1000	438	21
222	0	1000	968	22
222	0	1000	904	23
222	0	1000	846	24
222	0	1000	878	25
222	0	1000	975	26
222	0	1000	917	27
222	0	1000	86	28
222	0	1000	79	29
222	0	1000	998	30
222	0	1000	996	31
# Event data block #24
# Threshold	DAC	Events	Triggered	CH#
223	0	1000	974	0
223	0	1000	992	1
223	0	1000	976	2
223	0	1000	986	3
223	0	1000	78	4
223	0	1000	647	5
223	0	1000	904	6
223	0	1000	872	7
223	0	1000	869	8
223	0	1000	948	9
223	0	1000	892	10
223	0	1000	910	11
223	0	1000	60	12
223	0	1000	438	13
223	0	1000	981	14
223	0	1000	982	15
223	0	1000	999	16
223	0	1000	1000	17
223	0	1000	958	18
223	0	1000	984	19
223	0	1000	930	20
223	0	1000	623	21
223	0	1000	979	22
223	0	1000	934	23
223	0	1000	889	24
223	0	1000	917	25
223	0	1000	984	26
223	0	1000	944	27
223	0	1000	90	28
223	0	1000	100	29
223	0	1000	1000	30
223	0	1000	999	31
# Event data block #25
# Threshold	DAC	Events	Triggered	CH#
224	0	1000	990	0
224	0	1000	998	1
224	0	1000	990	2
224	0	1000	993	3
224	0	1000	61	4
224	0	1000	856	5
224	0	1000	952	6
224	0	1000	934	7
224	0	1000	927	8
224	0	1000	975	9
224	0	1000	945	10
224	0	1000	959	11
224	0	1000	33	12
224	0	1000	838	13
224	0	1000	990	14
224	0	1000	991	15
224	0	1000	1000	16
224	0	1000	1000	17
224	0	1000	979	18
224	0	1000	991	19
224	0	1000	967	20
224	0	1000	824	21
224	0	1000	986	22
224	0	1000	967	23
224	0	1000	936	24
224	0	1000	958	25
224	0	1000	991	26
224	0	1000	977	27
224	0	1000	122	28
224	0	1000	298	29
224	0	1000	1000	30
224	0	1000	1000	31
# Event data block #26
# Threshold	DAC	Events	Triggered	CH#
225	0	1000	979	0
225	0	1000	1000	1
225	0	1000	972	2
225	0	1000	979	3
225	0	1000	177	4
225	0	1000	847	5
225	0	1000	892	6
225	0	1000	880	7
225	0	1000	875	8
225	0	1000	927	9
225	0	1000	893	10
225	0	1000	903	11
225	0	1000	80	12
225	0	1000	878	13
225	0	1000	974	14
225	0	1000	977	15
225	0	1000	1000	16
225	0	1000	1000	17
225	0	1000	947	18
225	0	1000	971	19
225	0	1000	918	20
225	0	1000	826	21
225	0	1000	957	22
225	0	1000	910	23
225	0	1000	884	24
225	0	1000	896	25
225	0	1000	967	26
225	0	1000	937	27
225	0	1000	401	28
225	0	1000	783	29
225	0	1000	1000	30
225	0	1000	1000	31
# Event data block #27
# Threshold	DAC	Events	Triggered	CH#
226	0	1000	983	0
226	0	1000	1000	1
226	0	1000	980	2
226	0	1000	982	3
226	0	1000	439	4
226	0	1000	867	5
226	0	1000	890	6
226	0	1000	866	7
226	0	1000	860	8
226	0	1000	918	9
226	0	1000	895	10
226	0	1000	903	11
226	0	1000	137	12
226	0	1000	894	13
226	0	1000	978	14
226	0	1000	984	15
226	0	1000	1000	16
226	0	1000	1000	17
226	0	1000	945	18
226	0	1000	971	19
226	0	1000	913	20
226	0	1000	862	21
226	0	1000	951	22
226	0	1000	902	23
226	0	1000	860	24
226	0	1000	894	25
226	0	1000	970	26
226	0	1000	925	27
226	0	1000	738	28
226	0	1000	878	29
226	0	1000	1000	30
226	0	1000	1000	31
# Event data block #28
# Threshold	DAC	Events	Triggered	CH#
227	0	1000	991	0
227	0	1000	997	1
227	0	1000	984	2
227	0	1000	984	3
227	0	1000	721	4
227	0	1000	859	5
227	0	1000	880	6
227	0	1000	854	7
227	0	1000	851	8
227	0	1000	919	9
227	0	1000	891	10
227	0	1000	909	11
227	0	1000	265	12
227	0	1000	903	13
227	0	1000	984	14
227	0	1000	988	15
227	0	1000	998	16
227	0	1000	999	17
227	0	1000	949	18
227	0	1000	975	19
227	0	1000	913	20
227	0	1000	851	21
227	0	1000	955	22
227	0	1000	905	23
227	0	1000	852	24
227	0	1000	893	25
227	0	1000	968	26
227	0	1000	927	27
227	0	1000	839	28
227	0	1000	898	29
227	0	1000	999	30
227	0	1000	999	31
# Event data block #29
# Threshold	DAC	Events	Triggered	CH#
228	0	1000	999	0
228	0	1000	1000	1
228	0	1000	994	2
228	0	1000	992	3
228	0	1000	799	4
228	0	1000	871	5
228	0	1000	881	6
228	0	1000	858	7
228	0	1000	845	8
228	0	1000	925	9
228	0	1000	892	10
228	0	1000	908	11
228	0	1000	544	12
228	0	1000	917	13
228	0	1000	992	14
228	0	1000	995	15
228	0	1000	1000	16
228	0	1000	1000	17
228	0	1000	964	18
228	0	1000	981	19
228	0	1000	916	20
228	0	1000	863	21
228	0	1000	967	22
228	0	1000	903	23
228	0	1000	846	24
228	0	1000	888	25
228	0	1000	977	26
228	0	1000	940	27
228	0	1000	864	28
228	0	1000	925	29
228	0	1000	1000	30
228	0	1000	1000	31
# Event data block #30
# Threshold	DAC	Events	Triggered	CH#
229	0	1000	998	0
229	0	1000	999	1
229	0	1000	996	2
229	0	1000	994	3
229	0	1000	839	4
229	0	1000	891	5
229	0	1000	896	6
229	0	1000	866	7
229	0	1000	856	8
229	0	1000	937	9
229	0	1000	907	10
229	0	1000	922	11
229	0	1000	736	12
229	0	1000	930	13
229	0	1000	993	14
229	0	1000	994	15
229	0	1000	1000	16
229	0	1000	1000	17
229	0	1000	968	18
229	0	1000	980	19
229	0	1000	926	20
229	0	1000	877	21
229	0	1000	965	22
229	0	1000	917	23
229	0	1000	860	24
229	0	1000	903	25
229	0	1000	975	26
229	0	1000	945	27
229	0	1000	888	28
229	0	1000	942	29
229	0	1000	1000	30
229	0	1000	1000	31
# Event data block #31
# Threshold	DAC	Events	Triggered	CH#
230	0	1000	999	0
230	0	1000	1000	1
230	0	1000	997	2
230	0	1000	997	3
230	0	1000	881	4
230	0	1000	915	5
230	0	1000	913	6
230	0	1000	887	7
230	0	1000	875	8
230	0	1000	939	9
230	0	1000	920	10
230	0	1000	930	11
230	0	1000	832	12
230	0	1000	945	13
230	0	1000	997	14
230	0	1000	999	15
230	0	1000	1000	16
230	0	1000	1000	17
230	0	1000	977	18
230	0	1000	991	19
230	0	1000	938	20
230	0	1000	899	21
230	0	1000	968	22
230	0	1000	925	23
230	0	1000	873	24
230	0	1000	915	25
230	0	1000	981	26
230	0	1000	952	27
230	0	1000	913	28
230	0	1000	958	29
230	0	1000	1000	30
230	0	1000	1000	31
# Event data block #32
# Threshold	DAC	Events	Triggered	CH#
231	0	1000	998	0
231	0	1000	998	1
231	0	1000	995	2
231	0	1000	994	3
231	0	1000	880	4
231	0	1000	906	5
231	0	1000	907	6
231	0	1000	876	7
231	0	1000	863	8
231	0	1000	940	9
231	0	1000	920	10
231	0	1000	932	11
231	0	1000	843	12
231	0	1000	947	13
231	0	1000	994	14
231	0	1000	994	15
231	0	1000	998	16
231	0	1000	998	17
231	0	1000	983	18
231	0	1000	991	19
231	0	1000	935	20
231	0	1000	891	21
231	0	1000	968	22
231	0	1000	916	23
231	0	1000	857	24
231	0	1000	911	25
231	0	1000	985	26
231	0	1000	954	27
231	0	1000	921	28
231	0	1000	969	29
231	0	1000	1000	30
231	0	1000	998	31
# Event data block #33
# Threshold	DAC	Events	Triggered	CH#
232	0	1000	1000	0
232	0	1000	1000	1
232	0	1000	999	2
232	0	1000	998	3
232	0	1000	913	4
232	0	1000	926	5
232	0	1000	923	6
232	0	1000	901	7
232	0	1000	889	8
232	0	1000	954	9
232	0	1000	938	10
232	0	1000	947	11
232	0	1000	883	12
232	0	1000	969	13
232	0	1000	999	14
232	0	1000	999	15
232	0	1000	1000	16
232	0	1000	1000	17
232	0	1000	990	18
232	0	1000	992	19
232	0	1000	951	20
232	0	1000	918	21
232	0	1000	976	22
232	0	1000	930	23
232	0	1000	892	24
232	0	1000	921	25
232	0	1000	989	26
232	0	1000	968	27
232	0	1000	941	28
232	0	1000	984	29
232	0	1000	1000	30
232	0	1000	1000	31
# Event data block #34
# Threshold	DAC	Events	Triggered	CH#
233	0	1000	1000	0
233	0	1000	1000	1
233	0	1000	999	2
233	0	1000	998	3
233	0	1000	899	4
233	0	1000	913	5
233	0	1000	912	6
233	0	1000	882	7
233	0	1000	869	8
233	0	1000	946	9
233	0	1000	933	10
233	0	1000	948	11
233	0	1000	874	12
233	0	1000	970	13
233	0	1000	998	14
233	0	1000	998	15
233	0	1000	1000	16
233	0	1000	1000	17
233	0	1000	985	18
233	0	1000	994	19
233	0	1000	950	20
233	0	1000	905	21
233	0	1000	973	22
233	0	1000	932	23
233	0	1000	870	24
233	0	1000	915	25
233	0	1000	984	26
233	0	1000	965	27
233	0	1000	938	28
233	0	1000	988	29
233	0	1000	1000	30
233	0	1000	1000	31
# Event data block #35
# Threshold	DAC	Events	Triggered	CH#
234	0	1000	1000	0
234	0	1000	1000	1
234	0	1000	1000	2
234	0	1000	999	3
234	0	1000	915	4
234	0	1000	924	5
234	0	1000	922	6
234	0	1000	896	7
234	0	1000	887	8
234	0	1000	952	9
234	0	1000	941	10
234	0	1000	954	11
234	0	1000	899	12
234	0	1000	973	13
234	0	1000	1000	14
234	0	1000	1000	15
234	0	1000	1000	16
234	0	1000	1000	17
234	0	1000	993	18
234	0	1000	996	19
234	0	1000	956	20
234	0	1000	914	21
234	0	1000	970	22
234	0	1000	930	23
234	0	1000	888	24
234	0	1000	923	25
234	0	1000	990	26
234	0	1000	968	27
234	0	1000	950	28
234	0	1000	996	29
234	0	1000	1000	30
234	0	1000	1000	31
# Event data block #36
# Threshold	DAC	Events	Triggered	CH#
235	0	1000	1000	0
235	0	1000	1000	1
235	0	1000	999	2
235	0	1000	998	3
235	0	1000	933	4
235	0	1000	937	5
235	0	1000	932	6
235	0	1000	904	7
235	0	1000	890	8
235	0	1000	952	9
235	0	1000	948	10
235	0	1000	959	11
235	0	1000	918	12
235	0	1000	986	13
235	0	1000	999	14
235	0	1000	999	15
235	0	1000	1000	16
235	0	1000	1000	17
235	0	1000	996	18
235	0	1000	997	19
235	0	1000	957	20
235	0	1000	927	21
235	0	1000	978	22
235	0	1000	938	23
235	0	1000	884	24
235	0	1000	933	25
235	0	1000	996	26
235	0	1000	978	27
235	0	1000	959	28
235	0	1000	998	29
235	0	1000	1000	30
235	0	1000	1000	31
# Event data block #37
# Threshold	DAC	Events	Triggered	CH#
236	0	1000	1000	0
236	0	1000	1000	1
236	0	1000	1000	2
236	0	1000	1000	3
236	0	1000	944	4
236	0	1000	950	5
236	0	1000	941	6
236	0	1000	909	7
236	0	1000	897	8
236	0	1000	969	9
236	0	1000	963	10
236	0	1000	977	11
236	0	1000	928	12
236	0	1000	993	13
236	0	1000	1000	14
236	0	1000	1000	15
236	0	1000	1000	16
236	0	1000	1000	17
236	0	1000	999	18
236	0	1000	1000	19
236	0	1000	976	20
236	0	1000	939	21
236	0	1000	989	22
236	0	1000	950	23
236	0	1000	897	24
236	0	1000	941	25
236	0	1000	996	26
236	0	1000	989	27
236	0	1000	981	28
236	0	1000	1000	29
236	0	1000	1000	30
236	0	1000	1000	31
# Event data block #38
# Threshold	DAC	Events	Triggered	CH#
237	0	1000	1000	0
237	0	1000	1000	1
237	0	1000	1000	2
237	0	1000	999	3
237	0	1000	953	4
237	0	1000	955	5
237	0	1000	942	6
237	0	1000	917	7
237	0	1000	915	8
237	0	1000	976	9
237	0	1000	969	10
237	0	1000	982	11
237	0	1000	939	12
237	0	1000	995	13
237	0	1000	1000	14
237	0	1000	1000	15
237	0	1000	1000	16
237	0	1000	1000	17
237	0	1000	997	18
237	0	1000	999	19
237	0	1000	982	20
237	0	1000	948	21
237	0	1000	988	22
237	0	1000	950	23
237	0	1000	917	24
237	0	1000	939	25
237	0	1000	996	26
237	0	1000	987	27
237	0	1000	989	28
237	0	1000	999	29
237	0	1000	1000	30
237	0	1000	1000	31
# Event data block #39
# Threshold	DAC	Events	Triggered	CH#
238	0	1000	1000	0
238	0	1000	1000	1
238	0	1000	1000	2
238	0	1000	1000	3
238	0	1000	966	4
238	0	1000	966	5
238	0	1000	949	6
238	0	1000	916	7
238	0	1000	909	8
238	0	1000	977	9
238	0	1000	977	10
238	0	1000	989	11
238	0	1000	956	12
238	0	1000	996	13
238	0	1000	1000	14
238	0	1000	1000	15
238	0	1000	1000	16
238	0	1000	1000	17
238	0	1000	999	18
238	0	1000	999	19
238	0	1000	981	20
238	0	1000	954	21
238	0	1000	987	22
238	0	1000	958	23
238	0	1000	948	24
238	0	1000	949	25
238	0	1000	997	26
238	0	1000	992	27
238	0	1000	996	28
238	0	1000	1000	29
238	0	1000	1000	30
238	0	1000	1000	31
# Event data block #40
# Threshold	DAC	Events	Triggered	CH#
239	0	1000	1000	0
239	0	1000	1000	1
239	0	1000	1000	2
239	0	1000	1000	3
239	0	1000	964	4
239	0	1000	963	5
239	0	1000	954	6
239	0	1000	932	7
239	0	1000	936	8
239	0	1000	973	9
239	0	1000	981	10
239	0	1000	996	11
239	0	1000	955	12
239	0	1000	999	13
239	0	1000	1000	14
239	0	1000	1000	15
239	0	1000	1000	16
239	0	1000	1000	17
239	0	1000	999	18
239	0	1000	999	19
239	0	1000	989	20
239	0	1000	950	21
239	0	1000	988	22
239	0	1000	962	23
239	0	1000	1000	24
239	0	1000	952	25
239	0	1000	999	26
239	0	1000	990	27
239	0	1000	999	28
239	0	1000	1000	29
239	0	1000	1000	30
239	0	1000	1000	31
# Event data block #41
# Threshold	DAC	Events	Triggered	CH#
240	0	1000	1000	0
240	0	1000	1000	1
240	0	1000	1000	2
240	0	1000	1000	3
240	0	1000	972	4
240	0	1000	969	5
240	0	1000	957	6
240	0	1000	938	7
240	0	1000	951	8
240	0	1000	980	9
240	0	1000	998	10
240	0	1000	1000	11
240	0	1000	966	12
240	0	1000	998	13
240	0	1000	1000	14
240	0	1000	1000	15
240	0	1000	1000	16
240	0	1000	1000	17
240	0	1000	999	18
240	0	1000	999	19
240	0	1000	999	20
240	0	1000	963	21
240	0	1000	991	22
240	0	1000	974	23
240	0	1000	1000	24
240	0	1000	958	25
240	0	1000	998	26
240	0	1000	995	27
240	0	1000	1000	28
240	0	1000	1000	29
240	0	1000	1000	30
240	0	1000	1000	31
# Event data block #42
# Threshold	DAC	Events	Triggered	CH#
241	0	1000	1000	0
241	0	1000	1000	1
241	0	1000	1000	2
241	0	1000	1000	3
241	0	1000	984	4
241	0	1000	977	5
241	0	1000	974	6
241	0	1000	944	7
241	0	1000	1000	8
241	0	1000	986	9
241	0	1000	1000	10
241	0	1000	1000	11
241	0	1000	975	12
241	0	1000	998	13
241	0	1000	1000	14
241	0	1000	1000	15
241	0	1000	1000	16
241	0	1000	1000	17
241	0	1000	999	18
241	0	1000	999	19
241	0	1000	1000	20
241	0	1000	964	21
241	0	1000	992	22
241	0	1000	1000	23
241	0	1000	1000	24
241	0	1000	970	25
241	0	1000	998	26
241	0	1000	995	27
241	0	1000	1000	28
241	0	1000	1000	29
241	0	1000	1000	30
241	0	1000	1000	31
# Event data block #43
# Threshold	DAC	Events	Triggered	CH#
242	0	1000	1000	0
242	0	1000	1000	1
242	0	1000	1000	2
242	0	1000	1000	3
242	0	1000	984	4
242	0	1000	977	5
242	0	1000	984	6
242	0	1000	938	7
242	0	1000	1000	8
242	0	1000	989	9
242	0	1000	1000	10
242	0	1000	1000	11
242	0	1000	974	12
242	0	1000	999	13
242	0	1000	1000	14
242	0	1000	1000	15
242	0	1000	1000	16
242	0	1000	1000	17
242	0	1000	999	18
242	0	1000	1000	19
242	0	1000	1000	20
242	0	1000	965	21
242	0	1000	994	22
242	0	1000	1000	23
242	0	1000	1000	24
242	0	1000	966	25
242	0	1000	999	26
242	0	1000	996	27
242	0	1000	1000	28
242	0	1000	1000	29
242	0	1000	1000	30
242	0	1000	1000	31
# Event data block #44
# Threshold	DAC	Events	Triggered	CH#
243	0	1000	1000	0
243	0	1000	1000	1
243	0	1000	1000	2
243	0	1000	1000	3
243	0	1000	995	4
243	0	1000	988	5
243	0	1000	1000	6
243	0	1000	960	7
243	0	1000	1000	8
243	0	1000	993	9
243	0	1000	1000	10
243	0	1000	1000	11
243	0	1000	984	12
243	0	1000	1000	13
243	0	1000	1000	14
243	0	1000	1000	15
243	0	1000	1000	16
243	0	1000	1000	17
243	0	1000	1000	18
243	0	1000	1000	19
243	0	1000	1000	20
243	0	1000	967	21
243	0	1000	995	22
243	0	1000	1000	23
243	0	1000	1000	24
243	0	1000	979	25
243	0	1000	1000	26
243	0	1000	997	27
243	0	1000	1000	28
243	0	1000	1000	29
243	0	1000	1000	30
243	0	1000	1000	31
# Event data block #45
# Threshold	DAC	Events	Triggered	CH#
244	0	1000	1000	0
244	0	1000	1000	1
244	0	1000	1000	2
244	0	1000	1000	3
244	0	1000	998	4
244	0	1000	991	5
244	0	1000	1000	6
244	0	1000	999	7
244	0	1000	1000	8
244	0	1000	1000	9
244	0	1000	1000	10
244	0	1000	1000	11
244	0	1000	991	12
244	0	1000	1000	13
244	0	1000	1000	14
244	0	1000	1000	15
244	0	1000	1000	16
244	0	1000	1000	17
244	0	1000	1000	18
244	0	1000	1000	19
244	0	1000	1000	20
244	0	1000	981	21
244	0	1000	1000	22
244	0	1000	1000	23
244	0	1000	1000	24
244	0	1000	1000	25
244	0	1000	1000	26
244	0	1000	1000	27
244	0	1000	1000	28
244	0	1000	1000	29
244	0	1000	1000	30
244	0	1000	1000	31
# Event data block #46
# Threshold	DAC	Events	Triggered	CH#
245	0	1000	1000	0
245	0	1000	1000	1
245	0	1000	1000	2
245	0	1000	1000	3
245	0	1000	1000	4
245	0	1000	993	5
245	0	1000	1000	6
245	0	1000	1000	7
245	0	1000	1000	8
245	0	1000	1000	9
245	0	1000	1000	10
245	0	1000	1000	11
245	0	1000	992	12
245	0	1000	1000	13
245	0	1000	1000	14
245	0	1000	1000	15
245	0	1000	1000	16
245	0	1000	1000	17
245	0	1000	1000	18
245	0	1000	1000	19
245	0	1000	1000	20
245	0	1000	977	21
245	0	1000	997	22
245	0	1000	1000	23
245	0	1000	1000	24
245	0	1000	1000	25
245	0	1000	1000	26
245	0	1000	1000	27
245	0	1000	1000	28
245	0	1000	1000	29
245	0	1000	1000	30
245	0	1000	1000	31
# Event data block #47
# Threshold	DAC	Events	Triggered	CH#
246	0	1000	1000	0
246	0	1000	1000	1
246	0	1000	1000	2
246	0	1000	1000	3
246	0	1000	1000	4
246	0	1000	1000	5
246	0	1000	1000	6
246	0	1000	1000	7
246	0	1000	1000	8
246	0	1000	1000	9
246	0	1000	1000	10
246	0	1000	1000	11
246	0	1000	998	12
246	0	1000	1000	13
246	0	1000	1000	14
246	0	1000	1000	15
246	0	1000	1000	16
246	0	1000	1000	17
246	0	1000	1000	18
246	0	1000	1000	19
246	0	1000	1000	20
246	0	1000	987	21
246	0	1000	1000	22
246	0	1000	1000	23
246	0	1000	1000	24
246	0	1000	1000	25
246	0	1000	1000	26
246	0	1000	1000	27
246	0	1000	1000	28
246	0	1000	1000	29
246	0	1000	1000	30
246	0	1000	1000	31
# Event data block #48
# Threshold	DAC	Events	Triggered	CH#
247	0	1000	1000	0
247	0	1000	1000	1
247	0	1000	1000	2
247	0	1000	1000	3
247	0	1000	1000	4
247	0	1000	1000	5
247	0	1000	1000	6
247	0	1000	1000	7
247	0	1000	1000	8
247	0	1000	1000	9
247	0	1000	1000	10
247	0	1000	1000	11
247	0	1000	998	12
247	0	1000	1000	13
247	0	1000	1000	14
247	0	1000	1000	15
247	0	1000	1000	16
247	0	1000	1000	17
247	0	1000	1000	18
247	0	1000	1000	19
247	0	1000	1000	20
247	0	1000	985	21
247	0	1000	1000	22
247	0	1000	1000	23
247	0	1000	1000	24
247	0	1000	1000	25
247	0	1000	1000	26
247	0	1000	1000	27
247	0	1000	1000	28
247	0	1000	1000	29
247	0	1000	1000	30
247	0	1000	1000	31
# Event data block #49
# Threshold	DAC	Events	Triggered	CH#
248	0	1000	1000	0
248	0	1000	1000	1
248	0	1000	1000	2
248	0	1000	1000	3
248	0	1000	1000	4
248	0	1000	1000	5
248	0	1000	1000	6
248	0	1000	1000	7
248	0	1000	1000	8
248	0	1000	1000	9
248	0	1000	1000	10
248	0	1000	1000	11
248	0	1000	1000	12
248	0	1000	1000	13
248	0	1000	1000	14
248	0	1000	1000	15
248	0	1000	1000	16
248	0	1000	1000	17
248	0	1000	1000	18
248	0	1000	1000	19
248	0	1000	1000	20
248	0	1000	984	21
248	0	1000	1000	22
248	0	1000	1000	23
248	0	1000	1000	24
248	0	1000	1000	25
248	0	1000	1000	26
248	0	1000	1000	27
248	0	1000	1000	28
248	0	1000	1000	29
248	0	1000	1000	30
248	0	1000	1000	31
# Event data block #50
# Threshold	DAC	Events	Triggered	CH#
249	0	1000	1000	0
249	0	1000	1000	1
249	0	1000	1000	2
249	0	1000	1000	3
249	0	1000	1000	4
249	0	1000	1000	5
249	0	1000	1000	6
249	0	1000	1000	7
249	0	1000	1000	8
249	0	1000	1000	9
249	0	1000	1000	10
249	0	1000	1000	11
249	0	1000	1000	12
249	0	1000	1000	13
249	0	1000	1000	14
249	0	1000	1000	15
249	0	1000	1000	16
249	0	1000	1000	17
249	0	1000	1000	18
249	0	1000	1000	19
249	0	1000	1000	20
249	0	1000	993	21
249	0	1000	1000	22
249	0	1000	1000	23
249	0	1000	1000	24
249	0	1000	1000	25
249	0	1000	1000	26
249	0	1000	1000	27
249	0	1000	1000	28
249	0	1000	1000	29
249	0	1000	1000	30
249	0	1000	1000	31
# Event data block #51
# Threshold	DAC	Events	Triggered	CH#
250	0	1000	1000	0
250	0	1000	1000	1
250	0	1000	1000	2
250	0	1000	1000	3
250	0	1000	1000	4
250	0	1000	1000	5
250	0	1000	1000	6
250	0	1000	1000	7
250	0	1000	1000	8
250	0	1000	1000	9
250	0	1000	1000	10
250	0	1000	1000	11
250	0	1000	1000	12
250	0	1000	1000	13
250	0	1000	1000	14
250	0	1000	1000	15
250	0	1000	1000	16
250	0	1000	1000	17
250	0	1000	1000	18
250	0	1000	1000	19
250	0	1000	1000	20
250	0	1000	991	21
250	0	1000	1000	22
250	0	1000	1000	23
250	0	1000	1000	24
250	0	1000	1000	25
250	0	1000	1000	26
250	0	1000	1000	27
250	0	1000	1000	28
250	0	1000	1000	29
250	0	1000	1000	30
250	0	1000	1000	31
# Event data block #52
# Threshold	DAC	Events	Triggered	CH#
251	0	1000	1000	0
251	0	1000	1000	1
251	0	1000	1000	2
251	0	1000	1000	3
251	0	1000	1000	4
251	0	1000	1000	5
251	0	1000	1000	6
251	0	1000	1000	7
251	0	1000	1000	8
251	0	1000	1000	9
251	0	1000	1000	10
251	0	1000	1000	11
251	0	1000	1000	12
251	0	1000	1000	13
251	0	1000	1000	14
251	0	1000	1000	15
251	0	1000	1000	16
251	0	1000	1000	17
251	0	1000	1000	18
251	0	1000	1000	19
251	0	1000	1000	20
251	0	1000	995	21
251	0	1000	1000	22
251	0	1000	1000	23
251	0	1000	1000	24
251	0	1000	1000	25
251	0	1000	1000	26
251	0	1000	1000	27
251	0	1000	1000	28
251	0	1000	1000	29
251	0	1000	1000	30
251	0	1000	1000	31
# Event data block #53
# Threshold	DAC	Events	Triggered	CH#
252	0	1000	1000	0
252	0	1000	1000	1
252	0	1000	1000	2
252	0	1000	1000	3
252	0	1000	1000	4
252	0	1000	1000	5
252	0	1000	1000	6
252	0	1000	1000	7
252	0	1000	1000	8
252	0	1000	1000	9
252	0	1000	1000	10
252	0	1000	1000	11
252	0	1000	1000	12
252	0	1000	1000	13
252	0	1000	1000	14
252	0	1000	1000	15
252	0	1000	1000	16
252	0	1000	1000	17
252	0	1000	1000	18
252	0	1000	1000	19
252	0	1000	1000	20
252	0	1000	998	21
252	0	1000	1000	22
252	0	1000	1000	23
252	0	1000	1000	24
252	0	1000	1000	25
252	0	1000	1000	26
252	0	1000	1000	27
252	0	1000	1000	28
252	0	1000	1000	29
252	0	1000	1000	30
252	0	1000	1000	31
# Event data block #54
# Threshold	DAC	Events	Triggered	CH#
253	0	1000	1000	0
253	0	1000	1000	1
253	0	1000	1000	2
253	0	1000	1000	3
253	0	1000	1000	4
253	0	1000	1000	5
253	0	1000	1000	6
253	0	1000	1000	7
253	0	1000	1000	8
253	0	1000	1000	9
253	0	1000	1000	10
253	0	1000	1000	11
253	0	1000	1000	12
253	0	1000	1000	13
253	0	1000	1000	14
253	0	1000	1000	15
253	0	1000	1000	16
253	0	1000	1000	17
253	0	1000	1000	18
253	0	1000	1000	19
253	0	1000	1000	20
253	0	1000	1000	21
253	0	1000	1000	22
253	0	1000	1000	23
253	0	1000	1000	24
253	0	1000	1000	25
253	0	1000	1000	26
253	0	1000	1000	27
253	0	1000	1000	28
253	0	1000	1000	29
253	0	1000	1000	30
253	0	1000	1000	31
# Event data block #55
# Threshold	DAC	Events	Triggered	CH#
254	0	1000	1000	0
254	0	1000	1000	1
254	0	1000	1000	2
254	0	1000	1000	3
254	0	1000	1000	4
254	0	1000	1000	5
254	0	1000	1000	6
254	0	1000	1000	7
254	0	1000	1000	8
254	0	1000	1000	9
254	0	1000	1000	10
254	0	1000	1000	11
254	0	1000	1000	12
254	0	1000	1000	13
254	0	1000	1000	14
254	0	1000	1000	15
254	0	1000	1000	16
254	0	1000	1000	17
254	0	1000	1000	18
254	0	1000	1000	19
254	0	1000	1000	20
254	0	1000	1000	21
254	0	1000	1000	22
254	0	1000	1000	23
254	0	1000	1000	24
254	0	1000	1000	25
254	0	1000	1000	26
254	0	1000	1000	27
254	0	1000	1000	28
254	0	1000	1000	29
254	0	1000	1000	30
254	0	1000	1000	31
# Event data block #56
# Threshold	DAC	Events	Triggered	CH#
255	0	1000	1000	0
255	0	1000	1000	1
255	0	1000	1000	2
255	0	1000	1000	3
255	0	1000	1000	4
255	0	1000	1000	5
255	0	1000	1000	6
255	0	1000	1000	7
255	0	1000	1000	8
255	0	1000	1000	9
255	0	1000	1000	10
255	0	1000	1000	11
255	0	1000	1000	12
255	0	1000	1000	13
255	0	1000	1000	14
255	0	1000	1000	15
255	0	1000	1000	16
255	0	1000	1000	17
255	0	1000	1000	18
255	0	1000	1000	19
255	0	1000	1000	20
255	0	1000	1000	21
255	0	1000	1000	22
255	0	1000	1000	23
255	0	1000	1000	24
255	0	1000	1000	25
255	0	1000	1000	26
255	0	1000	1000	27
255	0	1000	1000	28
255	0	1000	1000	29
255	0	1000	1000	30
255	0	1000	1000	31
