# ASIC configuration for the measurements:
# ------------------------------------------------------------------------------
# Mode = 000 
# Bias = 0101 
# CSArefs = 1011 
# Shaper = 110 
# Leakage mask = 00000000000000000000000000000000 
# Discr. enable mask = 11111111111111111111111111111111 
# Calibration mask = 00000000000000000000000000000000 
# Threshold = 255 
# FineTHR[0] = 011 
# FineTHR[1] = 011 
# FineTHR[2] = 011 
# FineTHR[3] = 011 
# FineTHR[4] = 011 
# FineTHR[5] = 011 
# FineTHR[6] = 011 
# FineTHR[7] = 011 
# FineTHR[8] = 011 
# FineTHR[9] = 011 
# FineTHR[10] = 011 
# FineTHR[11] = 011 
# FineTHR[12] = 011 
# FineTHR[13] = 011 
# FineTHR[14] = 011 
# FineTHR[15] = 011 
# FineTHR[16] = 011 
# FineTHR[17] = 011 
# FineTHR[18] = 011 
# FineTHR[19] = 011 
# FineTHR[20] = 011 
# FineTHR[21] = 011 
# FineTHR[22] = 011 
# FineTHR[23] = 011 
# FineTHR[24] = 011 
# FineTHR[25] = 011 
# FineTHR[26] = 011 
# FineTHR[27] = 011 
# FineTHR[28] = 011 
# FineTHR[29] = 011 
# FineTHR[30] = 011 
# FineTHR[31] = 011 
# ------------------------------------------------------------------------------
# Event data block #1
# Threshold	DAC	Events	Triggered	CH#
200	0	1000	0	0
200	0	1000	0	1
200	0	1000	0	2
200	0	1000	4	3
200	0	1000	2	4
200	0	1000	17	5
200	0	1000	49	6
200	0	1000	65	7
200	0	1000	56	8
200	0	1000	68	9
200	0	1000	21	10
200	0	1000	17	11
200	0	1000	1	12
200	0	1000	0	13
200	0	1000	0	14
200	0	1000	0	15
200	0	1000	1	16
200	0	1000	18	17
200	0	1000	3	18
200	0	1000	36	19
200	0	1000	27	20
200	0	1000	22	21
200	0	1000	191	22
200	0	1000	87	23
200	0	1000	80	24
200	0	1000	63	25
200	0	1000	124	26
200	0	1000	22	27
200	0	1000	0	28
200	0	1000	0	29
200	0	1000	0	30
200	0	1000	0	31
# Event data block #2
# Threshold	DAC	Events	Triggered	CH#
201	0	1000	0	0
201	0	1000	0	1
201	0	1000	0	2
201	0	1000	12	3
201	0	1000	5	4
201	0	1000	20	5
201	0	1000	63	6
201	0	1000	79	7
201	0	1000	79	8
201	0	1000	89	9
201	0	1000	31	10
201	0	1000	22	11
201	0	1000	2	12
201	0	1000	1	13
201	0	1000	1	14
201	0	1000	1	15
201	0	1000	2	16
201	0	1000	30	17
201	0	1000	6	18
201	0	1000	50	19
201	0	1000	42	20
201	0	1000	24	21
201	0	1000	258	22
201	0	1000	114	23
201	0	1000	113	24
201	0	1000	82	25
201	0	1000	154	26
201	0	1000	25	27
201	0	1000	1	28
201	0	1000	0	29
201	0	1000	1	30
201	0	1000	0	31
# Event data block #3
# Threshold	DAC	Events	Triggered	CH#
202	0	1000	0	0
202	0	1000	0	1
202	0	1000	0	2
202	0	1000	12	3
202	0	1000	3	4
202	0	1000	28	5
202	0	1000	68	6
202	0	1000	90	7
202	0	1000	85	8
202	0	1000	98	9
202	0	1000	36	10
202	0	1000	27	11
202	0	1000	1	12
202	0	1000	0	13
202	0	1000	0	14
202	0	1000	0	15
202	0	1000	1	16
202	0	1000	45	17
202	0	1000	6	18
202	0	1000	58	19
202	0	1000	46	20
202	0	1000	33	21
202	0	1000	312	22
202	0	1000	118	23
202	0	1000	102	24
202	0	1000	89	25
202	0	1000	156	26
202	0	1000	39	27
202	0	1000	0	28
202	0	1000	0	29
202	0	1000	1	30
202	0	1000	0	31
# Event data block #4
# Threshold	DAC	Events	Triggered	CH#
203	0	1000	0	0
203	0	1000	0	1
203	0	1000	0	2
203	0	1000	22	3
203	0	1000	6	4
203	0	1000	33	5
203	0	1000	69	6
203	0	1000	87	7
203	0	1000	81	8
203	0	1000	93	9
203	0	1000	40	10
203	0	1000	33	11
203	0	1000	4	12
203	0	1000	1	13
203	0	1000	1	14
203	0	1000	0	15
203	0	1000	4	16
203	0	1000	53	17
203	0	1000	12	18
203	0	1000	63	19
203	0	1000	47	20
203	0	1000	36	21
203	0	1000	422	22
203	0	1000	113	23
203	0	1000	110	24
203	0	1000	87	25
203	0	1000	175	26
203	0	1000	39	27
203	0	1000	0	28
203	0	1000	0	29
203	0	1000	4	30
203	0	1000	1	31
# Event data block #5
# Threshold	DAC	Events	Triggered	CH#
204	0	1000	0	0
204	0	1000	0	1
204	0	1000	0	2
204	0	1000	21	3
204	0	1000	4	4
204	0	1000	25	5
204	0	1000	66	6
204	0	1000	87	7
204	0	1000	83	8
204	0	1000	110	9
204	0	1000	33	10
204	0	1000	27	11
204	0	1000	3	12
204	0	1000	0	13
204	0	1000	0	14
204	0	1000	0	15
204	0	1000	3	16
204	0	1000	65	17
204	0	1000	8	18
204	0	1000	68	19
204	0	1000	41	20
204	0	1000	35	21
204	0	1000	525	22
204	0	1000	122	23
204	0	1000	114	24
204	0	1000	87	25
204	0	1000	193	26
204	0	1000	38	27
204	0	1000	0	28
204	0	1000	0	29
204	0	1000	4	30
204	0	1000	0	31
# Event data block #6
# Threshold	DAC	Events	Triggered	CH#
205	0	1000	0	0
205	0	1000	0	1
205	0	1000	0	2
205	0	1000	24	3
205	0	1000	2	4
205	0	1000	30	5
205	0	1000	72	6
205	0	1000	89	7
205	0	1000	87	8
205	0	1000	109	9
205	0	1000	37	10
205	0	1000	35	11
205	0	1000	1	12
205	0	1000	0	13
205	0	1000	0	14
205	0	1000	0	15
205	0	1000	3	16
205	0	1000	80	17
205	0	1000	10	18
205	0	1000	77	19
205	0	1000	50	20
205	0	1000	36	21
205	0	1000	655	22
205	0	1000	132	23
205	0	1000	119	24
205	0	1000	95	25
205	0	1000	261	26
205	0	1000	44	27
205	0	1000	0	28
205	0	1000	0	29
205	0	1000	2	30
205	0	1000	0	31
# Event data block #7
# Threshold	DAC	Events	Triggered	CH#
206	0	1000	0	0
206	0	1000	0	1
206	0	1000	0	2
206	0	1000	31	3
206	0	1000	5	4
206	0	1000	33	5
206	0	1000	85	6
206	0	1000	100	7
206	0	1000	99	8
206	0	1000	115	9
206	0	1000	48	10
206	0	1000	44	11
206	0	1000	3	12
206	0	1000	1	13
206	0	1000	2	14
206	0	1000	1	15
206	0	1000	7	16
206	0	1000	111	17
206	0	1000	15	18
206	0	1000	94	19
206	0	1000	62	20
206	0	1000	44	21
206	0	1000	742	22
206	0	1000	127	23
206	0	1000	115	24
206	0	1000	104	25
206	0	1000	422	26
206	0	1000	52	27
206	0	1000	0	28
206	0	1000	0	29
206	0	1000	11	30
206	0	1000	4	31
# Event data block #8
# Threshold	DAC	Events	Triggered	CH#
207	0	1000	0	0
207	0	1000	3	1
207	0	1000	3	2
207	0	1000	37	3
207	0	1000	9	4
207	0	1000	35	5
207	0	1000	77	6
207	0	1000	88	7
207	0	1000	85	8
207	0	1000	110	9
207	0	1000	45	10
207	0	1000	42	11
207	0	1000	6	12
207	0	1000	3	13
207	0	1000	6	14
207	0	1000	4	15
207	0	1000	18	16
207	0	1000	123	17
207	0	1000	21	18
207	0	1000	93	19
207	0	1000	55	20
207	0	1000	43	21
207	0	1000	808	22
207	0	1000	127	23
207	0	1000	109	24
207	0	1000	95	25
207	0	1000	586	26
207	0	1000	50	27
207	0	1000	3	28
207	0	1000	0	29
207	0	1000	19	30
207	0	1000	7	31
# Event data block #9
# Threshold	DAC	Events	Triggered	CH#
208	0	1000	0	0
208	0	1000	4	1
208	0	1000	5	2
208	0	1000	45	3
208	0	1000	7	4
208	0	1000	40	5
208	0	1000	89	6
208	0	1000	94	7
208	0	1000	93	8
208	0	1000	116	9
208	0	1000	49	10
208	0	1000	44	11
208	0	1000	6	12
208	0	1000	6	13
208	0	1000	7	14
208	0	1000	5	15
208	0	1000	23	16
208	0	1000	166	17
208	0	1000	22	18
208	0	1000	105	19
208	0	1000	64	20
208	0	1000	48	21
208	0	1000	838	22
208	0	1000	134	23
208	0	1000	112	24
208	0	1000	96	25
208	0	1000	701	26
208	0	1000	60	27
208	0	1000	4	28
208	0	1000	0	29
208	0	1000	28	30
208	0	1000	11	31
# Event data block #10
# Threshold	DAC	Events	Triggered	CH#
209	0	1000	0	0
209	0	1000	4	1
209	0	1000	6	2
209	0	1000	78	3
209	0	1000	22	4
209	0	1000	70	5
209	0	1000	124	6
209	0	1000	133	7
209	0	1000	127	8
209	0	1000	160	9
209	0	1000	79	10
209	0	1000	75	11
209	0	1000	7	12
209	0	1000	5	13
209	0	1000	28	14
209	0	1000	12	15
209	0	1000	63	16
209	0	1000	433	17
209	0	1000	46	18
209	0	1000	148	19
209	0	1000	99	20
209	0	1000	76	21
209	0	1000	815	22
209	0	1000	173	23
209	0	1000	154	24
209	0	1000	135	25
209	0	1000	753	26
209	0	1000	95	27
209	0	1000	3	28
209	0	1000	0	29
209	0	1000	63	30
209	0	1000	37	31
# Event data block #11
# Threshold	DAC	Events	Triggered	CH#
210	0	1000	0	0
210	0	1000	13	1
210	0	1000	14	2
210	0	1000	82	3
210	0	1000	20	4
210	0	1000	59	5
210	0	1000	121	6
210	0	1000	123	7
210	0	1000	123	8
210	0	1000	161	9
210	0	1000	76	10
210	0	1000	73	11
210	0	1000	12	12
210	0	1000	11	13
210	0	1000	30	14
210	0	1000	19	15
210	0	1000	64	16
210	0	1000	732	17
210	0	1000	43	18
210	0	1000	157	19
210	0	1000	95	20
210	0	1000	73	21
210	0	1000	820	22
210	0	1000	184	23
210	0	1000	150	24
210	0	1000	131	25
210	0	1000	787	26
210	0	1000	93	27
210	0	1000	9	28
210	0	1000	0	29
210	0	1000	79	30
210	0	1000	42	31
# Event data block #12
# Threshold	DAC	Events	Triggered	CH#
211	0	1000	1	0
211	0	1000	19	1
211	0	1000	17	2
211	0	1000	102	3
211	0	1000	22	4
211	0	1000	65	5
211	0	1000	125	6
211	0	1000	131	7
211	0	1000	129	8
211	0	1000	172	9
211	0	1000	88	10
211	0	1000	81	11
211	0	1000	18	12
211	0	1000	18	13
211	0	1000	32	14
211	0	1000	30	15
211	0	1000	84	16
211	0	1000	815	17
211	0	1000	48	18
211	0	1000	205	19
211	0	1000	108	20
211	0	1000	74	21
211	0	1000	819	22
211	0	1000	215	23
211	0	1000	162	24
211	0	1000	138	25
211	0	1000	801	26
211	0	1000	106	27
211	0	1000	12	28
211	0	1000	1	29
211	0	1000	106	30
211	0	1000	58	31
# Event data block #13
# Threshold	DAC	Events	Triggered	CH#
212	0	1000	2	0
212	0	1000	40	1
212	0	1000	36	2
212	0	1000	120	3
212	0	1000	38	4
212	0	1000	80	5
212	0	1000	131	6
212	0	1000	137	7
212	0	1000	132	8
212	0	1000	212	9
212	0	1000	101	10
212	0	1000	95	11
212	0	1000	21	12
212	0	1000	19	13
212	0	1000	56	14
212	0	1000	48	15
212	0	1000	116	16
212	0	1000	858	17
212	0	1000	74	18
212	0	1000	311	19
212	0	1000	117	20
212	0	1000	92	21
212	0	1000	839	22
212	0	1000	281	23
212	0	1000	177	24
212	0	1000	152	25
212	0	1000	824	26
212	0	1000	118	27
212	0	1000	14	28
212	0	1000	1	29
212	0	1000	145	30
212	0	1000	92	31
# Event data block #14
# Threshold	DAC	Events	Triggered	CH#
213	0	1000	8	0
213	0	1000	53	1
213	0	1000	44	2
213	0	1000	159	3
213	0	1000	39	4
213	0	1000	93	5
213	0	1000	160	6
213	0	1000	166	7
213	0	1000	166	8
213	0	1000	333	9
213	0	1000	124	10
213	0	1000	118	11
213	0	1000	32	12
213	0	1000	34	13
213	0	1000	73	14
213	0	1000	63	15
213	0	1000	178	16
213	0	1000	911	17
213	0	1000	87	18
213	0	1000	558	19
213	0	1000	145	20
213	0	1000	107	21
213	0	1000	874	22
213	0	1000	396	23
213	0	1000	229	24
213	0	1000	189	25
213	0	1000	862	26
213	0	1000	144	27
213	0	1000	27	28
213	0	1000	1	29
213	0	1000	369	30
213	0	1000	138	31
# Event data block #15
# Threshold	DAC	Events	Triggered	CH#
214	0	1000	20	0
214	0	1000	85	1
214	0	1000	69	2
214	0	1000	198	3
214	0	1000	56	4
214	0	1000	107	5
214	0	1000	166	6
214	0	1000	176	7
214	0	1000	173	8
214	0	1000	431	9
214	0	1000	123	10
214	0	1000	121	11
214	0	1000	43	12
214	0	1000	45	13
214	0	1000	94	14
214	0	1000	83	15
214	0	1000	355	16
214	0	1000	924	17
214	0	1000	104	18
214	0	1000	727	19
214	0	1000	147	20
214	0	1000	117	21
214	0	1000	885	22
214	0	1000	464	23
214	0	1000	260	24
214	0	1000	220	25
214	0	1000	882	26
214	0	1000	152	27
214	0	1000	39	28
214	0	1000	10	29
214	0	1000	782	30
214	0	1000	183	31
# Event data block #16
# Threshold	DAC	Events	Triggered	CH#
215	0	1000	18	0
215	0	1000	95	1
215	0	1000	64	2
215	0	1000	317	3
215	0	1000	47	4
215	0	1000	100	5
215	0	1000	176	6
215	0	1000	189	7
215	0	1000	187	8
215	0	1000	566	9
215	0	1000	132	10
215	0	1000	127	11
215	0	1000	29	12
215	0	1000	43	13
215	0	1000	100	14
215	0	1000	90	15
215	0	1000	743	16
215	0	1000	951	17
215	0	1000	107	18
215	0	1000	819	19
215	0	1000	162	20
215	0	1000	110	21
215	0	1000	903	22
215	0	1000	548	23
215	0	1000	323	24
215	0	1000	258	25
215	0	1000	903	26
215	0	1000	174	27
215	0	1000	25	28
215	0	1000	6	29
215	0	1000	885	30
215	0	1000	434	31
# Event data block #17
# Threshold	DAC	Events	Triggered	CH#
216	0	1000	31	0
216	0	1000	104	1
216	0	1000	69	2
216	0	1000	624	3
216	0	1000	44	4
216	0	1000	87	5
216	0	1000	178	6
216	0	1000	192	7
216	0	1000	192	8
216	0	1000	671	9
216	0	1000	107	10
216	0	1000	102	11
216	0	1000	30	12
216	0	1000	44	13
216	0	1000	98	14
216	0	1000	87	15
216	0	1000	858	16
216	0	1000	963	17
216	0	1000	101	18
216	0	1000	843	19
216	0	1000	156	20
216	0	1000	99	21
216	0	1000	899	22
216	0	1000	640	23
216	0	1000	381	24
216	0	1000	315	25
216	0	1000	902	26
216	0	1000	187	27
216	0	1000	33	28
216	0	1000	14	29
216	0	1000	917	30
216	0	1000	792	31
# Event data block #18
# Threshold	DAC	Events	Triggered	CH#
217	0	1000	39	0
217	0	1000	201	1
217	0	1000	101	2
217	0	1000	800	3
217	0	1000	48	4
217	0	1000	105	5
217	0	1000	258	6
217	0	1000	260	7
217	0	1000	265	8
217	0	1000	743	9
217	0	1000	143	10
217	0	1000	144	11
217	0	1000	38	12
217	0	1000	53	13
217	0	1000	171	14
217	0	1000	148	15
217	0	1000	904	16
217	0	1000	967	17
217	0	1000	138	18
217	0	1000	864	19
217	0	1000	238	20
217	0	1000	117	21
217	0	1000	913	22
217	0	1000	718	23
217	0	1000	455	24
217	0	1000	418	25
217	0	1000	918	26
217	0	1000	312	27
217	0	1000	35	28
217	0	1000	14	29
217	0	1000	943	30
217	0	1000	881	31
# Event data block #19
# Threshold	DAC	Events	Triggered	CH#
218	0	1000	59	0
218	0	1000	632	1
218	0	1000	121	2
218	0	1000	869	3
218	0	1000	48	4
218	0	1000	103	5
218	0	1000	345	6
218	0	1000	324	7
218	0	1000	331	8
218	0	1000	815	9
218	0	1000	150	10
218	0	1000	152	11
218	0	1000	41	12
218	0	1000	60	13
218	0	1000	352	14
218	0	1000	281	15
218	0	1000	946	16
218	0	1000	983	17
218	0	1000	168	18
218	0	1000	903	19
218	0	1000	356	20
218	0	1000	120	21
218	0	1000	931	22
218	0	1000	793	23
218	0	1000	581	24
218	0	1000	565	25
218	0	1000	936	26
218	0	1000	494	27
218	0	1000	41	28
218	0	1000	25	29
218	0	1000	969	30
218	0	1000	935	31
# Event data block #20
# Threshold	DAC	Events	Triggered	CH#
219	0	1000	114	0
219	0	1000	843	1
219	0	1000	248	2
219	0	1000	878	3
219	0	1000	77	4
219	0	1000	136	5
219	0	1000	498	6
219	0	1000	439	7
219	0	1000	452	8
219	0	1000	812	9
219	0	1000	229	10
219	0	1000	258	11
219	0	1000	60	12
219	0	1000	88	13
219	0	1000	702	14
219	0	1000	654	15
219	0	1000	937	16
219	0	1000	982	17
219	0	1000	366	18
219	0	1000	890	19
219	0	1000	545	20
219	0	1000	146	21
219	0	1000	908	22
219	0	1000	790	23
219	0	1000	648	24
219	0	1000	676	25
219	0	1000	914	26
219	0	1000	683	27
219	0	1000	66	28
219	0	1000	35	29
219	0	1000	968	30
219	0	1000	930	31
# Event data block #21
# Threshold	DAC	Events	Triggered	CH#
220	0	1000	180	0
220	0	1000	913	1
220	0	1000	692	2
220	0	1000	917	3
220	0	1000	89	4
220	0	1000	159	5
220	0	1000	638	6
220	0	1000	564	7
220	0	1000	552	8
220	0	1000	852	9
220	0	1000	371	10
220	0	1000	431	11
220	0	1000	76	12
220	0	1000	109	13
220	0	1000	856	14
220	0	1000	838	15
220	0	1000	970	16
220	0	1000	991	17
220	0	1000	662	18
220	0	1000	920	19
220	0	1000	710	20
220	0	1000	180	21
220	0	1000	929	22
220	0	1000	828	23
220	0	1000	708	24
220	0	1000	756	25
220	0	1000	937	26
220	0	1000	805	27
220	0	1000	78	28
220	0	1000	66	29
220	0	1000	986	30
220	0	1000	965	31
# Event data block #22
# Threshold	DAC	Events	Triggered	CH#
221	0	1000	762	0
221	0	1000	940	1
221	0	1000	849	2
221	0	1000	933	3
221	0	1000	72	4
221	0	1000	173	5
221	0	1000	745	6
221	0	1000	670	7
221	0	1000	660	8
221	0	1000	867	9
221	0	1000	552	10
221	0	1000	624	11
221	0	1000	53	12
221	0	1000	94	13
221	0	1000	898	14
221	0	1000	902	15
221	0	1000	971	16
221	0	1000	992	17
221	0	1000	806	18
221	0	1000	934	19
221	0	1000	793	20
221	0	1000	205	21
221	0	1000	937	22
221	0	1000	848	23
221	0	1000	766	24
221	0	1000	798	25
221	0	1000	943	26
221	0	1000	835	27
221	0	1000	63	28
221	0	1000	46	29
221	0	1000	991	30
221	0	1000	970	31
# Event data block #23
# Threshold	DAC	Events	Triggered	CH#
222	0	1000	878	0
222	0	1000	959	1
222	0	1000	899	2
222	0	1000	944	3
222	0	1000	82	4
222	0	1000	270	5
222	0	1000	804	6
222	0	1000	741	7
222	0	1000	735	8
222	0	1000	887	9
222	0	1000	703	10
222	0	1000	769	11
222	0	1000	63	12
222	0	1000	117	13
222	0	1000	922	14
222	0	1000	920	15
222	0	1000	980	16
222	0	1000	994	17
222	0	1000	874	18
222	0	1000	938	19
222	0	1000	849	20
222	0	1000	306	21
222	0	1000	939	22
222	0	1000	873	23
222	0	1000	806	24
222	0	1000	838	25
222	0	1000	948	26
222	0	1000	874	27
222	0	1000	76	28
222	0	1000	65	29
222	0	1000	994	30
222	0	1000	981	31
# Event data block #24
# Threshold	DAC	Events	Triggered	CH#
223	0	1000	942	0
223	0	1000	981	1
223	0	1000	949	2
223	0	1000	974	3
223	0	1000	85	4
223	0	1000	457	5
223	0	1000	862	6
223	0	1000	817	7
223	0	1000	804	8
223	0	1000	928	9
223	0	1000	827	10
223	0	1000	862	11
223	0	1000	62	12
223	0	1000	244	13
223	0	1000	968	14
223	0	1000	966	15
223	0	1000	988	16
223	0	1000	997	17
223	0	1000	928	18
223	0	1000	971	19
223	0	1000	898	20
223	0	1000	472	21
223	0	1000	966	22
223	0	1000	916	23
223	0	1000	849	24
223	0	1000	890	25
223	0	1000	975	26
223	0	1000	924	27
223	0	1000	85	28
223	0	1000	79	29
223	0	1000	997	30
223	0	1000	989	31
# Event data block #25
# Threshold	DAC	Events	Triggered	CH#
224	0	1000	966	0
224	0	1000	992	1
224	0	1000	968	2
224	0	1000	982	3
224	0	1000	97	4
224	0	1000	686	5
224	0	1000	896	6
224	0	1000	864	7
224	0	1000	855	8
224	0	1000	946	9
224	0	1000	882	10
224	0	1000	900	11
224	0	1000	67	12
224	0	1000	552	13
224	0	1000	979	14
224	0	1000	982	15
224	0	1000	999	16
224	0	1000	1000	17
224	0	1000	949	18
224	0	1000	976	19
224	0	1000	919	20
224	0	1000	665	21
224	0	1000	973	22
224	0	1000	929	23
224	0	1000	884	24
224	0	1000	910	25
224	0	1000	978	26
224	0	1000	942	27
224	0	1000	106	28
224	0	1000	119	29
224	0	1000	1000	30
224	0	1000	999	31
# Event data block #26
# Threshold	DAC	Events	Triggered	CH#
225	0	1000	991	0
225	0	1000	1000	1
225	0	1000	988	2
225	0	1000	993	3
225	0	1000	69	4
225	0	1000	829	5
225	0	1000	943	6
225	0	1000	926	7
225	0	1000	921	8
225	0	1000	973	9
225	0	1000	937	10
225	0	1000	949	11
225	0	1000	37	12
225	0	1000	789	13
225	0	1000	989	14
225	0	1000	990	15
225	0	1000	1000	16
225	0	1000	1000	17
225	0	1000	978	18
225	0	1000	988	19
225	0	1000	962	20
225	0	1000	796	21
225	0	1000	985	22
225	0	1000	963	23
225	0	1000	937	24
225	0	1000	948	25
225	0	1000	990	26
225	0	1000	974	27
225	0	1000	114	28
225	0	1000	303	29
225	0	1000	1000	30
225	0	1000	1000	31
# Event data block #27
# Threshold	DAC	Events	Triggered	CH#
226	0	1000	980	0
226	0	1000	995	1
226	0	1000	974	2
226	0	1000	980	3
226	0	1000	218	4
226	0	1000	851	5
226	0	1000	898	6
226	0	1000	875	7
226	0	1000	867	8
226	0	1000	935	9
226	0	1000	900	10
226	0	1000	915	11
226	0	1000	123	12
226	0	1000	866	13
226	0	1000	977	14
226	0	1000	979	15
226	0	1000	998	16
226	0	1000	998	17
226	0	1000	949	18
226	0	1000	977	19
226	0	1000	924	20
226	0	1000	832	21
226	0	1000	965	22
226	0	1000	922	23
226	0	1000	878	24
226	0	1000	910	25
226	0	1000	976	26
226	0	1000	940	27
226	0	1000	456	28
226	0	1000	787	29
226	0	1000	999	30
226	0	1000	998	31
# Event data block #28
# Threshold	DAC	Events	Triggered	CH#
227	0	1000	976	0
227	0	1000	997	1
227	0	1000	966	2
227	0	1000	973	3
227	0	1000	434	4
227	0	1000	847	5
227	0	1000	873	6
227	0	1000	849	7
227	0	1000	839	8
227	0	1000	917	9
227	0	1000	880	10
227	0	1000	894	11
227	0	1000	175	12
227	0	1000	879	13
227	0	1000	973	14
227	0	1000	973	15
227	0	1000	1000	16
227	0	1000	1000	17
227	0	1000	944	18
227	0	1000	965	19
227	0	1000	905	20
227	0	1000	845	21
227	0	1000	952	22
227	0	1000	900	23
227	0	1000	847	24
227	0	1000	889	25
227	0	1000	963	26
227	0	1000	927	27
227	0	1000	742	28
227	0	1000	870	29
227	0	1000	1000	30
227	0	1000	1000	31
# Event data block #29
# Threshold	DAC	Events	Triggered	CH#
228	0	1000	985	0
228	0	1000	995	1
228	0	1000	975	2
228	0	1000	979	3
228	0	1000	682	4
228	0	1000	848	5
228	0	1000	874	6
228	0	1000	840	7
228	0	1000	834	8
228	0	1000	920	9
228	0	1000	888	10
228	0	1000	896	11
228	0	1000	327	12
228	0	1000	899	13
228	0	1000	979	14
228	0	1000	981	15
228	0	1000	997	16
228	0	1000	998	17
228	0	1000	948	18
228	0	1000	969	19
228	0	1000	910	20
228	0	1000	843	21
228	0	1000	954	22
228	0	1000	896	23
228	0	1000	842	24
228	0	1000	885	25
228	0	1000	969	26
228	0	1000	931	27
228	0	1000	813	28
228	0	1000	902	29
228	0	1000	1000	30
228	0	1000	998	31
# Event data block #30
# Threshold	DAC	Events	Triggered	CH#
229	0	1000	988	0
229	0	1000	996	1
229	0	1000	979	2
229	0	1000	981	3
229	0	1000	775	4
229	0	1000	845	5
229	0	1000	859	6
229	0	1000	840	7
229	0	1000	832	8
229	0	1000	902	9
229	0	1000	873	10
229	0	1000	889	11
229	0	1000	569	12
229	0	1000	894	13
229	0	1000	981	14
229	0	1000	983	15
229	0	1000	1000	16
229	0	1000	1000	17
229	0	1000	939	18
229	0	1000	970	19
229	0	1000	899	20
229	0	1000	831	21
229	0	1000	936	22
229	0	1000	886	23
229	0	1000	840	24
229	0	1000	863	25
229	0	1000	962	26
229	0	1000	916	27
229	0	1000	838	28
229	0	1000	897	29
229	0	1000	1000	30
229	0	1000	1000	31
# Event data block #31
# Threshold	DAC	Events	Triggered	CH#
230	0	1000	995	0
230	0	1000	999	1
230	0	1000	987	2
230	0	1000	984	3
230	0	1000	816	4
230	0	1000	857	5
230	0	1000	863	6
230	0	1000	839	7
230	0	1000	830	8
230	0	1000	910	9
230	0	1000	879	10
230	0	1000	897	11
230	0	1000	733	12
230	0	1000	911	13
230	0	1000	990	14
230	0	1000	991	15
230	0	1000	1000	16
230	0	1000	1000	17
230	0	1000	960	18
230	0	1000	975	19
230	0	1000	905	20
230	0	1000	852	21
230	0	1000	952	22
230	0	1000	885	23
230	0	1000	827	24
230	0	1000	871	25
230	0	1000	973	26
230	0	1000	929	27
230	0	1000	856	28
230	0	1000	922	29
230	0	1000	1000	30
230	0	1000	1000	31
# Event data block #32
# Threshold	DAC	Events	Triggered	CH#
231	0	1000	998	0
231	0	1000	999	1
231	0	1000	998	2
231	0	1000	996	3
231	0	1000	843	4
231	0	1000	877	5
231	0	1000	883	6
231	0	1000	859	7
231	0	1000	848	8
231	0	1000	916	9
231	0	1000	896	10
231	0	1000	912	11
231	0	1000	808	12
231	0	1000	922	13
231	0	1000	996	14
231	0	1000	998	15
231	0	1000	1000	16
231	0	1000	1000	17
231	0	1000	968	18
231	0	1000	982	19
231	0	1000	915	20
231	0	1000	868	21
231	0	1000	956	22
231	0	1000	897	23
231	0	1000	851	24
231	0	1000	885	25
231	0	1000	973	26
231	0	1000	939	27
231	0	1000	886	28
231	0	1000	940	29
231	0	1000	1000	30
231	0	1000	1000	31
# Event data block #33
# Threshold	DAC	Events	Triggered	CH#
232	0	1000	999	0
232	0	1000	1000	1
232	0	1000	996	2
232	0	1000	991	3
232	0	1000	842	4
232	0	1000	874	5
232	0	1000	875	6
232	0	1000	843	7
232	0	1000	839	8
232	0	1000	914	9
232	0	1000	891	10
232	0	1000	917	11
232	0	1000	820	12
232	0	1000	941	13
232	0	1000	994	14
232	0	1000	995	15
232	0	1000	1000	16
232	0	1000	1000	17
232	0	1000	974	18
232	0	1000	986	19
232	0	1000	920	20
232	0	1000	860	21
232	0	1000	955	22
232	0	1000	891	23
232	0	1000	850	24
232	0	1000	884	25
232	0	1000	979	26
232	0	1000	943	27
232	0	1000	889	28
232	0	1000	959	29
232	0	1000	1000	30
232	0	1000	1000	31
# Event data block #34
# Threshold	DAC	Events	Triggered	CH#
233	0	1000	998	0
233	0	1000	999	1
233	0	1000	996	2
233	0	1000	992	3
233	0	1000	854	4
233	0	1000	880	5
233	0	1000	878	6
233	0	1000	845	7
233	0	1000	841	8
233	0	1000	927	9
233	0	1000	907	10
233	0	1000	925	11
233	0	1000	837	12
233	0	1000	953	13
233	0	1000	996	14
233	0	1000	998	15
233	0	1000	999	16
233	0	1000	999	17
233	0	1000	973	18
233	0	1000	979	19
233	0	1000	925	20
233	0	1000	863	21
233	0	1000	959	22
233	0	1000	896	23
233	0	1000	847	24
233	0	1000	884	25
233	0	1000	968	26
233	0	1000	949	27
233	0	1000	909	28
233	0	1000	966	29
233	0	1000	1000	30
233	0	1000	1000	31
# Event data block #35
# Threshold	DAC	Events	Triggered	CH#
234	0	1000	1000	0
234	0	1000	1000	1
234	0	1000	997	2
234	0	1000	995	3
234	0	1000	882	4
234	0	1000	891	5
234	0	1000	894	6
234	0	1000	856	7
234	0	1000	855	8
234	0	1000	930	9
234	0	1000	916	10
234	0	1000	933	11
234	0	1000	863	12
234	0	1000	956	13
234	0	1000	996	14
234	0	1000	997	15
234	0	1000	1000	16
234	0	1000	1000	17
234	0	1000	976	18
234	0	1000	981	19
234	0	1000	931	20
234	0	1000	880	21
234	0	1000	962	22
234	0	1000	905	23
234	0	1000	859	24
234	0	1000	891	25
234	0	1000	974	26
234	0	1000	954	27
234	0	1000	922	28
234	0	1000	973	29
234	0	1000	1000	30
234	0	1000	1000	31
# Event data block #36
# Threshold	DAC	Events	Triggered	CH#
235	0	1000	1000	0
235	0	1000	1000	1
235	0	1000	1000	2
235	0	1000	1000	3
235	0	1000	892	4
235	0	1000	896	5
235	0	1000	898	6
235	0	1000	862	7
235	0	1000	859	8
235	0	1000	927	9
235	0	1000	920	10
235	0	1000	934	11
235	0	1000	873	12
235	0	1000	957	13
235	0	1000	1000	14
235	0	1000	1000	15
235	0	1000	1000	16
235	0	1000	1000	17
235	0	1000	982	18
235	0	1000	989	19
235	0	1000	934	20
235	0	1000	883	21
235	0	1000	960	22
235	0	1000	905	23
235	0	1000	862	24
235	0	1000	899	25
235	0	1000	980	26
235	0	1000	957	27
235	0	1000	936	28
235	0	1000	984	29
235	0	1000	1000	30
235	0	1000	1000	31
# Event data block #37
# Threshold	DAC	Events	Triggered	CH#
236	0	1000	1000	0
236	0	1000	1000	1
236	0	1000	999	2
236	0	1000	999	3
236	0	1000	901	4
236	0	1000	906	5
236	0	1000	905	6
236	0	1000	876	7
236	0	1000	878	8
236	0	1000	940	9
236	0	1000	933	10
236	0	1000	950	11
236	0	1000	891	12
236	0	1000	972	13
236	0	1000	999	14
236	0	1000	999	15
236	0	1000	1000	16
236	0	1000	1000	17
236	0	1000	988	18
236	0	1000	991	19
236	0	1000	947	20
236	0	1000	895	21
236	0	1000	969	22
236	0	1000	916	23
236	0	1000	882	24
236	0	1000	908	25
236	0	1000	985	26
236	0	1000	967	27
236	0	1000	949	28
236	0	1000	991	29
236	0	1000	1000	30
236	0	1000	1000	31
# Event data block #38
# Threshold	DAC	Events	Triggered	CH#
237	0	1000	1000	0
237	0	1000	1000	1
237	0	1000	1000	2
237	0	1000	998	3
237	0	1000	912	4
237	0	1000	920	5
237	0	1000	910	6
237	0	1000	877	7
237	0	1000	870	8
237	0	1000	942	9
237	0	1000	934	10
237	0	1000	953	11
237	0	1000	900	12
237	0	1000	978	13
237	0	1000	999	14
237	0	1000	1000	15
237	0	1000	1000	16
237	0	1000	1000	17
237	0	1000	991	18
237	0	1000	994	19
237	0	1000	947	20
237	0	1000	910	21
237	0	1000	965	22
237	0	1000	921	23
237	0	1000	879	24
237	0	1000	913	25
237	0	1000	985	26
237	0	1000	967	27
237	0	1000	960	28
237	0	1000	994	29
237	0	1000	1000	30
237	0	1000	1000	31
# Event data block #39
# Threshold	DAC	Events	Triggered	CH#
238	0	1000	1000	0
238	0	1000	1000	1
238	0	1000	1000	2
238	0	1000	998	3
238	0	1000	933	4
238	0	1000	934	5
238	0	1000	930	6
238	0	1000	905	7
238	0	1000	906	8
238	0	1000	960	9
238	0	1000	962	10
238	0	1000	969	11
238	0	1000	930	12
238	0	1000	981	13
238	0	1000	1000	14
238	0	1000	1000	15
238	0	1000	1000	16
238	0	1000	1000	17
238	0	1000	993	18
238	0	1000	994	19
238	0	1000	968	20
238	0	1000	927	21
238	0	1000	974	22
238	0	1000	950	23
238	0	1000	913	24
238	0	1000	932	25
238	0	1000	989	26
238	0	1000	973	27
238	0	1000	974	28
238	0	1000	997	29
238	0	1000	1000	30
238	0	1000	1000	31
# Event data block #40
# Threshold	DAC	Events	Triggered	CH#
239	0	1000	1000	0
239	0	1000	1000	1
239	0	1000	1000	2
239	0	1000	1000	3
239	0	1000	950	4
239	0	1000	949	5
239	0	1000	942	6
239	0	1000	898	7
239	0	1000	904	8
239	0	1000	969	9
239	0	1000	969	10
239	0	1000	981	11
239	0	1000	935	12
239	0	1000	988	13
239	0	1000	1000	14
239	0	1000	1000	15
239	0	1000	1000	16
239	0	1000	1000	17
239	0	1000	997	18
239	0	1000	997	19
239	0	1000	975	20
239	0	1000	932	21
239	0	1000	979	22
239	0	1000	950	23
239	0	1000	935	24
239	0	1000	936	25
239	0	1000	993	26
239	0	1000	983	27
239	0	1000	992	28
239	0	1000	1000	29
239	0	1000	1000	30
239	0	1000	1000	31
# Event data block #41
# Threshold	DAC	Events	Triggered	CH#
240	0	1000	1000	0
240	0	1000	1000	1
240	0	1000	1000	2
240	0	1000	1000	3
240	0	1000	951	4
240	0	1000	950	5
240	0	1000	942	6
240	0	1000	913	7
240	0	1000	926	8
240	0	1000	964	9
240	0	1000	976	10
240	0	1000	999	11
240	0	1000	944	12
240	0	1000	992	13
240	0	1000	1000	14
240	0	1000	1000	15
240	0	1000	1000	16
240	0	1000	1000	17
240	0	1000	998	18
240	0	1000	997	19
240	0	1000	985	20
240	0	1000	940	21
240	0	1000	981	22
240	0	1000	954	23
240	0	1000	1000	24
240	0	1000	943	25
240	0	1000	994	26
240	0	1000	984	27
240	0	1000	997	28
240	0	1000	1000	29
240	0	1000	1000	30
240	0	1000	1000	31
# Event data block #42
# Threshold	DAC	Events	Triggered	CH#
241	0	1000	1000	0
241	0	1000	1000	1
241	0	1000	1000	2
241	0	1000	999	3
241	0	1000	949	4
241	0	1000	946	5
241	0	1000	941	6
241	0	1000	910	7
241	0	1000	949	8
241	0	1000	958	9
241	0	1000	999	10
241	0	1000	1000	11
241	0	1000	942	12
241	0	1000	991	13
241	0	1000	1000	14
241	0	1000	1000	15
241	0	1000	1000	16
241	0	1000	1000	17
241	0	1000	995	18
241	0	1000	996	19
241	0	1000	997	20
241	0	1000	930	21
241	0	1000	974	22
241	0	1000	961	23
241	0	1000	1000	24
241	0	1000	939	25
241	0	1000	992	26
241	0	1000	984	27
241	0	1000	1000	28
241	0	1000	1000	29
241	0	1000	1000	30
241	0	1000	1000	31
# Event data block #43
# Threshold	DAC	Events	Triggered	CH#
242	0	1000	1000	0
242	0	1000	1000	1
242	0	1000	1000	2
242	0	1000	1000	3
242	0	1000	964	4
242	0	1000	956	5
242	0	1000	959	6
242	0	1000	918	7
242	0	1000	1000	8
242	0	1000	974	9
242	0	1000	1000	10
242	0	1000	1000	11
242	0	1000	954	12
242	0	1000	996	13
242	0	1000	1000	14
242	0	1000	1000	15
242	0	1000	1000	16
242	0	1000	1000	17
242	0	1000	999	18
242	0	1000	999	19
242	0	1000	1000	20
242	0	1000	949	21
242	0	1000	989	22
242	0	1000	1000	23
242	0	1000	1000	24
242	0	1000	952	25
242	0	1000	996	26
242	0	1000	994	27
242	0	1000	1000	28
242	0	1000	1000	29
242	0	1000	1000	30
242	0	1000	1000	31
# Event data block #44
# Threshold	DAC	Events	Triggered	CH#
243	0	1000	1000	0
243	0	1000	1000	1
243	0	1000	1000	2
243	0	1000	1000	3
243	0	1000	983	4
243	0	1000	970	5
243	0	1000	987	6
243	0	1000	945	7
243	0	1000	1000	8
243	0	1000	985	9
243	0	1000	1000	10
243	0	1000	1000	11
243	0	1000	971	12
243	0	1000	1000	13
243	0	1000	1000	14
243	0	1000	1000	15
243	0	1000	1000	16
243	0	1000	1000	17
243	0	1000	1000	18
243	0	1000	1000	19
243	0	1000	1000	20
243	0	1000	958	21
243	0	1000	992	22
243	0	1000	1000	23
243	0	1000	1000	24
243	0	1000	966	25
243	0	1000	1000	26
243	0	1000	997	27
243	0	1000	1000	28
243	0	1000	1000	29
243	0	1000	1000	30
243	0	1000	1000	31
# Event data block #45
# Threshold	DAC	Events	Triggered	CH#
244	0	1000	1000	0
244	0	1000	1000	1
244	0	1000	1000	2
244	0	1000	1000	3
244	0	1000	985	4
244	0	1000	976	5
244	0	1000	1000	6
244	0	1000	955	7
244	0	1000	1000	8
244	0	1000	985	9
244	0	1000	1000	10
244	0	1000	1000	11
244	0	1000	978	12
244	0	1000	1000	13
244	0	1000	1000	14
244	0	1000	1000	15
244	0	1000	1000	16
244	0	1000	1000	17
244	0	1000	1000	18
244	0	1000	1000	19
244	0	1000	1000	20
244	0	1000	965	21
244	0	1000	992	22
244	0	1000	1000	23
244	0	1000	1000	24
244	0	1000	973	25
244	0	1000	1000	26
244	0	1000	998	27
244	0	1000	1000	28
244	0	1000	1000	29
244	0	1000	1000	30
244	0	1000	1000	31
# Event data block #46
# Threshold	DAC	Events	Triggered	CH#
245	0	1000	1000	0
245	0	1000	1000	1
245	0	1000	1000	2
245	0	1000	1000	3
245	0	1000	994	4
245	0	1000	981	5
245	0	1000	1000	6
245	0	1000	1000	7
245	0	1000	1000	8
245	0	1000	1000	9
245	0	1000	1000	10
245	0	1000	1000	11
245	0	1000	980	12
245	0	1000	1000	13
245	0	1000	1000	14
245	0	1000	1000	15
245	0	1000	1000	16
245	0	1000	1000	17
245	0	1000	1000	18
245	0	1000	1000	19
245	0	1000	1000	20
245	0	1000	965	21
245	0	1000	990	22
245	0	1000	1000	23
245	0	1000	1000	24
245	0	1000	1000	25
245	0	1000	1000	26
245	0	1000	998	27
245	0	1000	1000	28
245	0	1000	1000	29
245	0	1000	1000	30
245	0	1000	1000	31
# Event data block #47
# Threshold	DAC	Events	Triggered	CH#
246	0	1000	1000	0
246	0	1000	1000	1
246	0	1000	1000	2
246	0	1000	1000	3
246	0	1000	1000	4
246	0	1000	989	5
246	0	1000	1000	6
246	0	1000	1000	7
246	0	1000	1000	8
246	0	1000	1000	9
246	0	1000	1000	10
246	0	1000	1000	11
246	0	1000	986	12
246	0	1000	999	13
246	0	1000	1000	14
246	0	1000	1000	15
246	0	1000	1000	16
246	0	1000	1000	17
246	0	1000	999	18
246	0	1000	1000	19
246	0	1000	1000	20
246	0	1000	966	21
246	0	1000	996	22
246	0	1000	1000	23
246	0	1000	1000	24
246	0	1000	1000	25
246	0	1000	1000	26
246	0	1000	1000	27
246	0	1000	1000	28
246	0	1000	1000	29
246	0	1000	1000	30
246	0	1000	1000	31
# Event data block #48
# Threshold	DAC	Events	Triggered	CH#
247	0	1000	1000	0
247	0	1000	1000	1
247	0	1000	1000	2
247	0	1000	1000	3
247	0	1000	1000	4
247	0	1000	1000	5
247	0	1000	1000	6
247	0	1000	1000	7
247	0	1000	1000	8
247	0	1000	1000	9
247	0	1000	1000	10
247	0	1000	1000	11
247	0	1000	990	12
247	0	1000	1000	13
247	0	1000	1000	14
247	0	1000	1000	15
247	0	1000	1000	16
247	0	1000	1000	17
247	0	1000	1000	18
247	0	1000	1000	19
247	0	1000	1000	20
247	0	1000	970	21
247	0	1000	1000	22
247	0	1000	1000	23
247	0	1000	1000	24
247	0	1000	1000	25
247	0	1000	1000	26
247	0	1000	1000	27
247	0	1000	1000	28
247	0	1000	1000	29
247	0	1000	1000	30
247	0	1000	1000	31
# Event data block #49
# Threshold	DAC	Events	Triggered	CH#
248	0	1000	1000	0
248	0	1000	1000	1
248	0	1000	1000	2
248	0	1000	1000	3
248	0	1000	1000	4
248	0	1000	1000	5
248	0	1000	1000	6
248	0	1000	1000	7
248	0	1000	1000	8
248	0	1000	1000	9
248	0	1000	1000	10
248	0	1000	1000	11
248	0	1000	994	12
248	0	1000	1000	13
248	0	1000	1000	14
248	0	1000	1000	15
248	0	1000	1000	16
248	0	1000	1000	17
248	0	1000	1000	18
248	0	1000	1000	19
248	0	1000	1000	20
248	0	1000	973	21
248	0	1000	1000	22
248	0	1000	1000	23
248	0	1000	1000	24
248	0	1000	1000	25
248	0	1000	1000	26
248	0	1000	1000	27
248	0	1000	1000	28
248	0	1000	1000	29
248	0	1000	1000	30
248	0	1000	1000	31
# Event data block #50
# Threshold	DAC	Events	Triggered	CH#
249	0	1000	1000	0
249	0	1000	1000	1
249	0	1000	1000	2
249	0	1000	1000	3
249	0	1000	1000	4
249	0	1000	1000	5
249	0	1000	1000	6
249	0	1000	1000	7
249	0	1000	1000	8
249	0	1000	1000	9
249	0	1000	1000	10
249	0	1000	1000	11
249	0	1000	1000	12
249	0	1000	1000	13
249	0	1000	1000	14
249	0	1000	1000	15
249	0	1000	1000	16
249	0	1000	1000	17
249	0	1000	1000	18
249	0	1000	1000	19
249	0	1000	1000	20
249	0	1000	975	21
249	0	1000	1000	22
249	0	1000	1000	23
249	0	1000	1000	24
249	0	1000	1000	25
249	0	1000	1000	26
249	0	1000	1000	27
249	0	1000	1000	28
249	0	1000	1000	29
249	0	1000	1000	30
249	0	1000	1000	31
# Event data block #51
# Threshold	DAC	Events	Triggered	CH#
250	0	1000	1000	0
250	0	1000	1000	1
250	0	1000	1000	2
250	0	1000	1000	3
250	0	1000	1000	4
250	0	1000	1000	5
250	0	1000	1000	6
250	0	1000	1000	7
250	0	1000	1000	8
250	0	1000	1000	9
250	0	1000	1000	10
250	0	1000	1000	11
250	0	1000	1000	12
250	0	1000	1000	13
250	0	1000	1000	14
250	0	1000	1000	15
250	0	1000	1000	16
250	0	1000	1000	17
250	0	1000	1000	18
250	0	1000	1000	19
250	0	1000	1000	20
250	0	1000	973	21
250	0	1000	1000	22
250	0	1000	1000	23
250	0	1000	1000	24
250	0	1000	1000	25
250	0	1000	1000	26
250	0	1000	1000	27
250	0	1000	1000	28
250	0	1000	1000	29
250	0	1000	1000	30
250	0	1000	1000	31
# Event data block #52
# Threshold	DAC	Events	Triggered	CH#
251	0	1000	1000	0
251	0	1000	1000	1
251	0	1000	1000	2
251	0	1000	1000	3
251	0	1000	1000	4
251	0	1000	1000	5
251	0	1000	1000	6
251	0	1000	1000	7
251	0	1000	1000	8
251	0	1000	1000	9
251	0	1000	1000	10
251	0	1000	1000	11
251	0	1000	1000	12
251	0	1000	1000	13
251	0	1000	1000	14
251	0	1000	1000	15
251	0	1000	1000	16
251	0	1000	1000	17
251	0	1000	1000	18
251	0	1000	1000	19
251	0	1000	1000	20
251	0	1000	981	21
251	0	1000	1000	22
251	0	1000	1000	23
251	0	1000	1000	24
251	0	1000	1000	25
251	0	1000	1000	26
251	0	1000	1000	27
251	0	1000	1000	28
251	0	1000	1000	29
251	0	1000	1000	30
251	0	1000	1000	31
# Event data block #53
# Threshold	DAC	Events	Triggered	CH#
252	0	1000	1000	0
252	0	1000	1000	1
252	0	1000	1000	2
252	0	1000	1000	3
252	0	1000	1000	4
252	0	1000	1000	5
252	0	1000	1000	6
252	0	1000	1000	7
252	0	1000	1000	8
252	0	1000	1000	9
252	0	1000	1000	10
252	0	1000	1000	11
252	0	1000	1000	12
252	0	1000	1000	13
252	0	1000	1000	14
252	0	1000	1000	15
252	0	1000	1000	16
252	0	1000	1000	17
252	0	1000	1000	18
252	0	1000	1000	19
252	0	1000	1000	20
252	0	1000	982	21
252	0	1000	1000	22
252	0	1000	1000	23
252	0	1000	1000	24
252	0	1000	1000	25
252	0	1000	1000	26
252	0	1000	1000	27
252	0	1000	1000	28
252	0	1000	1000	29
252	0	1000	1000	30
252	0	1000	1000	31
# Event data block #54
# Threshold	DAC	Events	Triggered	CH#
253	0	1000	1000	0
253	0	1000	1000	1
253	0	1000	1000	2
253	0	1000	1000	3
253	0	1000	1000	4
253	0	1000	1000	5
253	0	1000	1000	6
253	0	1000	1000	7
253	0	1000	1000	8
253	0	1000	1000	9
253	0	1000	1000	10
253	0	1000	1000	11
253	0	1000	1000	12
253	0	1000	1000	13
253	0	1000	1000	14
253	0	1000	1000	15
253	0	1000	1000	16
253	0	1000	1000	17
253	0	1000	1000	18
253	0	1000	1000	19
253	0	1000	1000	20
253	0	1000	996	21
253	0	1000	1000	22
253	0	1000	1000	23
253	0	1000	1000	24
253	0	1000	1000	25
253	0	1000	1000	26
253	0	1000	1000	27
253	0	1000	1000	28
253	0	1000	1000	29
253	0	1000	1000	30
253	0	1000	1000	31
# Event data block #55
# Threshold	DAC	Events	Triggered	CH#
254	0	1000	1000	0
254	0	1000	1000	1
254	0	1000	1000	2
254	0	1000	1000	3
254	0	1000	1000	4
254	0	1000	1000	5
254	0	1000	1000	6
254	0	1000	1000	7
254	0	1000	1000	8
254	0	1000	1000	9
254	0	1000	1000	10
254	0	1000	1000	11
254	0	1000	1000	12
254	0	1000	1000	13
254	0	1000	1000	14
254	0	1000	1000	15
254	0	1000	1000	16
254	0	1000	1000	17
254	0	1000	1000	18
254	0	1000	1000	19
254	0	1000	1000	20
254	0	1000	1000	21
254	0	1000	1000	22
254	0	1000	1000	23
254	0	1000	1000	24
254	0	1000	1000	25
254	0	1000	1000	26
254	0	1000	1000	27
254	0	1000	1000	28
254	0	1000	1000	29
254	0	1000	1000	30
254	0	1000	1000	31
# Event data block #56
# Threshold	DAC	Events	Triggered	CH#
255	0	1000	1000	0
255	0	1000	1000	1
255	0	1000	1000	2
255	0	1000	1000	3
255	0	1000	1000	4
255	0	1000	1000	5
255	0	1000	1000	6
255	0	1000	1000	7
255	0	1000	1000	8
255	0	1000	1000	9
255	0	1000	1000	10
255	0	1000	1000	11
255	0	1000	1000	12
255	0	1000	1000	13
255	0	1000	1000	14
255	0	1000	1000	15
255	0	1000	1000	16
255	0	1000	1000	17
255	0	1000	1000	18
255	0	1000	1000	19
255	0	1000	1000	20
255	0	1000	1000	21
255	0	1000	1000	22
255	0	1000	1000	23
255	0	1000	1000	24
255	0	1000	1000	25
255	0	1000	1000	26
255	0	1000	1000	27
255	0	1000	1000	28
255	0	1000	1000	29
255	0	1000	1000	30
255	0	1000	1000	31
