# ASIC configuration for the measurements:
# ------------------------------------------------------------------------------
# Mode = 000 
# Bias = 0101 
# CSArefs = 1011 
# Shaper = 010 
# Leakage mask = 00000000000000000000000000000000 
# Discr. enable mask = 11111111111111111111111111111111 
# Calibration mask = 00000000000000000000000000000000 
# Threshold = 255 
# FineTHR[0] = 011 
# FineTHR[1] = 011 
# FineTHR[2] = 011 
# FineTHR[3] = 011 
# FineTHR[4] = 011 
# FineTHR[5] = 011 
# FineTHR[6] = 011 
# FineTHR[7] = 011 
# FineTHR[8] = 011 
# FineTHR[9] = 011 
# FineTHR[10] = 011 
# FineTHR[11] = 011 
# FineTHR[12] = 011 
# FineTHR[13] = 011 
# FineTHR[14] = 011 
# FineTHR[15] = 011 
# FineTHR[16] = 011 
# FineTHR[17] = 011 
# FineTHR[18] = 011 
# FineTHR[19] = 011 
# FineTHR[20] = 011 
# FineTHR[21] = 011 
# FineTHR[22] = 011 
# FineTHR[23] = 011 
# FineTHR[24] = 011 
# FineTHR[25] = 011 
# FineTHR[26] = 011 
# FineTHR[27] = 011 
# FineTHR[28] = 011 
# FineTHR[29] = 011 
# FineTHR[30] = 011 
# FineTHR[31] = 011 
# ------------------------------------------------------------------------------
# Event data block #1
# Threshold	DAC	Events	Triggered	CH#
200	0	1000	0	0
200	0	1000	0	1
200	0	1000	0	2
200	0	1000	3	3
200	0	1000	1	4
200	0	1000	9	5
200	0	1000	39	6
200	0	1000	49	7
200	0	1000	53	8
200	0	1000	60	9
200	0	1000	22	10
200	0	1000	12	11
200	0	1000	0	12
200	0	1000	0	13
200	0	1000	0	14
200	0	1000	0	15
200	0	1000	0	16
200	0	1000	17	17
200	0	1000	2	18
200	0	1000	34	19
200	0	1000	26	20
200	0	1000	22	21
200	0	1000	199	22
200	0	1000	71	23
200	0	1000	74	24
200	0	1000	48	25
200	0	1000	106	26
200	0	1000	22	27
200	0	1000	0	28
200	0	1000	0	29
200	0	1000	0	30
200	0	1000	0	31
# Event data block #2
# Threshold	DAC	Events	Triggered	CH#
201	0	1000	0	0
201	0	1000	0	1
201	0	1000	0	2
201	0	1000	2	3
201	0	1000	1	4
201	0	1000	15	5
201	0	1000	54	6
201	0	1000	68	7
201	0	1000	72	8
201	0	1000	79	9
201	0	1000	27	10
201	0	1000	18	11
201	0	1000	0	12
201	0	1000	0	13
201	0	1000	0	14
201	0	1000	0	15
201	0	1000	0	16
201	0	1000	28	17
201	0	1000	2	18
201	0	1000	48	19
201	0	1000	34	20
201	0	1000	27	21
201	0	1000	243	22
201	0	1000	96	23
201	0	1000	91	24
201	0	1000	71	25
201	0	1000	125	26
201	0	1000	27	27
201	0	1000	0	28
201	0	1000	0	29
201	0	1000	0	30
201	0	1000	0	31
# Event data block #3
# Threshold	DAC	Events	Triggered	CH#
202	0	1000	0	0
202	0	1000	0	1
202	0	1000	0	2
202	0	1000	8	3
202	0	1000	2	4
202	0	1000	17	5
202	0	1000	56	6
202	0	1000	70	7
202	0	1000	69	8
202	0	1000	76	9
202	0	1000	31	10
202	0	1000	23	11
202	0	1000	2	12
202	0	1000	1	13
202	0	1000	1	14
202	0	1000	1	15
202	0	1000	1	16
202	0	1000	35	17
202	0	1000	3	18
202	0	1000	50	19
202	0	1000	37	20
202	0	1000	29	21
202	0	1000	304	22
202	0	1000	92	23
202	0	1000	91	24
202	0	1000	72	25
202	0	1000	136	26
202	0	1000	30	27
202	0	1000	0	28
202	0	1000	0	29
202	0	1000	0	30
202	0	1000	0	31
# Event data block #4
# Threshold	DAC	Events	Triggered	CH#
203	0	1000	0	0
203	0	1000	0	1
203	0	1000	1	2
203	0	1000	5	3
203	0	1000	1	4
203	0	1000	21	5
203	0	1000	59	6
203	0	1000	74	7
203	0	1000	78	8
203	0	1000	86	9
203	0	1000	37	10
203	0	1000	29	11
203	0	1000	1	12
203	0	1000	1	13
203	0	1000	1	14
203	0	1000	1	15
203	0	1000	1	16
203	0	1000	47	17
203	0	1000	1	18
203	0	1000	57	19
203	0	1000	41	20
203	0	1000	31	21
203	0	1000	405	22
203	0	1000	108	23
203	0	1000	107	24
203	0	1000	77	25
203	0	1000	178	26
203	0	1000	35	27
203	0	1000	1	28
203	0	1000	0	29
203	0	1000	1	30
203	0	1000	1	31
# Event data block #5
# Threshold	DAC	Events	Triggered	CH#
204	0	1000	0	0
204	0	1000	1	1
204	0	1000	1	2
204	0	1000	16	3
204	0	1000	3	4
204	0	1000	26	5
204	0	1000	58	6
204	0	1000	74	7
204	0	1000	77	8
204	0	1000	92	9
204	0	1000	31	10
204	0	1000	29	11
204	0	1000	3	12
204	0	1000	2	13
204	0	1000	3	14
204	0	1000	2	15
204	0	1000	2	16
204	0	1000	52	17
204	0	1000	7	18
204	0	1000	56	19
204	0	1000	36	20
204	0	1000	31	21
204	0	1000	523	22
204	0	1000	104	23
204	0	1000	102	24
204	0	1000	79	25
204	0	1000	183	26
204	0	1000	34	27
204	0	1000	1	28
204	0	1000	0	29
204	0	1000	2	30
204	0	1000	1	31
# Event data block #6
# Threshold	DAC	Events	Triggered	CH#
205	0	1000	0	0
205	0	1000	0	1
205	0	1000	0	2
205	0	1000	23	3
205	0	1000	6	4
205	0	1000	24	5
205	0	1000	54	6
205	0	1000	72	7
205	0	1000	83	8
205	0	1000	98	9
205	0	1000	39	10
205	0	1000	35	11
205	0	1000	4	12
205	0	1000	2	13
205	0	1000	3	14
205	0	1000	1	15
205	0	1000	5	16
205	0	1000	59	17
205	0	1000	10	18
205	0	1000	63	19
205	0	1000	47	20
205	0	1000	38	21
205	0	1000	657	22
205	0	1000	112	23
205	0	1000	110	24
205	0	1000	80	25
205	0	1000	284	26
205	0	1000	43	27
205	0	1000	1	28
205	0	1000	0	29
205	0	1000	6	30
205	0	1000	2	31
# Event data block #7
# Threshold	DAC	Events	Triggered	CH#
206	0	1000	0	0
206	0	1000	0	1
206	0	1000	0	2
206	0	1000	20	3
206	0	1000	0	4
206	0	1000	22	5
206	0	1000	58	6
206	0	1000	65	7
206	0	1000	70	8
206	0	1000	86	9
206	0	1000	36	10
206	0	1000	30	11
206	0	1000	0	12
206	0	1000	0	13
206	0	1000	0	14
206	0	1000	0	15
206	0	1000	0	16
206	0	1000	75	17
206	0	1000	3	18
206	0	1000	61	19
206	0	1000	40	20
206	0	1000	33	21
206	0	1000	715	22
206	0	1000	101	23
206	0	1000	99	24
206	0	1000	74	25
206	0	1000	393	26
206	0	1000	36	27
206	0	1000	0	28
206	0	1000	0	29
206	0	1000	2	30
206	0	1000	0	31
# Event data block #8
# Threshold	DAC	Events	Triggered	CH#
207	0	1000	0	0
207	0	1000	2	1
207	0	1000	2	2
207	0	1000	27	3
207	0	1000	5	4
207	0	1000	26	5
207	0	1000	54	6
207	0	1000	67	7
207	0	1000	68	8
207	0	1000	85	9
207	0	1000	31	10
207	0	1000	30	11
207	0	1000	3	12
207	0	1000	2	13
207	0	1000	3	14
207	0	1000	2	15
207	0	1000	9	16
207	0	1000	100	17
207	0	1000	13	18
207	0	1000	70	19
207	0	1000	41	20
207	0	1000	34	21
207	0	1000	780	22
207	0	1000	100	23
207	0	1000	94	24
207	0	1000	73	25
207	0	1000	526	26
207	0	1000	39	27
207	0	1000	2	28
207	0	1000	0	29
207	0	1000	12	30
207	0	1000	4	31
# Event data block #9
# Threshold	DAC	Events	Triggered	CH#
208	0	1000	0	0
208	0	1000	1	1
208	0	1000	1	2
208	0	1000	48	3
208	0	1000	7	4
208	0	1000	44	5
208	0	1000	83	6
208	0	1000	96	7
208	0	1000	93	8
208	0	1000	126	9
208	0	1000	54	10
208	0	1000	50	11
208	0	1000	2	12
208	0	1000	1	13
208	0	1000	6	14
208	0	1000	4	15
208	0	1000	24	16
208	0	1000	201	17
208	0	1000	26	18
208	0	1000	106	19
208	0	1000	62	20
208	0	1000	53	21
208	0	1000	803	22
208	0	1000	144	23
208	0	1000	123	24
208	0	1000	105	25
208	0	1000	670	26
208	0	1000	61	27
208	0	1000	1	28
208	0	1000	0	29
208	0	1000	32	30
208	0	1000	10	31
# Event data block #10
# Threshold	DAC	Events	Triggered	CH#
209	0	1000	0	0
209	0	1000	4	1
209	0	1000	5	2
209	0	1000	69	3
209	0	1000	19	4
209	0	1000	60	5
209	0	1000	101	6
209	0	1000	114	7
209	0	1000	112	8
209	0	1000	143	9
209	0	1000	74	10
209	0	1000	69	11
209	0	1000	11	12
209	0	1000	4	13
209	0	1000	21	14
209	0	1000	14	15
209	0	1000	48	16
209	0	1000	456	17
209	0	1000	37	18
209	0	1000	133	19
209	0	1000	90	20
209	0	1000	74	21
209	0	1000	825	22
209	0	1000	171	23
209	0	1000	143	24
209	0	1000	119	25
209	0	1000	769	26
209	0	1000	84	27
209	0	1000	3	28
209	0	1000	0	29
209	0	1000	55	30
209	0	1000	26	31
# Event data block #11
# Threshold	DAC	Events	Triggered	CH#
210	0	1000	0	0
210	0	1000	13	1
210	0	1000	11	2
210	0	1000	93	3
210	0	1000	22	4
210	0	1000	75	5
210	0	1000	125	6
210	0	1000	135	7
210	0	1000	133	8
210	0	1000	170	9
210	0	1000	93	10
210	0	1000	87	11
210	0	1000	13	12
210	0	1000	10	13
210	0	1000	35	14
210	0	1000	28	15
210	0	1000	76	16
210	0	1000	758	17
210	0	1000	49	18
210	0	1000	172	19
210	0	1000	110	20
210	0	1000	86	21
210	0	1000	832	22
210	0	1000	193	23
210	0	1000	168	24
210	0	1000	148	25
210	0	1000	804	26
210	0	1000	109	27
210	0	1000	10	28
210	0	1000	0	29
210	0	1000	89	30
210	0	1000	40	31
# Event data block #12
# Threshold	DAC	Events	Triggered	CH#
211	0	1000	0	0
211	0	1000	13	1
211	0	1000	12	2
211	0	1000	95	3
211	0	1000	15	4
211	0	1000	66	5
211	0	1000	114	6
211	0	1000	118	7
211	0	1000	111	8
211	0	1000	161	9
211	0	1000	82	10
211	0	1000	73	11
211	0	1000	10	12
211	0	1000	10	13
211	0	1000	28	14
211	0	1000	19	15
211	0	1000	79	16
211	0	1000	819	17
211	0	1000	47	18
211	0	1000	194	19
211	0	1000	104	20
211	0	1000	73	21
211	0	1000	832	22
211	0	1000	206	23
211	0	1000	157	24
211	0	1000	134	25
211	0	1000	805	26
211	0	1000	101	27
211	0	1000	7	28
211	0	1000	0	29
211	0	1000	103	30
211	0	1000	56	31
# Event data block #13
# Threshold	DAC	Events	Triggered	CH#
212	0	1000	4	0
212	0	1000	29	1
212	0	1000	23	2
212	0	1000	107	3
212	0	1000	28	4
212	0	1000	69	5
212	0	1000	117	6
212	0	1000	123	7
212	0	1000	124	8
212	0	1000	225	9
212	0	1000	93	10
212	0	1000	87	11
212	0	1000	16	12
212	0	1000	16	13
212	0	1000	50	14
212	0	1000	38	15
212	0	1000	107	16
212	0	1000	867	17
212	0	1000	61	18
212	0	1000	339	19
212	0	1000	108	20
212	0	1000	82	21
212	0	1000	846	22
212	0	1000	286	23
212	0	1000	207	24
212	0	1000	150	25
212	0	1000	829	26
212	0	1000	111	27
212	0	1000	14	28
212	0	1000	4	29
212	0	1000	135	30
212	0	1000	78	31
# Event data block #14
# Threshold	DAC	Events	Triggered	CH#
213	0	1000	7	0
213	0	1000	33	1
213	0	1000	27	2
213	0	1000	130	3
213	0	1000	27	4
213	0	1000	59	5
213	0	1000	132	6
213	0	1000	142	7
213	0	1000	143	8
213	0	1000	318	9
213	0	1000	93	10
213	0	1000	84	11
213	0	1000	23	12
213	0	1000	24	13
213	0	1000	53	14
213	0	1000	46	15
213	0	1000	149	16
213	0	1000	899	17
213	0	1000	57	18
213	0	1000	533	19
213	0	1000	111	20
213	0	1000	69	21
213	0	1000	861	22
213	0	1000	376	23
213	0	1000	235	24
213	0	1000	175	25
213	0	1000	853	26
213	0	1000	112	27
213	0	1000	14	28
213	0	1000	4	29
213	0	1000	346	30
213	0	1000	98	31
# Event data block #15
# Threshold	DAC	Events	Triggered	CH#
214	0	1000	8	0
214	0	1000	69	1
214	0	1000	55	2
214	0	1000	184	3
214	0	1000	44	4
214	0	1000	90	5
214	0	1000	148	6
214	0	1000	167	7
214	0	1000	165	8
214	0	1000	467	9
214	0	1000	112	10
214	0	1000	110	11
214	0	1000	27	12
214	0	1000	34	13
214	0	1000	86	14
214	0	1000	76	15
214	0	1000	356	16
214	0	1000	938	17
214	0	1000	89	18
214	0	1000	740	19
214	0	1000	134	20
214	0	1000	102	21
214	0	1000	897	22
214	0	1000	510	23
214	0	1000	313	24
214	0	1000	249	25
214	0	1000	892	26
214	0	1000	143	27
214	0	1000	21	28
214	0	1000	4	29
214	0	1000	785	30
214	0	1000	168	31
# Event data block #16
# Threshold	DAC	Events	Triggered	CH#
215	0	1000	21	0
215	0	1000	85	1
215	0	1000	57	2
215	0	1000	311	3
215	0	1000	42	4
215	0	1000	90	5
215	0	1000	173	6
215	0	1000	180	7
215	0	1000	186	8
215	0	1000	593	9
215	0	1000	117	10
215	0	1000	115	11
215	0	1000	31	12
215	0	1000	41	13
215	0	1000	99	14
215	0	1000	90	15
215	0	1000	758	16
215	0	1000	940	17
215	0	1000	101	18
215	0	1000	819	19
215	0	1000	147	20
215	0	1000	105	21
215	0	1000	888	22
215	0	1000	593	23
215	0	1000	339	24
215	0	1000	261	25
215	0	1000	888	26
215	0	1000	160	27
215	0	1000	29	28
215	0	1000	9	29
215	0	1000	874	30
215	0	1000	455	31
# Event data block #17
# Threshold	DAC	Events	Triggered	CH#
216	0	1000	19	0
216	0	1000	115	1
216	0	1000	75	2
216	0	1000	607	3
216	0	1000	41	4
216	0	1000	94	5
216	0	1000	193	6
216	0	1000	202	7
216	0	1000	200	8
216	0	1000	673	9
216	0	1000	126	10
216	0	1000	125	11
216	0	1000	30	12
216	0	1000	42	13
216	0	1000	120	14
216	0	1000	109	15
216	0	1000	853	16
216	0	1000	962	17
216	0	1000	109	18
216	0	1000	833	19
216	0	1000	176	20
216	0	1000	103	21
216	0	1000	894	22
216	0	1000	640	23
216	0	1000	385	24
216	0	1000	319	25
216	0	1000	896	26
216	0	1000	211	27
216	0	1000	22	28
216	0	1000	4	29
216	0	1000	910	30
216	0	1000	787	31
# Event data block #18
# Threshold	DAC	Events	Triggered	CH#
217	0	1000	37	0
217	0	1000	201	1
217	0	1000	94	2
217	0	1000	814	3
217	0	1000	45	4
217	0	1000	97	5
217	0	1000	251	6
217	0	1000	247	7
217	0	1000	257	8
217	0	1000	779	9
217	0	1000	135	10
217	0	1000	135	11
217	0	1000	35	12
217	0	1000	49	13
217	0	1000	149	14
217	0	1000	134	15
217	0	1000	909	16
217	0	1000	972	17
217	0	1000	131	18
217	0	1000	869	19
217	0	1000	234	20
217	0	1000	107	21
217	0	1000	920	22
217	0	1000	736	23
217	0	1000	496	24
217	0	1000	448	25
217	0	1000	927	26
217	0	1000	321	27
217	0	1000	29	28
217	0	1000	11	29
217	0	1000	942	30
217	0	1000	883	31
# Event data block #19
# Threshold	DAC	Events	Triggered	CH#
218	0	1000	62	0
218	0	1000	602	1
218	0	1000	119	2
218	0	1000	864	3
218	0	1000	51	4
218	0	1000	107	5
218	0	1000	334	6
218	0	1000	310	7
218	0	1000	320	8
218	0	1000	824	9
218	0	1000	142	10
218	0	1000	146	11
218	0	1000	37	12
218	0	1000	61	13
218	0	1000	330	14
218	0	1000	262	15
218	0	1000	937	16
218	0	1000	978	17
218	0	1000	165	18
218	0	1000	897	19
218	0	1000	353	20
218	0	1000	116	21
218	0	1000	918	22
218	0	1000	775	23
218	0	1000	565	24
218	0	1000	568	25
218	0	1000	927	26
218	0	1000	491	27
218	0	1000	39	28
218	0	1000	13	29
218	0	1000	964	30
218	0	1000	927	31
# Event data block #20
# Threshold	DAC	Events	Triggered	CH#
219	0	1000	115	0
219	0	1000	847	1
219	0	1000	281	2
219	0	1000	894	3
219	0	1000	70	4
219	0	1000	144	5
219	0	1000	500	6
219	0	1000	449	7
219	0	1000	459	8
219	0	1000	825	9
219	0	1000	240	10
219	0	1000	263	11
219	0	1000	53	12
219	0	1000	82	13
219	0	1000	720	14
219	0	1000	684	15
219	0	1000	959	16
219	0	1000	991	17
219	0	1000	384	18
219	0	1000	910	19
219	0	1000	554	20
219	0	1000	159	21
219	0	1000	929	22
219	0	1000	808	23
219	0	1000	643	24
219	0	1000	674	25
219	0	1000	931	26
219	0	1000	690	27
219	0	1000	56	28
219	0	1000	35	29
219	0	1000	986	30
219	0	1000	945	31
# Event data block #21
# Threshold	DAC	Events	Triggered	CH#
220	0	1000	181	0
220	0	1000	921	1
220	0	1000	677	2
220	0	1000	929	3
220	0	1000	66	4
220	0	1000	146	5
220	0	1000	640	6
220	0	1000	579	7
220	0	1000	582	8
220	0	1000	867	9
220	0	1000	371	10
220	0	1000	444	11
220	0	1000	59	12
220	0	1000	84	13
220	0	1000	860	14
220	0	1000	849	15
220	0	1000	968	16
220	0	1000	995	17
220	0	1000	654	18
220	0	1000	931	19
220	0	1000	683	20
220	0	1000	176	21
220	0	1000	938	22
220	0	1000	832	23
220	0	1000	696	24
220	0	1000	732	25
220	0	1000	940	26
220	0	1000	781	27
220	0	1000	63	28
220	0	1000	50	29
220	0	1000	993	30
220	0	1000	968	31
# Event data block #22
# Threshold	DAC	Events	Triggered	CH#
221	0	1000	732	0
221	0	1000	940	1
221	0	1000	858	2
221	0	1000	933	3
221	0	1000	66	4
221	0	1000	176	5
221	0	1000	729	6
221	0	1000	652	7
221	0	1000	651	8
221	0	1000	871	9
221	0	1000	543	10
221	0	1000	621	11
221	0	1000	56	12
221	0	1000	102	13
221	0	1000	892	14
221	0	1000	888	15
221	0	1000	985	16
221	0	1000	995	17
221	0	1000	807	18
221	0	1000	933	19
221	0	1000	783	20
221	0	1000	223	21
221	0	1000	936	22
221	0	1000	842	23
221	0	1000	750	24
221	0	1000	790	25
221	0	1000	945	26
221	0	1000	831	27
221	0	1000	65	28
221	0	1000	50	29
221	0	1000	995	30
221	0	1000	984	31
# Event data block #23
# Threshold	DAC	Events	Triggered	CH#
222	0	1000	891	0
222	0	1000	973	1
222	0	1000	912	2
222	0	1000	960	3
222	0	1000	80	4
222	0	1000	265	5
222	0	1000	787	6
222	0	1000	729	7
222	0	1000	719	8
222	0	1000	892	9
222	0	1000	695	10
222	0	1000	757	11
222	0	1000	65	12
222	0	1000	130	13
222	0	1000	928	14
222	0	1000	931	15
222	0	1000	990	16
222	0	1000	996	17
222	0	1000	863	18
222	0	1000	952	19
222	0	1000	831	20
222	0	1000	322	21
222	0	1000	950	22
222	0	1000	865	23
222	0	1000	778	24
222	0	1000	822	25
222	0	1000	959	26
222	0	1000	869	27
222	0	1000	78	28
222	0	1000	66	29
222	0	1000	997	30
222	0	1000	989	31
# Event data block #24
# Threshold	DAC	Events	Triggered	CH#
223	0	1000	940	0
223	0	1000	978	1
223	0	1000	941	2
223	0	1000	969	3
223	0	1000	100	4
223	0	1000	446	5
223	0	1000	832	6
223	0	1000	784	7
223	0	1000	774	8
223	0	1000	915	9
223	0	1000	796	10
223	0	1000	834	11
223	0	1000	78	12
223	0	1000	204	13
223	0	1000	952	14
223	0	1000	956	15
223	0	1000	993	16
223	0	1000	994	17
223	0	1000	916	18
223	0	1000	964	19
223	0	1000	874	20
223	0	1000	458	21
223	0	1000	956	22
223	0	1000	896	23
223	0	1000	816	24
223	0	1000	859	25
223	0	1000	965	26
223	0	1000	906	27
223	0	1000	104	28
223	0	1000	94	29
223	0	1000	995	30
223	0	1000	992	31
# Event data block #25
# Threshold	DAC	Events	Triggered	CH#
224	0	1000	963	0
224	0	1000	988	1
224	0	1000	963	2
224	0	1000	973	3
224	0	1000	102	4
224	0	1000	630	5
224	0	1000	893	6
224	0	1000	849	7
224	0	1000	845	8
224	0	1000	936	9
224	0	1000	875	10
224	0	1000	898	11
224	0	1000	71	12
224	0	1000	459	13
224	0	1000	966	14
224	0	1000	969	15
224	0	1000	999	16
224	0	1000	999	17
224	0	1000	939	18
224	0	1000	969	19
224	0	1000	922	20
224	0	1000	614	21
224	0	1000	966	22
224	0	1000	924	23
224	0	1000	867	24
224	0	1000	901	25
224	0	1000	970	26
224	0	1000	931	27
224	0	1000	116	28
224	0	1000	120	29
224	0	1000	999	30
224	0	1000	998	31
# Event data block #26
# Threshold	DAC	Events	Triggered	CH#
225	0	1000	989	0
225	0	1000	999	1
225	0	1000	985	2
225	0	1000	994	3
225	0	1000	86	4
225	0	1000	824	5
225	0	1000	934	6
225	0	1000	909	7
225	0	1000	899	8
225	0	1000	971	9
225	0	1000	927	10
225	0	1000	941	11
225	0	1000	44	12
225	0	1000	811	13
225	0	1000	988	14
225	0	1000	988	15
225	0	1000	999	16
225	0	1000	999	17
225	0	1000	976	18
225	0	1000	987	19
225	0	1000	948	20
225	0	1000	782	21
225	0	1000	984	22
225	0	1000	954	23
225	0	1000	910	24
225	0	1000	939	25
225	0	1000	987	26
225	0	1000	970	27
225	0	1000	154	28
225	0	1000	359	29
225	0	1000	1000	30
225	0	1000	999	31
# Event data block #27
# Threshold	DAC	Events	Triggered	CH#
226	0	1000	971	0
226	0	1000	996	1
226	0	1000	966	2
226	0	1000	970	3
226	0	1000	225	4
226	0	1000	851	5
226	0	1000	893	6
226	0	1000	867	7
226	0	1000	860	8
226	0	1000	928	9
226	0	1000	893	10
226	0	1000	899	11
226	0	1000	109	12
226	0	1000	872	13
226	0	1000	964	14
226	0	1000	969	15
226	0	1000	998	16
226	0	1000	999	17
226	0	1000	942	18
226	0	1000	964	19
226	0	1000	913	20
226	0	1000	825	21
226	0	1000	956	22
226	0	1000	904	23
226	0	1000	863	24
226	0	1000	895	25
226	0	1000	963	26
226	0	1000	935	27
226	0	1000	425	28
226	0	1000	815	29
226	0	1000	1000	30
226	0	1000	998	31
# Event data block #28
# Threshold	DAC	Events	Triggered	CH#
227	0	1000	982	0
227	0	1000	999	1
227	0	1000	969	2
227	0	1000	976	3
227	0	1000	471	4
227	0	1000	852	5
227	0	1000	871	6
227	0	1000	849	7
227	0	1000	842	8
227	0	1000	912	9
227	0	1000	875	10
227	0	1000	886	11
227	0	1000	186	12
227	0	1000	875	13
227	0	1000	969	14
227	0	1000	970	15
227	0	1000	1000	16
227	0	1000	1000	17
227	0	1000	933	18
227	0	1000	957	19
227	0	1000	896	20
227	0	1000	846	21
227	0	1000	944	22
227	0	1000	894	23
227	0	1000	847	24
227	0	1000	876	25
227	0	1000	956	26
227	0	1000	915	27
227	0	1000	712	28
227	0	1000	862	29
227	0	1000	1000	30
227	0	1000	1000	31
# Event data block #29
# Threshold	DAC	Events	Triggered	CH#
228	0	1000	993	0
228	0	1000	998	1
228	0	1000	982	2
228	0	1000	986	3
228	0	1000	712	4
228	0	1000	846	5
228	0	1000	868	6
228	0	1000	841	7
228	0	1000	834	8
228	0	1000	899	9
228	0	1000	876	10
228	0	1000	880	11
228	0	1000	323	12
228	0	1000	884	13
228	0	1000	981	14
228	0	1000	985	15
228	0	1000	1000	16
228	0	1000	1000	17
228	0	1000	941	18
228	0	1000	970	19
228	0	1000	889	20
228	0	1000	831	21
228	0	1000	943	22
228	0	1000	885	23
228	0	1000	831	24
228	0	1000	877	25
228	0	1000	966	26
228	0	1000	908	27
228	0	1000	809	28
228	0	1000	882	29
228	0	1000	1000	30
228	0	1000	1000	31
# Event data block #30
# Threshold	DAC	Events	Triggered	CH#
229	0	1000	993	0
229	0	1000	999	1
229	0	1000	987	2
229	0	1000	986	3
229	0	1000	774	4
229	0	1000	837	5
229	0	1000	853	6
229	0	1000	823	7
229	0	1000	819	8
229	0	1000	896	9
229	0	1000	858	10
229	0	1000	879	11
229	0	1000	594	12
229	0	1000	882	13
229	0	1000	984	14
229	0	1000	987	15
229	0	1000	1000	16
229	0	1000	1000	17
229	0	1000	940	18
229	0	1000	970	19
229	0	1000	885	20
229	0	1000	822	21
229	0	1000	942	22
229	0	1000	872	23
229	0	1000	816	24
229	0	1000	859	25
229	0	1000	964	26
229	0	1000	914	27
229	0	1000	818	28
229	0	1000	893	29
229	0	1000	1000	30
229	0	1000	1000	31
# Event data block #31
# Threshold	DAC	Events	Triggered	CH#
230	0	1000	996	0
230	0	1000	999	1
230	0	1000	990	2
230	0	1000	989	3
230	0	1000	837	4
230	0	1000	883	5
230	0	1000	887	6
230	0	1000	858	7
230	0	1000	844	8
230	0	1000	915	9
230	0	1000	891	10
230	0	1000	901	11
230	0	1000	752	12
230	0	1000	915	13
230	0	1000	988	14
230	0	1000	989	15
230	0	1000	1000	16
230	0	1000	999	17
230	0	1000	959	18
230	0	1000	976	19
230	0	1000	909	20
230	0	1000	871	21
230	0	1000	957	22
230	0	1000	898	23
230	0	1000	841	24
230	0	1000	889	25
230	0	1000	970	26
230	0	1000	930	27
230	0	1000	878	28
230	0	1000	928	29
230	0	1000	1000	30
230	0	1000	1000	31
# Event data block #32
# Threshold	DAC	Events	Triggered	CH#
231	0	1000	998	0
231	0	1000	999	1
231	0	1000	994	2
231	0	1000	990	3
231	0	1000	844	4
231	0	1000	877	5
231	0	1000	877	6
231	0	1000	848	7
231	0	1000	832	8
231	0	1000	922	9
231	0	1000	893	10
231	0	1000	911	11
231	0	1000	810	12
231	0	1000	922	13
231	0	1000	990	14
231	0	1000	994	15
231	0	1000	999	16
231	0	1000	999	17
231	0	1000	961	18
231	0	1000	977	19
231	0	1000	919	20
231	0	1000	865	21
231	0	1000	947	22
231	0	1000	894	23
231	0	1000	830	24
231	0	1000	880	25
231	0	1000	969	26
231	0	1000	940	27
231	0	1000	885	28
231	0	1000	942	29
231	0	1000	1000	30
231	0	1000	1000	31
# Event data block #33
# Threshold	DAC	Events	Triggered	CH#
232	0	1000	1000	0
232	0	1000	1000	1
232	0	1000	999	2
232	0	1000	998	3
232	0	1000	869	4
232	0	1000	897	5
232	0	1000	899	6
232	0	1000	869	7
232	0	1000	849	8
232	0	1000	924	9
232	0	1000	911	10
232	0	1000	919	11
232	0	1000	835	12
232	0	1000	941	13
232	0	1000	998	14
232	0	1000	998	15
232	0	1000	1000	16
232	0	1000	1000	17
232	0	1000	976	18
232	0	1000	986	19
232	0	1000	920	20
232	0	1000	881	21
232	0	1000	961	22
232	0	1000	909	23
232	0	1000	846	24
232	0	1000	898	25
232	0	1000	976	26
232	0	1000	948	27
232	0	1000	911	28
232	0	1000	963	29
232	0	1000	1000	30
232	0	1000	1000	31
# Event data block #34
# Threshold	DAC	Events	Triggered	CH#
233	0	1000	999	0
233	0	1000	1000	1
233	0	1000	999	2
233	0	1000	998	3
233	0	1000	873	4
233	0	1000	896	5
233	0	1000	895	6
233	0	1000	864	7
233	0	1000	853	8
233	0	1000	936	9
233	0	1000	908	10
233	0	1000	927	11
233	0	1000	837	12
233	0	1000	957	13
233	0	1000	998	14
233	0	1000	998	15
233	0	1000	1000	16
233	0	1000	1000	17
233	0	1000	983	18
233	0	1000	988	19
233	0	1000	931	20
233	0	1000	877	21
233	0	1000	968	22
233	0	1000	908	23
233	0	1000	843	24
233	0	1000	895	25
233	0	1000	981	26
233	0	1000	960	27
233	0	1000	914	28
233	0	1000	973	29
233	0	1000	1000	30
233	0	1000	1000	31
# Event data block #35
# Threshold	DAC	Events	Triggered	CH#
234	0	1000	1000	0
234	0	1000	1000	1
234	0	1000	1000	2
234	0	1000	997	3
234	0	1000	884	4
234	0	1000	897	5
234	0	1000	891	6
234	0	1000	874	7
234	0	1000	862	8
234	0	1000	922	9
234	0	1000	909	10
234	0	1000	920	11
234	0	1000	854	12
234	0	1000	952	13
234	0	1000	998	14
234	0	1000	999	15
234	0	1000	1000	16
234	0	1000	1000	17
234	0	1000	981	18
234	0	1000	990	19
234	0	1000	924	20
234	0	1000	885	21
234	0	1000	953	22
234	0	1000	904	23
234	0	1000	856	24
234	0	1000	893	25
234	0	1000	977	26
234	0	1000	949	27
234	0	1000	915	28
234	0	1000	977	29
234	0	1000	1000	30
234	0	1000	1000	31
# Event data block #36
# Threshold	DAC	Events	Triggered	CH#
235	0	1000	1000	0
235	0	1000	1000	1
235	0	1000	1000	2
235	0	1000	1000	3
235	0	1000	911	4
235	0	1000	921	5
235	0	1000	915	6
235	0	1000	892	7
235	0	1000	885	8
235	0	1000	942	9
235	0	1000	930	10
235	0	1000	938	11
235	0	1000	895	12
235	0	1000	973	13
235	0	1000	1000	14
235	0	1000	1000	15
235	0	1000	1000	16
235	0	1000	1000	17
235	0	1000	991	18
235	0	1000	997	19
235	0	1000	945	20
235	0	1000	909	21
235	0	1000	974	22
235	0	1000	925	23
235	0	1000	881	24
235	0	1000	916	25
235	0	1000	987	26
235	0	1000	970	27
235	0	1000	938	28
235	0	1000	993	29
235	0	1000	1000	30
235	0	1000	1000	31
# Event data block #37
# Threshold	DAC	Events	Triggered	CH#
236	0	1000	1000	0
236	0	1000	1000	1
236	0	1000	999	2
236	0	1000	996	3
236	0	1000	906	4
236	0	1000	917	5
236	0	1000	912	6
236	0	1000	886	7
236	0	1000	875	8
236	0	1000	947	9
236	0	1000	935	10
236	0	1000	952	11
236	0	1000	896	12
236	0	1000	976	13
236	0	1000	998	14
236	0	1000	999	15
236	0	1000	1000	16
236	0	1000	1000	17
236	0	1000	991	18
236	0	1000	992	19
236	0	1000	951	20
236	0	1000	909	21
236	0	1000	971	22
236	0	1000	924	23
236	0	1000	872	24
236	0	1000	910	25
236	0	1000	986	26
236	0	1000	972	27
236	0	1000	957	28
236	0	1000	992	29
236	0	1000	1000	30
236	0	1000	1000	31
# Event data block #38
# Threshold	DAC	Events	Triggered	CH#
237	0	1000	1000	0
237	0	1000	1000	1
237	0	1000	1000	2
237	0	1000	999	3
237	0	1000	916	4
237	0	1000	919	5
237	0	1000	912	6
237	0	1000	876	7
237	0	1000	865	8
237	0	1000	946	9
237	0	1000	935	10
237	0	1000	956	11
237	0	1000	904	12
237	0	1000	979	13
237	0	1000	999	14
237	0	1000	999	15
237	0	1000	1000	16
237	0	1000	1000	17
237	0	1000	993	18
237	0	1000	994	19
237	0	1000	952	20
237	0	1000	911	21
237	0	1000	968	22
237	0	1000	926	23
237	0	1000	862	24
237	0	1000	910	25
237	0	1000	987	26
237	0	1000	969	27
237	0	1000	957	28
237	0	1000	996	29
237	0	1000	1000	30
237	0	1000	1000	31
# Event data block #39
# Threshold	DAC	Events	Triggered	CH#
238	0	1000	1000	0
238	0	1000	1000	1
238	0	1000	1000	2
238	0	1000	1000	3
238	0	1000	929	4
238	0	1000	933	5
238	0	1000	918	6
238	0	1000	890	7
238	0	1000	885	8
238	0	1000	954	9
238	0	1000	951	10
238	0	1000	972	11
238	0	1000	915	12
238	0	1000	983	13
238	0	1000	1000	14
238	0	1000	1000	15
238	0	1000	1000	16
238	0	1000	1000	17
238	0	1000	995	18
238	0	1000	995	19
238	0	1000	968	20
238	0	1000	920	21
238	0	1000	976	22
238	0	1000	926	23
238	0	1000	890	24
238	0	1000	916	25
238	0	1000	987	26
238	0	1000	979	27
238	0	1000	977	28
238	0	1000	997	29
238	0	1000	1000	30
238	0	1000	1000	31
# Event data block #40
# Threshold	DAC	Events	Triggered	CH#
239	0	1000	1000	0
239	0	1000	1000	1
239	0	1000	1000	2
239	0	1000	1000	3
239	0	1000	936	4
239	0	1000	937	5
239	0	1000	926	6
239	0	1000	904	7
239	0	1000	897	8
239	0	1000	961	9
239	0	1000	961	10
239	0	1000	980	11
239	0	1000	929	12
239	0	1000	994	13
239	0	1000	1000	14
239	0	1000	1000	15
239	0	1000	1000	16
239	0	1000	1000	17
239	0	1000	1000	18
239	0	1000	998	19
239	0	1000	977	20
239	0	1000	931	21
239	0	1000	985	22
239	0	1000	938	23
239	0	1000	928	24
239	0	1000	925	25
239	0	1000	995	26
239	0	1000	991	27
239	0	1000	988	28
239	0	1000	999	29
239	0	1000	1000	30
239	0	1000	1000	31
# Event data block #41
# Threshold	DAC	Events	Triggered	CH#
240	0	1000	1000	0
240	0	1000	1000	1
240	0	1000	1000	2
240	0	1000	1000	3
240	0	1000	960	4
240	0	1000	957	5
240	0	1000	948	6
240	0	1000	919	7
240	0	1000	915	8
240	0	1000	971	9
240	0	1000	974	10
240	0	1000	999	11
240	0	1000	946	12
240	0	1000	994	13
240	0	1000	1000	14
240	0	1000	1000	15
240	0	1000	1000	16
240	0	1000	1000	17
240	0	1000	997	18
240	0	1000	997	19
240	0	1000	983	20
240	0	1000	943	21
240	0	1000	978	22
240	0	1000	954	23
240	0	1000	1000	24
240	0	1000	946	25
240	0	1000	993	26
240	0	1000	986	27
240	0	1000	995	28
240	0	1000	1000	29
240	0	1000	1000	30
240	0	1000	1000	31
# Event data block #42
# Threshold	DAC	Events	Triggered	CH#
241	0	1000	1000	0
241	0	1000	1000	1
241	0	1000	1000	2
241	0	1000	1000	3
241	0	1000	961	4
241	0	1000	957	5
241	0	1000	948	6
241	0	1000	915	7
241	0	1000	957	8
241	0	1000	974	9
241	0	1000	999	10
241	0	1000	1000	11
241	0	1000	950	12
241	0	1000	1000	13
241	0	1000	1000	14
241	0	1000	1000	15
241	0	1000	1000	16
241	0	1000	1000	17
241	0	1000	1000	18
241	0	1000	1000	19
241	0	1000	1000	20
241	0	1000	939	21
241	0	1000	987	22
241	0	1000	972	23
241	0	1000	1000	24
241	0	1000	940	25
241	0	1000	1000	26
241	0	1000	993	27
241	0	1000	1000	28
241	0	1000	1000	29
241	0	1000	1000	30
241	0	1000	1000	31
# Event data block #43
# Threshold	DAC	Events	Triggered	CH#
242	0	1000	1000	0
242	0	1000	1000	1
242	0	1000	1000	2
242	0	1000	1000	3
242	0	1000	975	4
242	0	1000	967	5
242	0	1000	967	6
242	0	1000	933	7
242	0	1000	1000	8
242	0	1000	978	9
242	0	1000	1000	10
242	0	1000	1000	11
242	0	1000	961	12
242	0	1000	996	13
242	0	1000	1000	14
242	0	1000	1000	15
242	0	1000	1000	16
242	0	1000	1000	17
242	0	1000	999	18
242	0	1000	999	19
242	0	1000	1000	20
242	0	1000	958	21
242	0	1000	990	22
242	0	1000	1000	23
242	0	1000	1000	24
242	0	1000	954	25
242	0	1000	998	26
242	0	1000	992	27
242	0	1000	1000	28
242	0	1000	1000	29
242	0	1000	1000	30
242	0	1000	1000	31
# Event data block #44
# Threshold	DAC	Events	Triggered	CH#
243	0	1000	1000	0
243	0	1000	1000	1
243	0	1000	1000	2
243	0	1000	1000	3
243	0	1000	984	4
243	0	1000	981	5
243	0	1000	987	6
243	0	1000	939	7
243	0	1000	1000	8
243	0	1000	986	9
243	0	1000	1000	10
243	0	1000	1000	11
243	0	1000	975	12
243	0	1000	999	13
243	0	1000	1000	14
243	0	1000	1000	15
243	0	1000	1000	16
243	0	1000	1000	17
243	0	1000	999	18
243	0	1000	1000	19
243	0	1000	1000	20
243	0	1000	963	21
243	0	1000	991	22
243	0	1000	1000	23
243	0	1000	1000	24
243	0	1000	968	25
243	0	1000	998	26
243	0	1000	997	27
243	0	1000	1000	28
243	0	1000	1000	29
243	0	1000	1000	30
243	0	1000	1000	31
# Event data block #45
# Threshold	DAC	Events	Triggered	CH#
244	0	1000	1000	0
244	0	1000	1000	1
244	0	1000	1000	2
244	0	1000	1000	3
244	0	1000	991	4
244	0	1000	985	5
244	0	1000	1000	6
244	0	1000	961	7
244	0	1000	1000	8
244	0	1000	990	9
244	0	1000	1000	10
244	0	1000	1000	11
244	0	1000	984	12
244	0	1000	1000	13
244	0	1000	1000	14
244	0	1000	1000	15
244	0	1000	1000	16
244	0	1000	1000	17
244	0	1000	1000	18
244	0	1000	1000	19
244	0	1000	1000	20
244	0	1000	974	21
244	0	1000	994	22
244	0	1000	1000	23
244	0	1000	1000	24
244	0	1000	979	25
244	0	1000	1000	26
244	0	1000	998	27
244	0	1000	1000	28
244	0	1000	1000	29
244	0	1000	1000	30
244	0	1000	1000	31
# Event data block #46
# Threshold	DAC	Events	Triggered	CH#
245	0	1000	1000	0
245	0	1000	1000	1
245	0	1000	1000	2
245	0	1000	1000	3
245	0	1000	994	4
245	0	1000	990	5
245	0	1000	1000	6
245	0	1000	1000	7
245	0	1000	1000	8
245	0	1000	1000	9
245	0	1000	1000	10
245	0	1000	1000	11
245	0	1000	985	12
245	0	1000	1000	13
245	0	1000	1000	14
245	0	1000	1000	15
245	0	1000	1000	16
245	0	1000	1000	17
245	0	1000	1000	18
245	0	1000	1000	19
245	0	1000	1000	20
245	0	1000	972	21
245	0	1000	997	22
245	0	1000	1000	23
245	0	1000	1000	24
245	0	1000	1000	25
245	0	1000	1000	26
245	0	1000	998	27
245	0	1000	1000	28
245	0	1000	1000	29
245	0	1000	1000	30
245	0	1000	1000	31
# Event data block #47
# Threshold	DAC	Events	Triggered	CH#
246	0	1000	1000	0
246	0	1000	1000	1
246	0	1000	1000	2
246	0	1000	1000	3
246	0	1000	1000	4
246	0	1000	989	5
246	0	1000	1000	6
246	0	1000	1000	7
246	0	1000	1000	8
246	0	1000	1000	9
246	0	1000	1000	10
246	0	1000	1000	11
246	0	1000	984	12
246	0	1000	1000	13
246	0	1000	1000	14
246	0	1000	1000	15
246	0	1000	1000	16
246	0	1000	1000	17
246	0	1000	1000	18
246	0	1000	1000	19
246	0	1000	1000	20
246	0	1000	970	21
246	0	1000	999	22
246	0	1000	1000	23
246	0	1000	1000	24
246	0	1000	1000	25
246	0	1000	1000	26
246	0	1000	1000	27
246	0	1000	1000	28
246	0	1000	1000	29
246	0	1000	1000	30
246	0	1000	1000	31
# Event data block #48
# Threshold	DAC	Events	Triggered	CH#
247	0	1000	1000	0
247	0	1000	1000	1
247	0	1000	1000	2
247	0	1000	1000	3
247	0	1000	1000	4
247	0	1000	1000	5
247	0	1000	1000	6
247	0	1000	1000	7
247	0	1000	1000	8
247	0	1000	1000	9
247	0	1000	1000	10
247	0	1000	1000	11
247	0	1000	986	12
247	0	1000	1000	13
247	0	1000	1000	14
247	0	1000	1000	15
247	0	1000	1000	16
247	0	1000	1000	17
247	0	1000	1000	18
247	0	1000	1000	19
247	0	1000	1000	20
247	0	1000	963	21
247	0	1000	1000	22
247	0	1000	1000	23
247	0	1000	1000	24
247	0	1000	1000	25
247	0	1000	1000	26
247	0	1000	1000	27
247	0	1000	1000	28
247	0	1000	1000	29
247	0	1000	1000	30
247	0	1000	1000	31
# Event data block #49
# Threshold	DAC	Events	Triggered	CH#
248	0	1000	1000	0
248	0	1000	1000	1
248	0	1000	1000	2
248	0	1000	1000	3
248	0	1000	1000	4
248	0	1000	1000	5
248	0	1000	1000	6
248	0	1000	1000	7
248	0	1000	1000	8
248	0	1000	1000	9
248	0	1000	1000	10
248	0	1000	1000	11
248	0	1000	996	12
248	0	1000	1000	13
248	0	1000	1000	14
248	0	1000	1000	15
248	0	1000	1000	16
248	0	1000	1000	17
248	0	1000	999	18
248	0	1000	1000	19
248	0	1000	1000	20
248	0	1000	974	21
248	0	1000	1000	22
248	0	1000	1000	23
248	0	1000	1000	24
248	0	1000	1000	25
248	0	1000	1000	26
248	0	1000	1000	27
248	0	1000	1000	28
248	0	1000	1000	29
248	0	1000	1000	30
248	0	1000	1000	31
# Event data block #50
# Threshold	DAC	Events	Triggered	CH#
249	0	1000	1000	0
249	0	1000	1000	1
249	0	1000	1000	2
249	0	1000	1000	3
249	0	1000	1000	4
249	0	1000	1000	5
249	0	1000	1000	6
249	0	1000	1000	7
249	0	1000	1000	8
249	0	1000	1000	9
249	0	1000	1000	10
249	0	1000	1000	11
249	0	1000	1000	12
249	0	1000	1000	13
249	0	1000	1000	14
249	0	1000	1000	15
249	0	1000	1000	16
249	0	1000	1000	17
249	0	1000	1000	18
249	0	1000	1000	19
249	0	1000	1000	20
249	0	1000	978	21
249	0	1000	1000	22
249	0	1000	1000	23
249	0	1000	1000	24
249	0	1000	1000	25
249	0	1000	1000	26
249	0	1000	1000	27
249	0	1000	1000	28
249	0	1000	1000	29
249	0	1000	1000	30
249	0	1000	1000	31
# Event data block #51
# Threshold	DAC	Events	Triggered	CH#
250	0	1000	1000	0
250	0	1000	1000	1
250	0	1000	1000	2
250	0	1000	1000	3
250	0	1000	1000	4
250	0	1000	1000	5
250	0	1000	1000	6
250	0	1000	1000	7
250	0	1000	1000	8
250	0	1000	1000	9
250	0	1000	1000	10
250	0	1000	1000	11
250	0	1000	1000	12
250	0	1000	1000	13
250	0	1000	1000	14
250	0	1000	1000	15
250	0	1000	1000	16
250	0	1000	1000	17
250	0	1000	1000	18
250	0	1000	1000	19
250	0	1000	1000	20
250	0	1000	986	21
250	0	1000	1000	22
250	0	1000	1000	23
250	0	1000	1000	24
250	0	1000	1000	25
250	0	1000	1000	26
250	0	1000	1000	27
250	0	1000	1000	28
250	0	1000	1000	29
250	0	1000	1000	30
250	0	1000	1000	31
# Event data block #52
# Threshold	DAC	Events	Triggered	CH#
251	0	1000	1000	0
251	0	1000	1000	1
251	0	1000	1000	2
251	0	1000	1000	3
251	0	1000	1000	4
251	0	1000	1000	5
251	0	1000	1000	6
251	0	1000	1000	7
251	0	1000	1000	8
251	0	1000	1000	9
251	0	1000	1000	10
251	0	1000	1000	11
251	0	1000	1000	12
251	0	1000	1000	13
251	0	1000	1000	14
251	0	1000	1000	15
251	0	1000	1000	16
251	0	1000	1000	17
251	0	1000	1000	18
251	0	1000	1000	19
251	0	1000	1000	20
251	0	1000	983	21
251	0	1000	1000	22
251	0	1000	1000	23
251	0	1000	1000	24
251	0	1000	1000	25
251	0	1000	1000	26
251	0	1000	1000	27
251	0	1000	1000	28
251	0	1000	1000	29
251	0	1000	1000	30
251	0	1000	1000	31
# Event data block #53
# Threshold	DAC	Events	Triggered	CH#
252	0	1000	1000	0
252	0	1000	1000	1
252	0	1000	1000	2
252	0	1000	1000	3
252	0	1000	1000	4
252	0	1000	1000	5
252	0	1000	1000	6
252	0	1000	1000	7
252	0	1000	1000	8
252	0	1000	1000	9
252	0	1000	1000	10
252	0	1000	1000	11
252	0	1000	1000	12
252	0	1000	1000	13
252	0	1000	1000	14
252	0	1000	1000	15
252	0	1000	1000	16
252	0	1000	1000	17
252	0	1000	1000	18
252	0	1000	1000	19
252	0	1000	1000	20
252	0	1000	987	21
252	0	1000	1000	22
252	0	1000	1000	23
252	0	1000	1000	24
252	0	1000	1000	25
252	0	1000	1000	26
252	0	1000	1000	27
252	0	1000	1000	28
252	0	1000	1000	29
252	0	1000	1000	30
252	0	1000	1000	31
# Event data block #54
# Threshold	DAC	Events	Triggered	CH#
253	0	1000	1000	0
253	0	1000	1000	1
253	0	1000	1000	2
253	0	1000	1000	3
253	0	1000	1000	4
253	0	1000	1000	5
253	0	1000	1000	6
253	0	1000	1000	7
253	0	1000	1000	8
253	0	1000	1000	9
253	0	1000	1000	10
253	0	1000	1000	11
253	0	1000	1000	12
253	0	1000	1000	13
253	0	1000	1000	14
253	0	1000	1000	15
253	0	1000	1000	16
253	0	1000	1000	17
253	0	1000	1000	18
253	0	1000	1000	19
253	0	1000	1000	20
253	0	1000	991	21
253	0	1000	1000	22
253	0	1000	1000	23
253	0	1000	1000	24
253	0	1000	1000	25
253	0	1000	1000	26
253	0	1000	1000	27
253	0	1000	1000	28
253	0	1000	1000	29
253	0	1000	1000	30
253	0	1000	1000	31
# Event data block #55
# Threshold	DAC	Events	Triggered	CH#
254	0	1000	1000	0
254	0	1000	1000	1
254	0	1000	1000	2
254	0	1000	1000	3
254	0	1000	1000	4
254	0	1000	1000	5
254	0	1000	1000	6
254	0	1000	1000	7
254	0	1000	1000	8
254	0	1000	1000	9
254	0	1000	1000	10
254	0	1000	1000	11
254	0	1000	1000	12
254	0	1000	1000	13
254	0	1000	1000	14
254	0	1000	1000	15
254	0	1000	1000	16
254	0	1000	1000	17
254	0	1000	1000	18
254	0	1000	1000	19
254	0	1000	1000	20
254	0	1000	1000	21
254	0	1000	1000	22
254	0	1000	1000	23
254	0	1000	1000	24
254	0	1000	1000	25
254	0	1000	1000	26
254	0	1000	1000	27
254	0	1000	1000	28
254	0	1000	1000	29
254	0	1000	1000	30
254	0	1000	1000	31
# Event data block #56
# Threshold	DAC	Events	Triggered	CH#
255	0	1000	1000	0
255	0	1000	1000	1
255	0	1000	1000	2
255	0	1000	1000	3
255	0	1000	1000	4
255	0	1000	1000	5
255	0	1000	1000	6
255	0	1000	1000	7
255	0	1000	1000	8
255	0	1000	1000	9
255	0	1000	1000	10
255	0	1000	1000	11
255	0	1000	1000	12
255	0	1000	1000	13
255	0	1000	1000	14
255	0	1000	1000	15
255	0	1000	1000	16
255	0	1000	1000	17
255	0	1000	1000	18
255	0	1000	1000	19
255	0	1000	1000	20
255	0	1000	1000	21
255	0	1000	1000	22
255	0	1000	1000	23
255	0	1000	1000	24
255	0	1000	1000	25
255	0	1000	1000	26
255	0	1000	1000	27
255	0	1000	1000	28
255	0	1000	1000	29
255	0	1000	1000	30
255	0	1000	1000	31
