# ASIC configuration for the measurements:
# ------------------------------------------------------------------------------
# Mode = 000 
# Bias = 0101 
# CSArefs = 1011 
# Shaper = 110 
# Leakage mask = 00000000000000000000000000000000 
# Discr. enable mask = 11111111111111111111111111111111 
# Calibration mask = 00000000000000000000000000000000 
# Threshold = 255 
# FineTHR[0] = 110 
# FineTHR[1] = 110 
# FineTHR[2] = 110 
# FineTHR[3] = 110 
# FineTHR[4] = 110 
# FineTHR[5] = 110 
# FineTHR[6] = 110 
# FineTHR[7] = 110 
# FineTHR[8] = 110 
# FineTHR[9] = 110 
# FineTHR[10] = 110 
# FineTHR[11] = 110 
# FineTHR[12] = 110 
# FineTHR[13] = 110 
# FineTHR[14] = 110 
# FineTHR[15] = 110 
# FineTHR[16] = 110 
# FineTHR[17] = 110 
# FineTHR[18] = 110 
# FineTHR[19] = 110 
# FineTHR[20] = 110 
# FineTHR[21] = 110 
# FineTHR[22] = 110 
# FineTHR[23] = 110 
# FineTHR[24] = 110 
# FineTHR[25] = 110 
# FineTHR[26] = 110 
# FineTHR[27] = 110 
# FineTHR[28] = 110 
# FineTHR[29] = 110 
# FineTHR[30] = 110 
# FineTHR[31] = 110 
# ------------------------------------------------------------------------------
# Event data block #1
# Threshold	DAC	Events	Triggered	CH#
200	0	1000	0	0
200	0	1000	0	1
200	0	1000	0	2
200	0	1000	6	3
200	0	1000	2	4
200	0	1000	17	5
200	0	1000	61	6
200	0	1000	85	7
200	0	1000	80	8
200	0	1000	99	9
200	0	1000	26	10
200	0	1000	23	11
200	0	1000	1	12
200	0	1000	0	13
200	0	1000	0	14
200	0	1000	0	15
200	0	1000	1	16
200	0	1000	42	17
200	0	1000	4	18
200	0	1000	60	19
200	0	1000	39	20
200	0	1000	29	21
200	0	1000	409	22
200	0	1000	114	23
200	0	1000	106	24
200	0	1000	87	25
200	0	1000	177	26
200	0	1000	31	27
200	0	1000	0	28
200	0	1000	0	29
200	0	1000	1	30
200	0	1000	0	31
# Event data block #2
# Threshold	DAC	Events	Triggered	CH#
201	0	1000	0	0
201	0	1000	0	1
201	0	1000	1	2
201	0	1000	15	3
201	0	1000	2	4
201	0	1000	22	5
201	0	1000	78	6
201	0	1000	95	7
201	0	1000	94	8
201	0	1000	107	9
201	0	1000	29	10
201	0	1000	24	11
201	0	1000	2	12
201	0	1000	2	13
201	0	1000	2	14
201	0	1000	1	15
201	0	1000	2	16
201	0	1000	62	17
201	0	1000	4	18
201	0	1000	77	19
201	0	1000	41	20
201	0	1000	30	21
201	0	1000	543	22
201	0	1000	123	23
201	0	1000	118	24
201	0	1000	96	25
201	0	1000	210	26
201	0	1000	33	27
201	0	1000	1	28
201	0	1000	0	29
201	0	1000	2	30
201	0	1000	2	31
# Event data block #3
# Threshold	DAC	Events	Triggered	CH#
202	0	1000	0	0
202	0	1000	0	1
202	0	1000	2	2
202	0	1000	22	3
202	0	1000	5	4
202	0	1000	27	5
202	0	1000	67	6
202	0	1000	84	7
202	0	1000	89	8
202	0	1000	102	9
202	0	1000	39	10
202	0	1000	34	11
202	0	1000	3	12
202	0	1000	3	13
202	0	1000	3	14
202	0	1000	3	15
202	0	1000	5	16
202	0	1000	70	17
202	0	1000	6	18
202	0	1000	68	19
202	0	1000	48	20
202	0	1000	35	21
202	0	1000	610	22
202	0	1000	119	23
202	0	1000	105	24
202	0	1000	90	25
202	0	1000	228	26
202	0	1000	40	27
202	0	1000	3	28
202	0	1000	0	29
202	0	1000	5	30
202	0	1000	3	31
# Event data block #4
# Threshold	DAC	Events	Triggered	CH#
203	0	1000	0	0
203	0	1000	1	1
203	0	1000	1	2
203	0	1000	34	3
203	0	1000	6	4
203	0	1000	40	5
203	0	1000	89	6
203	0	1000	107	7
203	0	1000	108	8
203	0	1000	127	9
203	0	1000	53	10
203	0	1000	45	11
203	0	1000	3	12
203	0	1000	2	13
203	0	1000	4	14
203	0	1000	1	15
203	0	1000	7	16
203	0	1000	110	17
203	0	1000	18	18
203	0	1000	96	19
203	0	1000	64	20
203	0	1000	50	21
203	0	1000	712	22
203	0	1000	138	23
203	0	1000	131	24
203	0	1000	102	25
203	0	1000	408	26
203	0	1000	62	27
203	0	1000	1	28
203	0	1000	0	29
203	0	1000	10	30
203	0	1000	5	31
# Event data block #5
# Threshold	DAC	Events	Triggered	CH#
204	0	1000	0	0
204	0	1000	2	1
204	0	1000	2	2
204	0	1000	41	3
204	0	1000	13	4
204	0	1000	39	5
204	0	1000	87	6
204	0	1000	104	7
204	0	1000	102	8
204	0	1000	118	9
204	0	1000	49	10
204	0	1000	45	11
204	0	1000	4	12
204	0	1000	4	13
204	0	1000	6	14
204	0	1000	3	15
204	0	1000	16	16
204	0	1000	129	17
204	0	1000	25	18
204	0	1000	99	19
204	0	1000	63	20
204	0	1000	49	21
204	0	1000	735	22
204	0	1000	139	23
204	0	1000	124	24
204	0	1000	103	25
204	0	1000	544	26
204	0	1000	57	27
204	0	1000	2	28
204	0	1000	0	29
204	0	1000	23	30
204	0	1000	9	31
# Event data block #6
# Threshold	DAC	Events	Triggered	CH#
205	0	1000	0	0
205	0	1000	4	1
205	0	1000	4	2
205	0	1000	41	3
205	0	1000	10	4
205	0	1000	41	5
205	0	1000	75	6
205	0	1000	96	7
205	0	1000	96	8
205	0	1000	115	9
205	0	1000	45	10
205	0	1000	45	11
205	0	1000	5	12
205	0	1000	4	13
205	0	1000	9	14
205	0	1000	6	15
205	0	1000	24	16
205	0	1000	177	17
205	0	1000	22	18
205	0	1000	104	19
205	0	1000	57	20
205	0	1000	44	21
205	0	1000	797	22
205	0	1000	146	23
205	0	1000	126	24
205	0	1000	102	25
205	0	1000	700	26
205	0	1000	50	27
205	0	1000	4	28
205	0	1000	0	29
205	0	1000	27	30
205	0	1000	11	31
# Event data block #7
# Threshold	DAC	Events	Triggered	CH#
206	0	1000	0	0
206	0	1000	5	1
206	0	1000	4	2
206	0	1000	59	3
206	0	1000	16	4
206	0	1000	48	5
206	0	1000	92	6
206	0	1000	101	7
206	0	1000	102	8
206	0	1000	126	9
206	0	1000	64	10
206	0	1000	61	11
206	0	1000	9	12
206	0	1000	7	13
206	0	1000	18	14
206	0	1000	12	15
206	0	1000	32	16
206	0	1000	391	17
206	0	1000	27	18
206	0	1000	116	19
206	0	1000	71	20
206	0	1000	56	21
206	0	1000	804	22
206	0	1000	150	23
206	0	1000	128	24
206	0	1000	104	25
206	0	1000	746	26
206	0	1000	69	27
206	0	1000	6	28
206	0	1000	0	29
206	0	1000	41	30
206	0	1000	20	31
# Event data block #8
# Threshold	DAC	Events	Triggered	CH#
207	0	1000	1	0
207	0	1000	6	1
207	0	1000	7	2
207	0	1000	74	3
207	0	1000	12	4
207	0	1000	51	5
207	0	1000	112	6
207	0	1000	124	7
207	0	1000	120	8
207	0	1000	168	9
207	0	1000	74	10
207	0	1000	63	11
207	0	1000	7	12
207	0	1000	7	13
207	0	1000	19	14
207	0	1000	10	15
207	0	1000	47	16
207	0	1000	726	17
207	0	1000	35	18
207	0	1000	163	19
207	0	1000	94	20
207	0	1000	61	21
207	0	1000	831	22
207	0	1000	202	23
207	0	1000	161	24
207	0	1000	132	25
207	0	1000	798	26
207	0	1000	91	27
207	0	1000	6	28
207	0	1000	0	29
207	0	1000	70	30
207	0	1000	35	31
# Event data block #9
# Threshold	DAC	Events	Triggered	CH#
208	0	1000	0	0
208	0	1000	15	1
208	0	1000	14	2
208	0	1000	101	3
208	0	1000	21	4
208	0	1000	67	5
208	0	1000	125	6
208	0	1000	134	7
208	0	1000	126	8
208	0	1000	183	9
208	0	1000	85	10
208	0	1000	81	11
208	0	1000	11	12
208	0	1000	12	13
208	0	1000	29	14
208	0	1000	25	15
208	0	1000	85	16
208	0	1000	799	17
208	0	1000	52	18
208	0	1000	191	19
208	0	1000	108	20
208	0	1000	82	21
208	0	1000	817	22
208	0	1000	213	23
208	0	1000	163	24
208	0	1000	147	25
208	0	1000	788	26
208	0	1000	108	27
208	0	1000	8	28
208	0	1000	0	29
208	0	1000	112	30
208	0	1000	61	31
# Event data block #10
# Threshold	DAC	Events	Triggered	CH#
209	0	1000	2	0
209	0	1000	35	1
209	0	1000	26	2
209	0	1000	121	3
209	0	1000	29	4
209	0	1000	75	5
209	0	1000	142	6
209	0	1000	158	7
209	0	1000	157	8
209	0	1000	232	9
209	0	1000	98	10
209	0	1000	92	11
209	0	1000	19	12
209	0	1000	19	13
209	0	1000	52	14
209	0	1000	40	15
209	0	1000	115	16
209	0	1000	876	17
209	0	1000	65	18
209	0	1000	299	19
209	0	1000	122	20
209	0	1000	85	21
209	0	1000	856	22
209	0	1000	265	23
209	0	1000	197	24
209	0	1000	176	25
209	0	1000	841	26
209	0	1000	123	27
209	0	1000	12	28
209	0	1000	1	29
209	0	1000	154	30
209	0	1000	83	31
# Event data block #11
# Threshold	DAC	Events	Triggered	CH#
210	0	1000	7	0
210	0	1000	50	1
210	0	1000	37	2
210	0	1000	131	3
210	0	1000	35	4
210	0	1000	77	5
210	0	1000	138	6
210	0	1000	144	7
210	0	1000	147	8
210	0	1000	297	9
210	0	1000	100	10
210	0	1000	95	11
210	0	1000	25	12
210	0	1000	28	13
210	0	1000	59	14
210	0	1000	53	15
210	0	1000	140	16
210	0	1000	899	17
210	0	1000	75	18
210	0	1000	498	19
210	0	1000	121	20
210	0	1000	91	21
210	0	1000	856	22
210	0	1000	350	23
210	0	1000	213	24
210	0	1000	172	25
210	0	1000	843	26
210	0	1000	125	27
210	0	1000	21	28
210	0	1000	2	29
210	0	1000	313	30
210	0	1000	105	31
# Event data block #12
# Threshold	DAC	Events	Triggered	CH#
211	0	1000	12	0
211	0	1000	61	1
211	0	1000	47	2
211	0	1000	173	3
211	0	1000	37	4
211	0	1000	83	5
211	0	1000	146	6
211	0	1000	158	7
211	0	1000	160	8
211	0	1000	431	9
211	0	1000	106	10
211	0	1000	105	11
211	0	1000	25	12
211	0	1000	27	13
211	0	1000	71	14
211	0	1000	59	15
211	0	1000	278	16
211	0	1000	942	17
211	0	1000	81	18
211	0	1000	727	19
211	0	1000	133	20
211	0	1000	95	21
211	0	1000	900	22
211	0	1000	482	23
211	0	1000	270	24
211	0	1000	203	25
211	0	1000	900	26
211	0	1000	141	27
211	0	1000	21	28
211	0	1000	3	29
211	0	1000	763	30
211	0	1000	158	31
# Event data block #13
# Threshold	DAC	Events	Triggered	CH#
212	0	1000	22	0
212	0	1000	97	1
212	0	1000	66	2
212	0	1000	283	3
212	0	1000	52	4
212	0	1000	104	5
212	0	1000	181	6
212	0	1000	193	7
212	0	1000	192	8
212	0	1000	538	9
212	0	1000	118	10
212	0	1000	116	11
212	0	1000	38	12
212	0	1000	46	13
212	0	1000	98	14
212	0	1000	90	15
212	0	1000	647	16
212	0	1000	940	17
212	0	1000	112	18
212	0	1000	764	19
212	0	1000	163	20
212	0	1000	112	21
212	0	1000	876	22
212	0	1000	538	23
212	0	1000	320	24
212	0	1000	247	25
212	0	1000	878	26
212	0	1000	174	27
212	0	1000	32	28
212	0	1000	5	29
212	0	1000	848	30
212	0	1000	394	31
# Event data block #14
# Threshold	DAC	Events	Triggered	CH#
213	0	1000	39	0
213	0	1000	160	1
213	0	1000	110	2
213	0	1000	576	3
213	0	1000	65	4
213	0	1000	139	5
213	0	1000	230	6
213	0	1000	241	7
213	0	1000	237	8
213	0	1000	642	9
213	0	1000	158	10
213	0	1000	158	11
213	0	1000	42	12
213	0	1000	61	13
213	0	1000	152	14
213	0	1000	141	15
213	0	1000	811	16
213	0	1000	937	17
213	0	1000	153	18
213	0	1000	812	19
213	0	1000	208	20
213	0	1000	146	21
213	0	1000	877	22
213	0	1000	641	23
213	0	1000	378	24
213	0	1000	305	25
213	0	1000	879	26
213	0	1000	234	27
213	0	1000	41	28
213	0	1000	14	29
213	0	1000	888	30
213	0	1000	743	31
# Event data block #15
# Threshold	DAC	Events	Triggered	CH#
214	0	1000	48	0
214	0	1000	227	1
214	0	1000	101	2
214	0	1000	740	3
214	0	1000	53	4
214	0	1000	117	5
214	0	1000	248	6
214	0	1000	250	7
214	0	1000	255	8
214	0	1000	701	9
214	0	1000	154	10
214	0	1000	157	11
214	0	1000	36	12
214	0	1000	52	13
214	0	1000	169	14
214	0	1000	148	15
214	0	1000	888	16
214	0	1000	961	17
214	0	1000	148	18
214	0	1000	844	19
214	0	1000	232	20
214	0	1000	127	21
214	0	1000	895	22
214	0	1000	677	23
214	0	1000	452	24
214	0	1000	397	25
214	0	1000	901	26
214	0	1000	288	27
214	0	1000	39	28
214	0	1000	12	29
214	0	1000	931	30
214	0	1000	860	31
# Event data block #16
# Threshold	DAC	Events	Triggered	CH#
215	0	1000	81	0
215	0	1000	668	1
215	0	1000	151	2
215	0	1000	850	3
215	0	1000	73	4
215	0	1000	146	5
215	0	1000	361	6
215	0	1000	337	7
215	0	1000	359	8
215	0	1000	805	9
215	0	1000	173	10
215	0	1000	176	11
215	0	1000	55	12
215	0	1000	79	13
215	0	1000	340	14
215	0	1000	289	15
215	0	1000	931	16
215	0	1000	984	17
215	0	1000	205	18
215	0	1000	889	19
215	0	1000	361	20
215	0	1000	155	21
215	0	1000	922	22
215	0	1000	770	23
215	0	1000	567	24
215	0	1000	538	25
215	0	1000	926	26
215	0	1000	474	27
215	0	1000	62	28
215	0	1000	21	29
215	0	1000	970	30
215	0	1000	925	31
# Event data block #17
# Threshold	DAC	Events	Triggered	CH#
216	0	1000	108	0
216	0	1000	847	1
216	0	1000	233	2
216	0	1000	883	3
216	0	1000	78	4
216	0	1000	144	5
216	0	1000	474	6
216	0	1000	424	7
216	0	1000	444	8
216	0	1000	802	9
216	0	1000	221	10
216	0	1000	236	11
216	0	1000	59	12
216	0	1000	85	13
216	0	1000	653	14
216	0	1000	598	15
216	0	1000	949	16
216	0	1000	979	17
216	0	1000	366	18
216	0	1000	899	19
216	0	1000	533	20
216	0	1000	164	21
216	0	1000	915	22
216	0	1000	784	23
216	0	1000	636	24
216	0	1000	643	25
216	0	1000	928	26
216	0	1000	660	27
216	0	1000	65	28
216	0	1000	36	29
216	0	1000	972	30
216	0	1000	944	31
# Event data block #18
# Threshold	DAC	Events	Triggered	CH#
217	0	1000	160	0
217	0	1000	901	1
217	0	1000	596	2
217	0	1000	899	3
217	0	1000	75	4
217	0	1000	168	5
217	0	1000	615	6
217	0	1000	551	7
217	0	1000	563	8
217	0	1000	825	9
217	0	1000	364	10
217	0	1000	407	11
217	0	1000	65	12
217	0	1000	98	13
217	0	1000	810	14
217	0	1000	792	15
217	0	1000	965	16
217	0	1000	988	17
217	0	1000	630	18
217	0	1000	905	19
217	0	1000	679	20
217	0	1000	188	21
217	0	1000	919	22
217	0	1000	801	23
217	0	1000	690	24
217	0	1000	714	25
217	0	1000	928	26
217	0	1000	765	27
217	0	1000	71	28
217	0	1000	50	29
217	0	1000	986	30
217	0	1000	960	31
# Event data block #19
# Threshold	DAC	Events	Triggered	CH#
218	0	1000	711	0
218	0	1000	945	1
218	0	1000	856	2
218	0	1000	929	3
218	0	1000	93	4
218	0	1000	197	5
218	0	1000	725	6
218	0	1000	650	7
218	0	1000	655	8
218	0	1000	871	9
218	0	1000	517	10
218	0	1000	592	11
218	0	1000	77	12
218	0	1000	120	13
218	0	1000	887	14
218	0	1000	893	15
218	0	1000	980	16
218	0	1000	994	17
218	0	1000	808	18
218	0	1000	926	19
218	0	1000	779	20
218	0	1000	224	21
218	0	1000	934	22
218	0	1000	847	23
218	0	1000	744	24
218	0	1000	787	25
218	0	1000	945	26
218	0	1000	835	27
218	0	1000	84	28
218	0	1000	71	29
218	0	1000	992	30
218	0	1000	978	31
# Event data block #20
# Threshold	DAC	Events	Triggered	CH#
219	0	1000	882	0
219	0	1000	968	1
219	0	1000	905	2
219	0	1000	951	3
219	0	1000	82	4
219	0	1000	241	5
219	0	1000	795	6
219	0	1000	722	7
219	0	1000	725	8
219	0	1000	892	9
219	0	1000	672	10
219	0	1000	742	11
219	0	1000	70	12
219	0	1000	121	13
219	0	1000	939	14
219	0	1000	937	15
219	0	1000	986	16
219	0	1000	993	17
219	0	1000	882	18
219	0	1000	949	19
219	0	1000	849	20
219	0	1000	268	21
219	0	1000	948	22
219	0	1000	870	23
219	0	1000	798	24
219	0	1000	835	25
219	0	1000	958	26
219	0	1000	881	27
219	0	1000	79	28
219	0	1000	70	29
219	0	1000	995	30
219	0	1000	987	31
# Event data block #21
# Threshold	DAC	Events	Triggered	CH#
220	0	1000	934	0
220	0	1000	986	1
220	0	1000	940	2
220	0	1000	966	3
220	0	1000	84	4
220	0	1000	447	5
220	0	1000	855	6
220	0	1000	824	7
220	0	1000	817	8
220	0	1000	925	9
220	0	1000	820	10
220	0	1000	850	11
220	0	1000	57	12
220	0	1000	194	13
220	0	1000	961	14
220	0	1000	959	15
220	0	1000	992	16
220	0	1000	998	17
220	0	1000	926	18
220	0	1000	961	19
220	0	1000	894	20
220	0	1000	446	21
220	0	1000	959	22
220	0	1000	914	23
220	0	1000	853	24
220	0	1000	878	25
220	0	1000	968	26
220	0	1000	921	27
220	0	1000	84	28
220	0	1000	76	29
220	0	1000	999	30
220	0	1000	994	31
# Event data block #22
# Threshold	DAC	Events	Triggered	CH#
221	0	1000	973	0
221	0	1000	996	1
221	0	1000	975	2
221	0	1000	989	3
221	0	1000	81	4
221	0	1000	664	5
221	0	1000	900	6
221	0	1000	868	7
221	0	1000	863	8
221	0	1000	952	9
221	0	1000	890	10
221	0	1000	907	11
221	0	1000	56	12
221	0	1000	499	13
221	0	1000	988	14
221	0	1000	990	15
221	0	1000	1000	16
221	0	1000	1000	17
221	0	1000	953	18
221	0	1000	985	19
221	0	1000	930	20
221	0	1000	639	21
221	0	1000	980	22
221	0	1000	936	23
221	0	1000	886	24
221	0	1000	916	25
221	0	1000	988	26
221	0	1000	946	27
221	0	1000	83	28
221	0	1000	91	29
221	0	1000	1000	30
221	0	1000	1000	31
# Event data block #23
# Threshold	DAC	Events	Triggered	CH#
222	0	1000	988	0
222	0	1000	998	1
222	0	1000	989	2
222	0	1000	994	3
222	0	1000	55	4
222	0	1000	867	5
222	0	1000	961	6
222	0	1000	941	7
222	0	1000	942	8
222	0	1000	978	9
222	0	1000	959	10
222	0	1000	967	11
222	0	1000	25	12
222	0	1000	840	13
222	0	1000	993	14
222	0	1000	993	15
222	0	1000	1000	16
222	0	1000	1000	17
222	0	1000	981	18
222	0	1000	993	19
222	0	1000	973	20
222	0	1000	818	21
222	0	1000	987	22
222	0	1000	974	23
222	0	1000	960	24
222	0	1000	969	25
222	0	1000	993	26
222	0	1000	978	27
222	0	1000	95	28
222	0	1000	298	29
222	0	1000	1000	30
222	0	1000	1000	31
# Event data block #24
# Threshold	DAC	Events	Triggered	CH#
223	0	1000	983	0
223	0	1000	997	1
223	0	1000	974	2
223	0	1000	978	3
223	0	1000	201	4
223	0	1000	860	5
223	0	1000	910	6
223	0	1000	881	7
223	0	1000	877	8
223	0	1000	943	9
223	0	1000	915	10
223	0	1000	922	11
223	0	1000	89	12
223	0	1000	888	13
223	0	1000	977	14
223	0	1000	979	15
223	0	1000	1000	16
223	0	1000	1000	17
223	0	1000	964	18
223	0	1000	976	19
223	0	1000	934	20
223	0	1000	843	21
223	0	1000	971	22
223	0	1000	933	23
223	0	1000	898	24
223	0	1000	918	25
223	0	1000	976	26
223	0	1000	951	27
223	0	1000	446	28
223	0	1000	809	29
223	0	1000	1000	30
223	0	1000	1000	31
# Event data block #25
# Threshold	DAC	Events	Triggered	CH#
224	0	1000	983	0
224	0	1000	997	1
224	0	1000	967	2
224	0	1000	979	3
224	0	1000	429	4
224	0	1000	853	5
224	0	1000	887	6
224	0	1000	859	7
224	0	1000	853	8
224	0	1000	912	9
224	0	1000	883	10
224	0	1000	897	11
224	0	1000	141	12
224	0	1000	886	13
224	0	1000	972	14
224	0	1000	975	15
224	0	1000	998	16
224	0	1000	1000	17
224	0	1000	942	18
224	0	1000	960	19
224	0	1000	906	20
224	0	1000	851	21
224	0	1000	949	22
224	0	1000	900	23
224	0	1000	868	24
224	0	1000	893	25
224	0	1000	959	26
224	0	1000	918	27
224	0	1000	731	28
224	0	1000	878	29
224	0	1000	1000	30
224	0	1000	1000	31
# Event data block #26
# Threshold	DAC	Events	Triggered	CH#
225	0	1000	992	0
225	0	1000	1000	1
225	0	1000	976	2
225	0	1000	980	3
225	0	1000	680	4
225	0	1000	842	5
225	0	1000	860	6
225	0	1000	842	7
225	0	1000	834	8
225	0	1000	911	9
225	0	1000	874	10
225	0	1000	884	11
225	0	1000	284	12
225	0	1000	882	13
225	0	1000	983	14
225	0	1000	986	15
225	0	1000	1000	16
225	0	1000	1000	17
225	0	1000	956	18
225	0	1000	973	19
225	0	1000	897	20
225	0	1000	834	21
225	0	1000	957	22
225	0	1000	887	23
225	0	1000	842	24
225	0	1000	868	25
225	0	1000	968	26
225	0	1000	927	27
225	0	1000	826	28
225	0	1000	877	29
225	0	1000	1000	30
225	0	1000	1000	31
# Event data block #27
# Threshold	DAC	Events	Triggered	CH#
226	0	1000	993	0
226	0	1000	999	1
226	0	1000	984	2
226	0	1000	980	3
226	0	1000	796	4
226	0	1000	859	5
226	0	1000	873	6
226	0	1000	843	7
226	0	1000	836	8
226	0	1000	909	9
226	0	1000	887	10
226	0	1000	898	11
226	0	1000	558	12
226	0	1000	896	13
226	0	1000	986	14
226	0	1000	988	15
226	0	1000	999	16
226	0	1000	1000	17
226	0	1000	953	18
226	0	1000	971	19
226	0	1000	903	20
226	0	1000	850	21
226	0	1000	949	22
226	0	1000	892	23
226	0	1000	845	24
226	0	1000	882	25
226	0	1000	969	26
226	0	1000	925	27
226	0	1000	852	28
226	0	1000	899	29
226	0	1000	1000	30
226	0	1000	1000	31
# Event data block #28
# Threshold	DAC	Events	Triggered	CH#
227	0	1000	998	0
227	0	1000	1000	1
227	0	1000	992	2
227	0	1000	989	3
227	0	1000	814	4
227	0	1000	858	5
227	0	1000	871	6
227	0	1000	843	7
227	0	1000	840	8
227	0	1000	918	9
227	0	1000	887	10
227	0	1000	904	11
227	0	1000	709	12
227	0	1000	917	13
227	0	1000	991	14
227	0	1000	992	15
227	0	1000	1000	16
227	0	1000	1000	17
227	0	1000	963	18
227	0	1000	979	19
227	0	1000	913	20
227	0	1000	856	21
227	0	1000	957	22
227	0	1000	889	23
227	0	1000	850	24
227	0	1000	876	25
227	0	1000	975	26
227	0	1000	938	27
227	0	1000	865	28
227	0	1000	928	29
227	0	1000	1000	30
227	0	1000	1000	31
# Event data block #29
# Threshold	DAC	Events	Triggered	CH#
228	0	1000	998	0
228	0	1000	999	1
228	0	1000	994	2
228	0	1000	993	3
228	0	1000	848	4
228	0	1000	885	5
228	0	1000	890	6
228	0	1000	853	7
228	0	1000	851	8
228	0	1000	927	9
228	0	1000	912	10
228	0	1000	923	11
228	0	1000	799	12
228	0	1000	931	13
228	0	1000	994	14
228	0	1000	995	15
228	0	1000	1000	16
228	0	1000	1000	17
228	0	1000	971	18
228	0	1000	984	19
228	0	1000	928	20
228	0	1000	875	21
228	0	1000	961	22
228	0	1000	916	23
228	0	1000	856	24
228	0	1000	898	25
228	0	1000	972	26
228	0	1000	942	27
228	0	1000	898	28
228	0	1000	945	29
228	0	1000	1000	30
228	0	1000	1000	31
# Event data block #30
# Threshold	DAC	Events	Triggered	CH#
229	0	1000	1000	0
229	0	1000	1000	1
229	0	1000	996	2
229	0	1000	994	3
229	0	1000	862	4
229	0	1000	888	5
229	0	1000	892	6
229	0	1000	860	7
229	0	1000	860	8
229	0	1000	919	9
229	0	1000	907	10
229	0	1000	913	11
229	0	1000	827	12
229	0	1000	933	13
229	0	1000	996	14
229	0	1000	996	15
229	0	1000	1000	16
229	0	1000	1000	17
229	0	1000	977	18
229	0	1000	987	19
229	0	1000	921	20
229	0	1000	877	21
229	0	1000	965	22
229	0	1000	906	23
229	0	1000	860	24
229	0	1000	896	25
229	0	1000	980	26
229	0	1000	944	27
229	0	1000	903	28
229	0	1000	960	29
229	0	1000	1000	30
229	0	1000	1000	31
# Event data block #31
# Threshold	DAC	Events	Triggered	CH#
230	0	1000	1000	0
230	0	1000	1000	1
230	0	1000	1000	2
230	0	1000	999	3
230	0	1000	888	4
230	0	1000	904	5
230	0	1000	909	6
230	0	1000	882	7
230	0	1000	877	8
230	0	1000	938	9
230	0	1000	926	10
230	0	1000	939	11
230	0	1000	871	12
230	0	1000	957	13
230	0	1000	999	14
230	0	1000	1000	15
230	0	1000	1000	16
230	0	1000	1000	17
230	0	1000	989	18
230	0	1000	993	19
230	0	1000	944	20
230	0	1000	894	21
230	0	1000	971	22
230	0	1000	925	23
230	0	1000	877	24
230	0	1000	915	25
230	0	1000	987	26
230	0	1000	962	27
230	0	1000	929	28
230	0	1000	982	29
230	0	1000	1000	30
230	0	1000	1000	31
# Event data block #32
# Threshold	DAC	Events	Triggered	CH#
231	0	1000	1000	0
231	0	1000	1000	1
231	0	1000	1000	2
231	0	1000	1000	3
231	0	1000	906	4
231	0	1000	927	5
231	0	1000	929	6
231	0	1000	886	7
231	0	1000	882	8
231	0	1000	961	9
231	0	1000	948	10
231	0	1000	959	11
231	0	1000	886	12
231	0	1000	977	13
231	0	1000	1000	14
231	0	1000	1000	15
231	0	1000	1000	16
231	0	1000	1000	17
231	0	1000	996	18
231	0	1000	998	19
231	0	1000	965	20
231	0	1000	914	21
231	0	1000	978	22
231	0	1000	938	23
231	0	1000	889	24
231	0	1000	934	25
231	0	1000	996	26
231	0	1000	975	27
231	0	1000	958	28
231	0	1000	994	29
231	0	1000	1000	30
231	0	1000	1000	31
# Event data block #33
# Threshold	DAC	Events	Triggered	CH#
232	0	1000	1000	0
232	0	1000	1000	1
232	0	1000	1000	2
232	0	1000	999	3
232	0	1000	904	4
232	0	1000	916	5
232	0	1000	914	6
232	0	1000	876	7
232	0	1000	881	8
232	0	1000	942	9
232	0	1000	932	10
232	0	1000	945	11
232	0	1000	891	12
232	0	1000	975	13
232	0	1000	1000	14
232	0	1000	1000	15
232	0	1000	1000	16
232	0	1000	1000	17
232	0	1000	996	18
232	0	1000	997	19
232	0	1000	951	20
232	0	1000	906	21
232	0	1000	974	22
232	0	1000	926	23
232	0	1000	887	24
232	0	1000	920	25
232	0	1000	991	26
232	0	1000	971	27
232	0	1000	946	28
232	0	1000	996	29
232	0	1000	1000	30
232	0	1000	1000	31
# Event data block #34
# Threshold	DAC	Events	Triggered	CH#
233	0	1000	1000	0
233	0	1000	1000	1
233	0	1000	1000	2
233	0	1000	999	3
233	0	1000	911	4
233	0	1000	924	5
233	0	1000	915	6
233	0	1000	877	7
233	0	1000	875	8
233	0	1000	954	9
233	0	1000	944	10
233	0	1000	957	11
233	0	1000	895	12
233	0	1000	972	13
233	0	1000	1000	14
233	0	1000	1000	15
233	0	1000	1000	16
233	0	1000	1000	17
233	0	1000	994	18
233	0	1000	996	19
233	0	1000	961	20
233	0	1000	916	21
233	0	1000	976	22
233	0	1000	935	23
233	0	1000	875	24
233	0	1000	922	25
233	0	1000	992	26
233	0	1000	974	27
233	0	1000	962	28
233	0	1000	998	29
233	0	1000	1000	30
233	0	1000	1000	31
# Event data block #35
# Threshold	DAC	Events	Triggered	CH#
234	0	1000	1000	0
234	0	1000	1000	1
234	0	1000	1000	2
234	0	1000	1000	3
234	0	1000	928	4
234	0	1000	936	5
234	0	1000	929	6
234	0	1000	898	7
234	0	1000	897	8
234	0	1000	957	9
234	0	1000	950	10
234	0	1000	973	11
234	0	1000	909	12
234	0	1000	985	13
234	0	1000	1000	14
234	0	1000	1000	15
234	0	1000	1000	16
234	0	1000	1000	17
234	0	1000	995	18
234	0	1000	998	19
234	0	1000	974	20
234	0	1000	921	21
234	0	1000	983	22
234	0	1000	942	23
234	0	1000	904	24
234	0	1000	930	25
234	0	1000	991	26
234	0	1000	983	27
234	0	1000	976	28
234	0	1000	998	29
234	0	1000	1000	30
234	0	1000	1000	31
# Event data block #36
# Threshold	DAC	Events	Triggered	CH#
235	0	1000	1000	0
235	0	1000	1000	1
235	0	1000	1000	2
235	0	1000	1000	3
235	0	1000	944	4
235	0	1000	948	5
235	0	1000	942	6
235	0	1000	915	7
235	0	1000	912	8
235	0	1000	975	9
235	0	1000	970	10
235	0	1000	982	11
235	0	1000	940	12
235	0	1000	991	13
235	0	1000	1000	14
235	0	1000	1000	15
235	0	1000	1000	16
235	0	1000	1000	17
235	0	1000	999	18
235	0	1000	1000	19
235	0	1000	984	20
235	0	1000	942	21
235	0	1000	987	22
235	0	1000	952	23
235	0	1000	926	24
235	0	1000	944	25
235	0	1000	995	26
235	0	1000	989	27
235	0	1000	991	28
235	0	1000	1000	29
235	0	1000	1000	30
235	0	1000	1000	31
# Event data block #37
# Threshold	DAC	Events	Triggered	CH#
236	0	1000	1000	0
236	0	1000	1000	1
236	0	1000	1000	2
236	0	1000	1000	3
236	0	1000	943	4
236	0	1000	950	5
236	0	1000	937	6
236	0	1000	908	7
236	0	1000	917	8
236	0	1000	972	9
236	0	1000	967	10
236	0	1000	982	11
236	0	1000	934	12
236	0	1000	988	13
236	0	1000	1000	14
236	0	1000	1000	15
236	0	1000	1000	16
236	0	1000	1000	17
236	0	1000	997	18
236	0	1000	997	19
236	0	1000	982	20
236	0	1000	940	21
236	0	1000	983	22
236	0	1000	953	23
236	0	1000	948	24
236	0	1000	941	25
236	0	1000	993	26
236	0	1000	984	27
236	0	1000	990	28
236	0	1000	999	29
236	0	1000	1000	30
236	0	1000	1000	31
# Event data block #38
# Threshold	DAC	Events	Triggered	CH#
237	0	1000	1000	0
237	0	1000	1000	1
237	0	1000	1000	2
237	0	1000	1000	3
237	0	1000	966	4
237	0	1000	965	5
237	0	1000	958	6
237	0	1000	931	7
237	0	1000	942	8
237	0	1000	976	9
237	0	1000	986	10
237	0	1000	993	11
237	0	1000	957	12
237	0	1000	993	13
237	0	1000	1000	14
237	0	1000	1000	15
237	0	1000	1000	16
237	0	1000	1000	17
237	0	1000	996	18
237	0	1000	996	19
237	0	1000	990	20
237	0	1000	958	21
237	0	1000	985	22
237	0	1000	967	23
237	0	1000	1000	24
237	0	1000	958	25
237	0	1000	993	26
237	0	1000	991	27
237	0	1000	998	28
237	0	1000	1000	29
237	0	1000	1000	30
237	0	1000	1000	31
# Event data block #39
# Threshold	DAC	Events	Triggered	CH#
238	0	1000	1000	0
238	0	1000	1000	1
238	0	1000	1000	2
238	0	1000	1000	3
238	0	1000	972	4
238	0	1000	968	5
238	0	1000	962	6
238	0	1000	926	7
238	0	1000	990	8
238	0	1000	976	9
238	0	1000	998	10
238	0	1000	1000	11
238	0	1000	963	12
238	0	1000	996	13
238	0	1000	1000	14
238	0	1000	1000	15
238	0	1000	1000	16
238	0	1000	1000	17
238	0	1000	1000	18
238	0	1000	1000	19
238	0	1000	1000	20
238	0	1000	952	21
238	0	1000	992	22
238	0	1000	979	23
238	0	1000	1000	24
238	0	1000	961	25
238	0	1000	998	26
238	0	1000	994	27
238	0	1000	1000	28
238	0	1000	1000	29
238	0	1000	1000	30
238	0	1000	1000	31
# Event data block #40
# Threshold	DAC	Events	Triggered	CH#
239	0	1000	1000	0
239	0	1000	1000	1
239	0	1000	1000	2
239	0	1000	1000	3
239	0	1000	971	4
239	0	1000	968	5
239	0	1000	959	6
239	0	1000	937	7
239	0	1000	1000	8
239	0	1000	978	9
239	0	1000	1000	10
239	0	1000	1000	11
239	0	1000	965	12
239	0	1000	999	13
239	0	1000	1000	14
239	0	1000	1000	15
239	0	1000	1000	16
239	0	1000	1000	17
239	0	1000	1000	18
239	0	1000	1000	19
239	0	1000	1000	20
239	0	1000	962	21
239	0	1000	987	22
239	0	1000	1000	23
239	0	1000	1000	24
239	0	1000	958	25
239	0	1000	999	26
239	0	1000	995	27
239	0	1000	1000	28
239	0	1000	1000	29
239	0	1000	1000	30
239	0	1000	1000	31
# Event data block #41
# Threshold	DAC	Events	Triggered	CH#
240	0	1000	1000	0
240	0	1000	1000	1
240	0	1000	1000	2
240	0	1000	1000	3
240	0	1000	978	4
240	0	1000	972	5
240	0	1000	983	6
240	0	1000	946	7
240	0	1000	1000	8
240	0	1000	983	9
240	0	1000	1000	10
240	0	1000	1000	11
240	0	1000	972	12
240	0	1000	1000	13
240	0	1000	1000	14
240	0	1000	1000	15
240	0	1000	1000	16
240	0	1000	1000	17
240	0	1000	1000	18
240	0	1000	1000	19
240	0	1000	1000	20
240	0	1000	964	21
240	0	1000	991	22
240	0	1000	1000	23
240	0	1000	1000	24
240	0	1000	971	25
240	0	1000	1000	26
240	0	1000	999	27
240	0	1000	1000	28
240	0	1000	1000	29
240	0	1000	1000	30
240	0	1000	1000	31
# Event data block #42
# Threshold	DAC	Events	Triggered	CH#
241	0	1000	1000	0
241	0	1000	1000	1
241	0	1000	1000	2
241	0	1000	1000	3
241	0	1000	987	4
241	0	1000	978	5
241	0	1000	1000	6
241	0	1000	954	7
241	0	1000	1000	8
241	0	1000	988	9
241	0	1000	1000	10
241	0	1000	1000	11
241	0	1000	976	12
241	0	1000	999	13
241	0	1000	1000	14
241	0	1000	1000	15
241	0	1000	1000	16
241	0	1000	1000	17
241	0	1000	1000	18
241	0	1000	1000	19
241	0	1000	1000	20
241	0	1000	967	21
241	0	1000	992	22
241	0	1000	1000	23
241	0	1000	1000	24
241	0	1000	982	25
241	0	1000	1000	26
241	0	1000	997	27
241	0	1000	1000	28
241	0	1000	1000	29
241	0	1000	1000	30
241	0	1000	1000	31
# Event data block #43
# Threshold	DAC	Events	Triggered	CH#
242	0	1000	1000	0
242	0	1000	1000	1
242	0	1000	1000	2
242	0	1000	1000	3
242	0	1000	998	4
242	0	1000	986	5
242	0	1000	1000	6
242	0	1000	1000	7
242	0	1000	1000	8
242	0	1000	999	9
242	0	1000	1000	10
242	0	1000	1000	11
242	0	1000	984	12
242	0	1000	1000	13
242	0	1000	1000	14
242	0	1000	1000	15
242	0	1000	1000	16
242	0	1000	1000	17
242	0	1000	1000	18
242	0	1000	1000	19
242	0	1000	1000	20
242	0	1000	976	21
242	0	1000	997	22
242	0	1000	1000	23
242	0	1000	1000	24
242	0	1000	1000	25
242	0	1000	1000	26
242	0	1000	1000	27
242	0	1000	1000	28
242	0	1000	1000	29
242	0	1000	1000	30
242	0	1000	1000	31
# Event data block #44
# Threshold	DAC	Events	Triggered	CH#
243	0	1000	1000	0
243	0	1000	1000	1
243	0	1000	1000	2
243	0	1000	1000	3
243	0	1000	1000	4
243	0	1000	991	5
243	0	1000	1000	6
243	0	1000	1000	7
243	0	1000	1000	8
243	0	1000	1000	9
243	0	1000	1000	10
243	0	1000	1000	11
243	0	1000	989	12
243	0	1000	1000	13
243	0	1000	1000	14
243	0	1000	1000	15
243	0	1000	1000	16
243	0	1000	1000	17
243	0	1000	1000	18
243	0	1000	1000	19
243	0	1000	1000	20
243	0	1000	973	21
243	0	1000	996	22
243	0	1000	1000	23
243	0	1000	1000	24
243	0	1000	1000	25
243	0	1000	1000	26
243	0	1000	1000	27
243	0	1000	1000	28
243	0	1000	1000	29
243	0	1000	1000	30
243	0	1000	1000	31
# Event data block #45
# Threshold	DAC	Events	Triggered	CH#
244	0	1000	1000	0
244	0	1000	1000	1
244	0	1000	1000	2
244	0	1000	1000	3
244	0	1000	1000	4
244	0	1000	999	5
244	0	1000	1000	6
244	0	1000	1000	7
244	0	1000	1000	8
244	0	1000	1000	9
244	0	1000	1000	10
244	0	1000	1000	11
244	0	1000	992	12
244	0	1000	1000	13
244	0	1000	1000	14
244	0	1000	1000	15
244	0	1000	1000	16
244	0	1000	1000	17
244	0	1000	1000	18
244	0	1000	1000	19
244	0	1000	1000	20
244	0	1000	976	21
244	0	1000	1000	22
244	0	1000	1000	23
244	0	1000	1000	24
244	0	1000	1000	25
244	0	1000	1000	26
244	0	1000	1000	27
244	0	1000	1000	28
244	0	1000	1000	29
244	0	1000	1000	30
244	0	1000	1000	31
# Event data block #46
# Threshold	DAC	Events	Triggered	CH#
245	0	1000	1000	0
245	0	1000	1000	1
245	0	1000	1000	2
245	0	1000	1000	3
245	0	1000	1000	4
245	0	1000	1000	5
245	0	1000	1000	6
245	0	1000	1000	7
245	0	1000	1000	8
245	0	1000	1000	9
245	0	1000	1000	10
245	0	1000	1000	11
245	0	1000	997	12
245	0	1000	1000	13
245	0	1000	1000	14
245	0	1000	1000	15
245	0	1000	1000	16
245	0	1000	1000	17
245	0	1000	1000	18
245	0	1000	1000	19
245	0	1000	1000	20
245	0	1000	984	21
245	0	1000	1000	22
245	0	1000	1000	23
245	0	1000	1000	24
245	0	1000	1000	25
245	0	1000	1000	26
245	0	1000	1000	27
245	0	1000	1000	28
245	0	1000	1000	29
245	0	1000	1000	30
245	0	1000	1000	31
# Event data block #47
# Threshold	DAC	Events	Triggered	CH#
246	0	1000	1000	0
246	0	1000	1000	1
246	0	1000	1000	2
246	0	1000	1000	3
246	0	1000	1000	4
246	0	1000	1000	5
246	0	1000	1000	6
246	0	1000	1000	7
246	0	1000	1000	8
246	0	1000	1000	9
246	0	1000	1000	10
246	0	1000	1000	11
246	0	1000	1000	12
246	0	1000	1000	13
246	0	1000	1000	14
246	0	1000	1000	15
246	0	1000	1000	16
246	0	1000	1000	17
246	0	1000	1000	18
246	0	1000	1000	19
246	0	1000	1000	20
246	0	1000	989	21
246	0	1000	1000	22
246	0	1000	1000	23
246	0	1000	1000	24
246	0	1000	1000	25
246	0	1000	1000	26
246	0	1000	1000	27
246	0	1000	1000	28
246	0	1000	1000	29
246	0	1000	1000	30
246	0	1000	1000	31
# Event data block #48
# Threshold	DAC	Events	Triggered	CH#
247	0	1000	1000	0
247	0	1000	1000	1
247	0	1000	1000	2
247	0	1000	1000	3
247	0	1000	1000	4
247	0	1000	1000	5
247	0	1000	1000	6
247	0	1000	1000	7
247	0	1000	1000	8
247	0	1000	1000	9
247	0	1000	1000	10
247	0	1000	1000	11
247	0	1000	1000	12
247	0	1000	1000	13
247	0	1000	1000	14
247	0	1000	1000	15
247	0	1000	1000	16
247	0	1000	1000	17
247	0	1000	1000	18
247	0	1000	1000	19
247	0	1000	1000	20
247	0	1000	988	21
247	0	1000	1000	22
247	0	1000	1000	23
247	0	1000	1000	24
247	0	1000	1000	25
247	0	1000	1000	26
247	0	1000	1000	27
247	0	1000	1000	28
247	0	1000	1000	29
247	0	1000	1000	30
247	0	1000	1000	31
# Event data block #49
# Threshold	DAC	Events	Triggered	CH#
248	0	1000	1000	0
248	0	1000	1000	1
248	0	1000	1000	2
248	0	1000	1000	3
248	0	1000	1000	4
248	0	1000	1000	5
248	0	1000	1000	6
248	0	1000	1000	7
248	0	1000	1000	8
248	0	1000	1000	9
248	0	1000	1000	10
248	0	1000	1000	11
248	0	1000	1000	12
248	0	1000	1000	13
248	0	1000	1000	14
248	0	1000	1000	15
248	0	1000	1000	16
248	0	1000	1000	17
248	0	1000	1000	18
248	0	1000	1000	19
248	0	1000	1000	20
248	0	1000	983	21
248	0	1000	1000	22
248	0	1000	1000	23
248	0	1000	1000	24
248	0	1000	1000	25
248	0	1000	1000	26
248	0	1000	1000	27
248	0	1000	1000	28
248	0	1000	1000	29
248	0	1000	1000	30
248	0	1000	1000	31
# Event data block #50
# Threshold	DAC	Events	Triggered	CH#
249	0	1000	1000	0
249	0	1000	1000	1
249	0	1000	1000	2
249	0	1000	1000	3
249	0	1000	1000	4
249	0	1000	1000	5
249	0	1000	1000	6
249	0	1000	1000	7
249	0	1000	1000	8
249	0	1000	1000	9
249	0	1000	1000	10
249	0	1000	1000	11
249	0	1000	1000	12
249	0	1000	1000	13
249	0	1000	1000	14
249	0	1000	1000	15
249	0	1000	1000	16
249	0	1000	1000	17
249	0	1000	1000	18
249	0	1000	1000	19
249	0	1000	1000	20
249	0	1000	992	21
249	0	1000	1000	22
249	0	1000	1000	23
249	0	1000	1000	24
249	0	1000	1000	25
249	0	1000	1000	26
249	0	1000	1000	27
249	0	1000	1000	28
249	0	1000	1000	29
249	0	1000	1000	30
249	0	1000	1000	31
# Event data block #51
# Threshold	DAC	Events	Triggered	CH#
250	0	1000	1000	0
250	0	1000	1000	1
250	0	1000	1000	2
250	0	1000	1000	3
250	0	1000	1000	4
250	0	1000	1000	5
250	0	1000	1000	6
250	0	1000	1000	7
250	0	1000	1000	8
250	0	1000	1000	9
250	0	1000	1000	10
250	0	1000	1000	11
250	0	1000	1000	12
250	0	1000	1000	13
250	0	1000	1000	14
250	0	1000	1000	15
250	0	1000	1000	16
250	0	1000	1000	17
250	0	1000	1000	18
250	0	1000	1000	19
250	0	1000	1000	20
250	0	1000	998	21
250	0	1000	1000	22
250	0	1000	1000	23
250	0	1000	1000	24
250	0	1000	1000	25
250	0	1000	1000	26
250	0	1000	1000	27
250	0	1000	1000	28
250	0	1000	1000	29
250	0	1000	1000	30
250	0	1000	1000	31
# Event data block #52
# Threshold	DAC	Events	Triggered	CH#
251	0	1000	1000	0
251	0	1000	1000	1
251	0	1000	1000	2
251	0	1000	1000	3
251	0	1000	1000	4
251	0	1000	1000	5
251	0	1000	1000	6
251	0	1000	1000	7
251	0	1000	1000	8
251	0	1000	1000	9
251	0	1000	1000	10
251	0	1000	1000	11
251	0	1000	1000	12
251	0	1000	1000	13
251	0	1000	1000	14
251	0	1000	1000	15
251	0	1000	1000	16
251	0	1000	1000	17
251	0	1000	1000	18
251	0	1000	1000	19
251	0	1000	1000	20
251	0	1000	1000	21
251	0	1000	1000	22
251	0	1000	1000	23
251	0	1000	1000	24
251	0	1000	1000	25
251	0	1000	1000	26
251	0	1000	1000	27
251	0	1000	1000	28
251	0	1000	1000	29
251	0	1000	1000	30
251	0	1000	1000	31
# Event data block #53
# Threshold	DAC	Events	Triggered	CH#
252	0	1000	1000	0
252	0	1000	1000	1
252	0	1000	1000	2
252	0	1000	1000	3
252	0	1000	1000	4
252	0	1000	1000	5
252	0	1000	1000	6
252	0	1000	1000	7
252	0	1000	1000	8
252	0	1000	1000	9
252	0	1000	1000	10
252	0	1000	1000	11
252	0	1000	1000	12
252	0	1000	1000	13
252	0	1000	1000	14
252	0	1000	1000	15
252	0	1000	1000	16
252	0	1000	1000	17
252	0	1000	1000	18
252	0	1000	1000	19
252	0	1000	1000	20
252	0	1000	1000	21
252	0	1000	1000	22
252	0	1000	1000	23
252	0	1000	1000	24
252	0	1000	1000	25
252	0	1000	1000	26
252	0	1000	1000	27
252	0	1000	1000	28
252	0	1000	1000	29
252	0	1000	1000	30
252	0	1000	1000	31
# Event data block #54
# Threshold	DAC	Events	Triggered	CH#
253	0	1000	1000	0
253	0	1000	1000	1
253	0	1000	1000	2
253	0	1000	1000	3
253	0	1000	1000	4
253	0	1000	1000	5
253	0	1000	1000	6
253	0	1000	1000	7
253	0	1000	1000	8
253	0	1000	1000	9
253	0	1000	1000	10
253	0	1000	1000	11
253	0	1000	1000	12
253	0	1000	1000	13
253	0	1000	1000	14
253	0	1000	1000	15
253	0	1000	1000	16
253	0	1000	1000	17
253	0	1000	1000	18
253	0	1000	1000	19
253	0	1000	1000	20
253	0	1000	1000	21
253	0	1000	1000	22
253	0	1000	1000	23
253	0	1000	1000	24
253	0	1000	1000	25
253	0	1000	1000	26
253	0	1000	1000	27
253	0	1000	1000	28
253	0	1000	1000	29
253	0	1000	1000	30
253	0	1000	1000	31
# Event data block #55
# Threshold	DAC	Events	Triggered	CH#
254	0	1000	1000	0
254	0	1000	1000	1
254	0	1000	1000	2
254	0	1000	1000	3
254	0	1000	1000	4
254	0	1000	1000	5
254	0	1000	1000	6
254	0	1000	1000	7
254	0	1000	1000	8
254	0	1000	1000	9
254	0	1000	1000	10
254	0	1000	1000	11
254	0	1000	1000	12
254	0	1000	1000	13
254	0	1000	1000	14
254	0	1000	1000	15
254	0	1000	1000	16
254	0	1000	1000	17
254	0	1000	1000	18
254	0	1000	1000	19
254	0	1000	1000	20
254	0	1000	1000	21
254	0	1000	1000	22
254	0	1000	1000	23
254	0	1000	1000	24
254	0	1000	1000	25
254	0	1000	1000	26
254	0	1000	1000	27
254	0	1000	1000	28
254	0	1000	1000	29
254	0	1000	1000	30
254	0	1000	1000	31
# Event data block #56
# Threshold	DAC	Events	Triggered	CH#
255	0	1000	1000	0
255	0	1000	1000	1
255	0	1000	1000	2
255	0	1000	1000	3
255	0	1000	1000	4
255	0	1000	1000	5
255	0	1000	1000	6
255	0	1000	1000	7
255	0	1000	1000	8
255	0	1000	1000	9
255	0	1000	1000	10
255	0	1000	1000	11
255	0	1000	1000	12
255	0	1000	1000	13
255	0	1000	1000	14
255	0	1000	1000	15
255	0	1000	1000	16
255	0	1000	1000	17
255	0	1000	1000	18
255	0	1000	1000	19
255	0	1000	1000	20
255	0	1000	1000	21
255	0	1000	1000	22
255	0	1000	1000	23
255	0	1000	1000	24
255	0	1000	1000	25
255	0	1000	1000	26
255	0	1000	1000	27
255	0	1000	1000	28
255	0	1000	1000	29
255	0	1000	1000	30
255	0	1000	1000	31
