# ASIC configuration for the measurements:
# ------------------------------------------------------------------------------
# Mode = 000 
# Bias = 0101 
# CSArefs = 1011 
# Shaper = 010 
# Leakage mask = 00000000000000000000000000000000 
# Discr. enable mask = 11111111111111111111111111111111 
# Calibration mask = 00000000000000000000000000000000 
# Threshold = 255 
# FineTHR[0] = 101 
# FineTHR[1] = 101 
# FineTHR[2] = 101 
# FineTHR[3] = 101 
# FineTHR[4] = 101 
# FineTHR[5] = 101 
# FineTHR[6] = 101 
# FineTHR[7] = 101 
# FineTHR[8] = 101 
# FineTHR[9] = 101 
# FineTHR[10] = 101 
# FineTHR[11] = 101 
# FineTHR[12] = 101 
# FineTHR[13] = 101 
# FineTHR[14] = 101 
# FineTHR[15] = 101 
# FineTHR[16] = 101 
# FineTHR[17] = 101 
# FineTHR[18] = 101 
# FineTHR[19] = 101 
# FineTHR[20] = 101 
# FineTHR[21] = 101 
# FineTHR[22] = 101 
# FineTHR[23] = 101 
# FineTHR[24] = 101 
# FineTHR[25] = 101 
# FineTHR[26] = 101 
# FineTHR[27] = 101 
# FineTHR[28] = 101 
# FineTHR[29] = 101 
# FineTHR[30] = 101 
# FineTHR[31] = 101 
# ------------------------------------------------------------------------------
# Event data block #1
# Threshold	DAC	Events	Triggered	CH#
200	0	1000	0	0
200	0	1000	0	1
200	0	1000	18	2
200	0	1000	2	3
200	0	1000	33	4
200	0	1000	29	5
200	0	1000	58	6
200	0	1000	59	7
200	0	1000	68	8
200	0	1000	82	9
200	0	1000	67	10
200	0	1000	36	11
200	0	1000	26	12
200	0	1000	3	13
200	0	1000	0	14
200	0	1000	1	15
200	0	1000	0	16
200	0	1000	0	17
200	0	1000	20	18
200	0	1000	0	19
200	0	1000	85	20
200	0	1000	38	21
200	0	1000	124	22
200	0	1000	115	23
200	0	1000	115	24
200	0	1000	121	25
200	0	1000	26	26
200	0	1000	67	27
200	0	1000	18	28
200	0	1000	0	29
200	0	1000	0	30
200	0	1000	0	31
# Event data block #2
# Threshold	DAC	Events	Triggered	CH#
201	0	1000	2	0
201	0	1000	0	1
201	0	1000	18	2
201	0	1000	2	3
201	0	1000	41	4
201	0	1000	38	5
201	0	1000	67	6
201	0	1000	64	7
201	0	1000	72	8
201	0	1000	94	9
201	0	1000	72	10
201	0	1000	42	11
201	0	1000	32	12
201	0	1000	2	13
201	0	1000	0	14
201	0	1000	2	15
201	0	1000	0	16
201	0	1000	1	17
201	0	1000	14	18
201	0	1000	0	19
201	0	1000	97	20
201	0	1000	50	21
201	0	1000	139	22
201	0	1000	141	23
201	0	1000	129	24
201	0	1000	142	25
201	0	1000	34	26
201	0	1000	72	27
201	0	1000	13	28
201	0	1000	0	29
201	0	1000	0	30
201	0	1000	2	31
# Event data block #3
# Threshold	DAC	Events	Triggered	CH#
202	0	1000	1	0
202	0	1000	0	1
202	0	1000	31	2
202	0	1000	3	3
202	0	1000	51	4
202	0	1000	42	5
202	0	1000	75	6
202	0	1000	78	7
202	0	1000	85	8
202	0	1000	104	9
202	0	1000	87	10
202	0	1000	49	11
202	0	1000	40	12
202	0	1000	5	13
202	0	1000	0	14
202	0	1000	5	15
202	0	1000	0	16
202	0	1000	0	17
202	0	1000	28	18
202	0	1000	1	19
202	0	1000	104	20
202	0	1000	55	21
202	0	1000	160	22
202	0	1000	153	23
202	0	1000	151	24
202	0	1000	164	25
202	0	1000	35	26
202	0	1000	82	27
202	0	1000	27	28
202	0	1000	0	29
202	0	1000	0	30
202	0	1000	3	31
# Event data block #4
# Threshold	DAC	Events	Triggered	CH#
203	0	1000	5	0
203	0	1000	2	1
203	0	1000	53	2
203	0	1000	6	3
203	0	1000	66	4
203	0	1000	51	5
203	0	1000	95	6
203	0	1000	92	7
203	0	1000	106	8
203	0	1000	127	9
203	0	1000	104	10
203	0	1000	61	11
203	0	1000	53	12
203	0	1000	7	13
203	0	1000	0	14
203	0	1000	6	15
203	0	1000	0	16
203	0	1000	3	17
203	0	1000	40	18
203	0	1000	2	19
203	0	1000	136	20
203	0	1000	73	21
203	0	1000	182	22
203	0	1000	186	23
203	0	1000	179	24
203	0	1000	189	25
203	0	1000	50	26
203	0	1000	108	27
203	0	1000	34	28
203	0	1000	1	29
203	0	1000	2	30
203	0	1000	6	31
# Event data block #5
# Threshold	DAC	Events	Triggered	CH#
204	0	1000	6	0
204	0	1000	1	1
204	0	1000	64	2
204	0	1000	6	3
204	0	1000	72	4
204	0	1000	61	5
204	0	1000	91	6
204	0	1000	89	7
204	0	1000	99	8
204	0	1000	122	9
204	0	1000	103	10
204	0	1000	67	11
204	0	1000	58	12
204	0	1000	7	13
204	0	1000	0	14
204	0	1000	6	15
204	0	1000	1	16
204	0	1000	2	17
204	0	1000	48	18
204	0	1000	0	19
204	0	1000	141	20
204	0	1000	73	21
204	0	1000	194	22
204	0	1000	184	23
204	0	1000	179	24
204	0	1000	206	25
204	0	1000	54	26
204	0	1000	107	27
204	0	1000	47	28
204	0	1000	1	29
204	0	1000	1	30
204	0	1000	8	31
# Event data block #6
# Threshold	DAC	Events	Triggered	CH#
205	0	1000	8	0
205	0	1000	0	1
205	0	1000	67	2
205	0	1000	4	3
205	0	1000	68	4
205	0	1000	60	5
205	0	1000	88	6
205	0	1000	83	7
205	0	1000	93	8
205	0	1000	117	9
205	0	1000	97	10
205	0	1000	64	11
205	0	1000	58	12
205	0	1000	11	13
205	0	1000	0	14
205	0	1000	9	15
205	0	1000	0	16
205	0	1000	0	17
205	0	1000	47	18
205	0	1000	1	19
205	0	1000	142	20
205	0	1000	68	21
205	0	1000	205	22
205	0	1000	194	23
205	0	1000	184	24
205	0	1000	218	25
205	0	1000	53	26
205	0	1000	109	27
205	0	1000	46	28
205	0	1000	0	29
205	0	1000	0	30
205	0	1000	15	31
# Event data block #7
# Threshold	DAC	Events	Triggered	CH#
206	0	1000	20	0
206	0	1000	4	1
206	0	1000	96	2
206	0	1000	9	3
206	0	1000	83	4
206	0	1000	70	5
206	0	1000	98	6
206	0	1000	90	7
206	0	1000	99	8
206	0	1000	136	9
206	0	1000	113	10
206	0	1000	81	11
206	0	1000	71	12
206	0	1000	12	13
206	0	1000	0	14
206	0	1000	18	15
206	0	1000	1	16
206	0	1000	7	17
206	0	1000	63	18
206	0	1000	1	19
206	0	1000	193	20
206	0	1000	81	21
206	0	1000	292	22
206	0	1000	256	23
206	0	1000	229	24
206	0	1000	317	25
206	0	1000	65	26
206	0	1000	141	27
206	0	1000	60	28
206	0	1000	3	29
206	0	1000	6	30
206	0	1000	27	31
# Event data block #8
# Threshold	DAC	Events	Triggered	CH#
207	0	1000	26	0
207	0	1000	4	1
207	0	1000	116	2
207	0	1000	8	3
207	0	1000	88	4
207	0	1000	72	5
207	0	1000	106	6
207	0	1000	99	7
207	0	1000	109	8
207	0	1000	141	9
207	0	1000	122	10
207	0	1000	78	11
207	0	1000	73	12
207	0	1000	14	13
207	0	1000	0	14
207	0	1000	26	15
207	0	1000	1	16
207	0	1000	4	17
207	0	1000	69	18
207	0	1000	2	19
207	0	1000	237	20
207	0	1000	86	21
207	0	1000	337	22
207	0	1000	283	23
207	0	1000	266	24
207	0	1000	360	25
207	0	1000	67	26
207	0	1000	164	27
207	0	1000	68	28
207	0	1000	1	29
207	0	1000	3	30
207	0	1000	43	31
# Event data block #9
# Threshold	DAC	Events	Triggered	CH#
208	0	1000	44	0
208	0	1000	13	1
208	0	1000	155	2
208	0	1000	16	3
208	0	1000	103	4
208	0	1000	88	5
208	0	1000	121	6
208	0	1000	104	7
208	0	1000	119	8
208	0	1000	168	9
208	0	1000	145	10
208	0	1000	94	11
208	0	1000	90	12
208	0	1000	22	13
208	0	1000	0	14
208	0	1000	36	15
208	0	1000	3	16
208	0	1000	12	17
208	0	1000	89	18
208	0	1000	6	19
208	0	1000	301	20
208	0	1000	95	21
208	0	1000	417	22
208	0	1000	323	23
208	0	1000	296	24
208	0	1000	458	25
208	0	1000	81	26
208	0	1000	203	27
208	0	1000	87	28
208	0	1000	9	29
208	0	1000	12	30
208	0	1000	67	31
# Event data block #10
# Threshold	DAC	Events	Triggered	CH#
209	0	1000	49	0
209	0	1000	10	1
209	0	1000	287	2
209	0	1000	10	3
209	0	1000	113	4
209	0	1000	85	5
209	0	1000	132	6
209	0	1000	109	7
209	0	1000	128	8
209	0	1000	204	9
209	0	1000	158	10
209	0	1000	94	11
209	0	1000	90	12
209	0	1000	14	13
209	0	1000	0	14
209	0	1000	32	15
209	0	1000	1	16
209	0	1000	6	17
209	0	1000	95	18
209	0	1000	4	19
209	0	1000	470	20
209	0	1000	102	21
209	0	1000	545	22
209	0	1000	423	23
209	0	1000	379	24
209	0	1000	579	25
209	0	1000	80	26
209	0	1000	303	27
209	0	1000	94	28
209	0	1000	3	29
209	0	1000	13	30
209	0	1000	84	31
# Event data block #11
# Threshold	DAC	Events	Triggered	CH#
210	0	1000	87	0
210	0	1000	30	1
210	0	1000	580	2
210	0	1000	24	3
210	0	1000	121	4
210	0	1000	90	5
210	0	1000	133	6
210	0	1000	116	7
210	0	1000	128	8
210	0	1000	244	9
210	0	1000	193	10
210	0	1000	102	11
210	0	1000	99	12
210	0	1000	33	13
210	0	1000	1	14
210	0	1000	64	15
210	0	1000	5	16
210	0	1000	21	17
210	0	1000	102	18
210	0	1000	8	19
210	0	1000	573	20
210	0	1000	107	21
210	0	1000	593	22
210	0	1000	469	23
210	0	1000	432	24
210	0	1000	640	25
210	0	1000	86	26
210	0	1000	426	27
210	0	1000	102	28
210	0	1000	15	29
210	0	1000	35	30
210	0	1000	111	31
# Event data block #12
# Threshold	DAC	Events	Triggered	CH#
211	0	1000	127	0
211	0	1000	50	1
211	0	1000	787	2
211	0	1000	30	3
211	0	1000	153	4
211	0	1000	94	5
211	0	1000	169	6
211	0	1000	124	7
211	0	1000	147	8
211	0	1000	316	9
211	0	1000	265	10
211	0	1000	119	11
211	0	1000	110	12
211	0	1000	43	13
211	0	1000	0	14
211	0	1000	73	15
211	0	1000	5	16
211	0	1000	26	17
211	0	1000	135	18
211	0	1000	10	19
211	0	1000	683	20
211	0	1000	128	21
211	0	1000	668	22
211	0	1000	518	23
211	0	1000	493	24
211	0	1000	707	25
211	0	1000	96	26
211	0	1000	578	27
211	0	1000	136	28
211	0	1000	21	29
211	0	1000	49	30
211	0	1000	198	31
# Event data block #13
# Threshold	DAC	Events	Triggered	CH#
212	0	1000	199	0
212	0	1000	70	1
212	0	1000	865	2
212	0	1000	47	3
212	0	1000	174	4
212	0	1000	106	5
212	0	1000	192	6
212	0	1000	126	7
212	0	1000	166	8
212	0	1000	401	9
212	0	1000	337	10
212	0	1000	124	11
212	0	1000	123	12
212	0	1000	51	13
212	0	1000	0	14
212	0	1000	90	15
212	0	1000	22	16
212	0	1000	43	17
212	0	1000	164	18
212	0	1000	17	19
212	0	1000	777	20
212	0	1000	133	21
212	0	1000	742	22
212	0	1000	571	23
212	0	1000	546	24
212	0	1000	764	25
212	0	1000	97	26
212	0	1000	721	27
212	0	1000	163	28
212	0	1000	40	29
212	0	1000	76	30
212	0	1000	465	31
# Event data block #14
# Threshold	DAC	Events	Triggered	CH#
213	0	1000	565	0
213	0	1000	85	1
213	0	1000	888	2
213	0	1000	54	3
213	0	1000	210	4
213	0	1000	110	5
213	0	1000	210	6
213	0	1000	133	7
213	0	1000	181	8
213	0	1000	498	9
213	0	1000	443	10
213	0	1000	133	11
213	0	1000	136	12
213	0	1000	66	13
213	0	1000	2	14
213	0	1000	106	15
213	0	1000	24	16
213	0	1000	56	17
213	0	1000	217	18
213	0	1000	20	19
213	0	1000	788	20
213	0	1000	154	21
213	0	1000	753	22
213	0	1000	614	23
213	0	1000	594	24
213	0	1000	772	25
213	0	1000	103	26
213	0	1000	766	27
213	0	1000	226	28
213	0	1000	52	29
213	0	1000	86	30
213	0	1000	781	31
# Event data block #15
# Threshold	DAC	Events	Triggered	CH#
214	0	1000	852	0
214	0	1000	125	1
214	0	1000	938	2
214	0	1000	47	3
214	0	1000	344	4
214	0	1000	123	5
214	0	1000	285	6
214	0	1000	139	7
214	0	1000	202	8
214	0	1000	625	9
214	0	1000	611	10
214	0	1000	166	11
214	0	1000	161	12
214	0	1000	52	13
214	0	1000	2	14
214	0	1000	132	15
214	0	1000	28	16
214	0	1000	49	17
214	0	1000	375	18
214	0	1000	28	19
214	0	1000	859	20
214	0	1000	168	21
214	0	1000	826	22
214	0	1000	707	23
214	0	1000	690	24
214	0	1000	846	25
214	0	1000	113	26
214	0	1000	857	27
214	0	1000	417	28
214	0	1000	49	29
214	0	1000	121	30
214	0	1000	894	31
# Event data block #16
# Threshold	DAC	Events	Triggered	CH#
215	0	1000	913	0
215	0	1000	259	1
215	0	1000	943	2
215	0	1000	49	3
215	0	1000	538	4
215	0	1000	119	5
215	0	1000	394	6
215	0	1000	134	7
215	0	1000	240	8
215	0	1000	724	9
215	0	1000	738	10
215	0	1000	194	11
215	0	1000	215	12
215	0	1000	55	13
215	0	1000	3	14
215	0	1000	232	15
215	0	1000	32	16
215	0	1000	56	17
215	0	1000	652	18
215	0	1000	21	19
215	0	1000	889	20
215	0	1000	225	21
215	0	1000	860	22
215	0	1000	780	23
215	0	1000	764	24
215	0	1000	865	25
215	0	1000	108	26
215	0	1000	887	27
215	0	1000	688	28
215	0	1000	59	29
215	0	1000	218	30
215	0	1000	931	31
# Event data block #17
# Threshold	DAC	Events	Triggered	CH#
216	0	1000	928	0
216	0	1000	623	1
216	0	1000	951	2
216	0	1000	50	3
216	0	1000	665	4
216	0	1000	124	5
216	0	1000	483	6
216	0	1000	132	7
216	0	1000	260	8
216	0	1000	753	9
216	0	1000	766	10
216	0	1000	235	11
216	0	1000	298	12
216	0	1000	54	13
216	0	1000	2	14
216	0	1000	468	15
216	0	1000	36	16
216	0	1000	61	17
216	0	1000	764	18
216	0	1000	25	19
216	0	1000	889	20
216	0	1000	254	21
216	0	1000	858	22
216	0	1000	768	23
216	0	1000	761	24
216	0	1000	870	25
216	0	1000	111	26
216	0	1000	891	27
216	0	1000	786	28
216	0	1000	65	29
216	0	1000	566	30
216	0	1000	941	31
# Event data block #18
# Threshold	DAC	Events	Triggered	CH#
217	0	1000	932	0
217	0	1000	822	1
217	0	1000	960	2
217	0	1000	86	3
217	0	1000	748	4
217	0	1000	225	5
217	0	1000	586	6
217	0	1000	209	7
217	0	1000	365	8
217	0	1000	772	9
217	0	1000	800	10
217	0	1000	392	11
217	0	1000	495	12
217	0	1000	92	13
217	0	1000	6	14
217	0	1000	740	15
217	0	1000	77	16
217	0	1000	104	17
217	0	1000	813	18
217	0	1000	43	19
217	0	1000	871	20
217	0	1000	386	21
217	0	1000	842	22
217	0	1000	780	23
217	0	1000	776	24
217	0	1000	852	25
217	0	1000	196	26
217	0	1000	877	27
217	0	1000	833	28
217	0	1000	125	29
217	0	1000	799	30
217	0	1000	951	31
# Event data block #19
# Threshold	DAC	Events	Triggered	CH#
218	0	1000	955	0
218	0	1000	866	1
218	0	1000	970	2
218	0	1000	96	3
218	0	1000	799	4
218	0	1000	291	5
218	0	1000	660	6
218	0	1000	234	7
218	0	1000	417	8
218	0	1000	794	9
218	0	1000	818	10
218	0	1000	522	11
218	0	1000	636	12
218	0	1000	104	13
218	0	1000	12	14
218	0	1000	832	15
218	0	1000	94	16
218	0	1000	136	17
218	0	1000	840	18
218	0	1000	36	19
218	0	1000	880	20
218	0	1000	493	21
218	0	1000	842	22
218	0	1000	790	23
218	0	1000	783	24
218	0	1000	852	25
218	0	1000	241	26
218	0	1000	888	27
218	0	1000	853	28
218	0	1000	201	29
218	0	1000	864	30
218	0	1000	967	31
# Event data block #20
# Threshold	DAC	Events	Triggered	CH#
219	0	1000	965	0
219	0	1000	911	1
219	0	1000	971	2
219	0	1000	127	3
219	0	1000	841	4
219	0	1000	450	5
219	0	1000	752	6
219	0	1000	317	7
219	0	1000	533	8
219	0	1000	822	9
219	0	1000	853	10
219	0	1000	677	11
219	0	1000	776	12
219	0	1000	129	13
219	0	1000	20	14
219	0	1000	875	15
219	0	1000	147	16
219	0	1000	265	17
219	0	1000	880	18
219	0	1000	62	19
219	0	1000	900	20
219	0	1000	635	21
219	0	1000	871	22
219	0	1000	812	23
219	0	1000	810	24
219	0	1000	877	25
219	0	1000	367	26
219	0	1000	904	27
219	0	1000	886	28
219	0	1000	479	29
219	0	1000	908	30
219	0	1000	976	31
# Event data block #21
# Threshold	DAC	Events	Triggered	CH#
220	0	1000	988	0
220	0	1000	950	1
220	0	1000	991	2
220	0	1000	189	3
220	0	1000	881	4
220	0	1000	621	5
220	0	1000	820	6
220	0	1000	407	7
220	0	1000	651	8
220	0	1000	861	9
220	0	1000	889	10
220	0	1000	802	11
220	0	1000	840	12
220	0	1000	191	13
220	0	1000	20	14
220	0	1000	925	15
220	0	1000	345	16
220	0	1000	564	17
220	0	1000	924	18
220	0	1000	58	19
220	0	1000	929	20
220	0	1000	748	21
220	0	1000	901	22
220	0	1000	839	23
220	0	1000	842	24
220	0	1000	907	25
220	0	1000	526	26
220	0	1000	935	27
220	0	1000	929	28
220	0	1000	800	29
220	0	1000	948	30
220	0	1000	993	31
# Event data block #22
# Threshold	DAC	Events	Triggered	CH#
221	0	1000	994	0
221	0	1000	971	1
221	0	1000	994	2
221	0	1000	264	3
221	0	1000	911	4
221	0	1000	731	5
221	0	1000	854	6
221	0	1000	452	7
221	0	1000	706	8
221	0	1000	891	9
221	0	1000	920	10
221	0	1000	847	11
221	0	1000	889	12
221	0	1000	272	13
221	0	1000	29	14
221	0	1000	960	15
221	0	1000	694	16
221	0	1000	788	17
221	0	1000	955	18
221	0	1000	61	19
221	0	1000	958	20
221	0	1000	804	21
221	0	1000	930	22
221	0	1000	879	23
221	0	1000	880	24
221	0	1000	942	25
221	0	1000	639	26
221	0	1000	961	27
221	0	1000	959	28
221	0	1000	886	29
221	0	1000	971	30
221	0	1000	995	31
# Event data block #23
# Threshold	DAC	Events	Triggered	CH#
222	0	1000	1000	0
222	0	1000	987	1
222	0	1000	1000	2
222	0	1000	472	3
222	0	1000	951	4
222	0	1000	844	5
222	0	1000	903	6
222	0	1000	554	7
222	0	1000	800	8
222	0	1000	934	9
222	0	1000	955	10
222	0	1000	912	11
222	0	1000	938	12
222	0	1000	463	13
222	0	1000	17	14
222	0	1000	974	15
222	0	1000	894	16
222	0	1000	908	17
222	0	1000	968	18
222	0	1000	33	19
222	0	1000	967	20
222	0	1000	883	21
222	0	1000	957	22
222	0	1000	919	23
222	0	1000	916	24
222	0	1000	961	25
222	0	1000	780	26
222	0	1000	973	27
222	0	1000	974	28
222	0	1000	952	29
222	0	1000	985	30
222	0	1000	1000	31
# Event data block #24
# Threshold	DAC	Events	Triggered	CH#
223	0	1000	1000	0
223	0	1000	988	1
223	0	1000	1000	2
223	0	1000	749	3
223	0	1000	933	4
223	0	1000	874	5
223	0	1000	902	6
223	0	1000	619	7
223	0	1000	834	8
223	0	1000	915	9
223	0	1000	932	10
223	0	1000	908	11
223	0	1000	925	12
223	0	1000	731	13
223	0	1000	31	14
223	0	1000	961	15
223	0	1000	921	16
223	0	1000	917	17
223	0	1000	956	18
223	0	1000	51	19
223	0	1000	954	20
223	0	1000	889	21
223	0	1000	934	22
223	0	1000	904	23
223	0	1000	902	24
223	0	1000	939	25
223	0	1000	843	26
223	0	1000	957	27
223	0	1000	959	28
223	0	1000	944	29
223	0	1000	988	30
223	0	1000	1000	31
# Event data block #25
# Threshold	DAC	Events	Triggered	CH#
224	0	1000	998	0
224	0	1000	993	1
224	0	1000	998	2
224	0	1000	855	3
224	0	1000	927	4
224	0	1000	875	5
224	0	1000	898	6
224	0	1000	660	7
224	0	1000	834	8
224	0	1000	909	9
224	0	1000	928	10
224	0	1000	910	11
224	0	1000	926	12
224	0	1000	836	13
224	0	1000	53	14
224	0	1000	970	15
224	0	1000	931	16
224	0	1000	928	17
224	0	1000	958	18
224	0	1000	74	19
224	0	1000	952	20
224	0	1000	886	21
224	0	1000	927	22
224	0	1000	894	23
224	0	1000	901	24
224	0	1000	929	25
224	0	1000	858	26
224	0	1000	959	27
224	0	1000	964	28
224	0	1000	951	29
224	0	1000	993	30
224	0	1000	1000	31
# Event data block #26
# Threshold	DAC	Events	Triggered	CH#
225	0	1000	999	0
225	0	1000	995	1
225	0	1000	998	2
225	0	1000	877	3
225	0	1000	934	4
225	0	1000	877	5
225	0	1000	904	6
225	0	1000	710	7
225	0	1000	837	8
225	0	1000	908	9
225	0	1000	932	10
225	0	1000	913	11
225	0	1000	930	12
225	0	1000	871	13
225	0	1000	61	14
225	0	1000	976	15
225	0	1000	945	16
225	0	1000	938	17
225	0	1000	957	18
225	0	1000	97	19
225	0	1000	946	20
225	0	1000	890	21
225	0	1000	930	22
225	0	1000	899	23
225	0	1000	900	24
225	0	1000	933	25
225	0	1000	862	26
225	0	1000	957	27
225	0	1000	966	28
225	0	1000	953	29
225	0	1000	995	30
225	0	1000	1000	31
# Event data block #27
# Threshold	DAC	Events	Triggered	CH#
226	0	1000	999	0
226	0	1000	996	1
226	0	1000	998	2
226	0	1000	905	3
226	0	1000	928	4
226	0	1000	877	5
226	0	1000	896	6
226	0	1000	762	7
226	0	1000	854	8
226	0	1000	906	9
226	0	1000	929	10
226	0	1000	922	11
226	0	1000	936	12
226	0	1000	895	13
226	0	1000	85	14
226	0	1000	984	15
226	0	1000	954	16
226	0	1000	946	17
226	0	1000	965	18
226	0	1000	131	19
226	0	1000	951	20
226	0	1000	891	21
226	0	1000	931	22
226	0	1000	882	23
226	0	1000	889	24
226	0	1000	938	25
226	0	1000	882	26
226	0	1000	962	27
226	0	1000	974	28
226	0	1000	966	29
226	0	1000	997	30
226	0	1000	1000	31
# Event data block #28
# Threshold	DAC	Events	Triggered	CH#
227	0	1000	999	0
227	0	1000	995	1
227	0	1000	999	2
227	0	1000	897	3
227	0	1000	931	4
227	0	1000	878	5
227	0	1000	891	6
227	0	1000	787	7
227	0	1000	847	8
227	0	1000	903	9
227	0	1000	921	10
227	0	1000	909	11
227	0	1000	923	12
227	0	1000	891	13
227	0	1000	89	14
227	0	1000	982	15
227	0	1000	955	16
227	0	1000	939	17
227	0	1000	965	18
227	0	1000	193	19
227	0	1000	947	20
227	0	1000	885	21
227	0	1000	918	22
227	0	1000	886	23
227	0	1000	883	24
227	0	1000	921	25
227	0	1000	873	26
227	0	1000	958	27
227	0	1000	967	28
227	0	1000	967	29
227	0	1000	994	30
227	0	1000	1000	31
# Event data block #29
# Threshold	DAC	Events	Triggered	CH#
228	0	1000	1000	0
228	0	1000	998	1
228	0	1000	1000	2
228	0	1000	910	3
228	0	1000	931	4
228	0	1000	883	5
228	0	1000	891	6
228	0	1000	802	7
228	0	1000	854	8
228	0	1000	898	9
228	0	1000	917	10
228	0	1000	911	11
228	0	1000	925	12
228	0	1000	901	13
228	0	1000	118	14
228	0	1000	994	15
228	0	1000	967	16
228	0	1000	949	17
228	0	1000	970	18
228	0	1000	319	19
228	0	1000	948	20
228	0	1000	887	21
228	0	1000	916	22
228	0	1000	883	23
228	0	1000	883	24
228	0	1000	921	25
228	0	1000	879	26
228	0	1000	961	27
228	0	1000	977	28
228	0	1000	974	29
228	0	1000	999	30
228	0	1000	1000	31
# Event data block #30
# Threshold	DAC	Events	Triggered	CH#
229	0	1000	1000	0
229	0	1000	999	1
229	0	1000	999	2
229	0	1000	917	3
229	0	1000	936	4
229	0	1000	880	5
229	0	1000	890	6
229	0	1000	800	7
229	0	1000	831	8
229	0	1000	896	9
229	0	1000	923	10
229	0	1000	916	11
229	0	1000	932	12
229	0	1000	910	13
229	0	1000	266	14
229	0	1000	995	15
229	0	1000	980	16
229	0	1000	963	17
229	0	1000	984	18
229	0	1000	500	19
229	0	1000	959	20
229	0	1000	887	21
229	0	1000	918	22
229	0	1000	871	23
229	0	1000	873	24
229	0	1000	931	25
229	0	1000	879	26
229	0	1000	973	27
229	0	1000	991	28
229	0	1000	990	29
229	0	1000	999	30
229	0	1000	1000	31
# Event data block #31
# Threshold	DAC	Events	Triggered	CH#
230	0	1000	1000	0
230	0	1000	1000	1
230	0	1000	1000	2
230	0	1000	923	3
230	0	1000	996	4
230	0	1000	885	5
230	0	1000	894	6
230	0	1000	794	7
230	0	1000	834	8
230	0	1000	898	9
230	0	1000	923	10
230	0	1000	912	11
230	0	1000	933	12
230	0	1000	908	13
230	0	1000	595	14
230	0	1000	995	15
230	0	1000	983	16
230	0	1000	973	17
230	0	1000	984	18
230	0	1000	672	19
230	0	1000	966	20
230	0	1000	893	21
230	0	1000	920	22
230	0	1000	874	23
230	0	1000	875	24
230	0	1000	922	25
230	0	1000	879	26
230	0	1000	974	27
230	0	1000	985	28
230	0	1000	985	29
230	0	1000	1000	30
230	0	1000	1000	31
# Event data block #32
# Threshold	DAC	Events	Triggered	CH#
231	0	1000	1000	0
231	0	1000	1000	1
231	0	1000	1000	2
231	0	1000	911	3
231	0	1000	1000	4
231	0	1000	874	5
231	0	1000	881	6
231	0	1000	803	7
231	0	1000	832	8
231	0	1000	885	9
231	0	1000	911	10
231	0	1000	901	11
231	0	1000	925	12
231	0	1000	901	13
231	0	1000	771	14
231	0	1000	998	15
231	0	1000	990	16
231	0	1000	980	17
231	0	1000	988	18
231	0	1000	741	19
231	0	1000	961	20
231	0	1000	881	21
231	0	1000	901	22
231	0	1000	862	23
231	0	1000	864	24
231	0	1000	913	25
231	0	1000	876	26
231	0	1000	977	27
231	0	1000	989	28
231	0	1000	993	29
231	0	1000	1000	30
231	0	1000	1000	31
# Event data block #33
# Threshold	DAC	Events	Triggered	CH#
232	0	1000	1000	0
232	0	1000	1000	1
232	0	1000	1000	2
232	0	1000	932	3
232	0	1000	1000	4
232	0	1000	886	5
232	0	1000	890	6
232	0	1000	802	7
232	0	1000	837	8
232	0	1000	900	9
232	0	1000	921	10
232	0	1000	913	11
232	0	1000	937	12
232	0	1000	922	13
232	0	1000	830	14
232	0	1000	995	15
232	0	1000	994	16
232	0	1000	990	17
232	0	1000	992	18
232	0	1000	794	19
232	0	1000	971	20
232	0	1000	896	21
232	0	1000	913	22
232	0	1000	877	23
232	0	1000	883	24
232	0	1000	919	25
232	0	1000	896	26
232	0	1000	987	27
232	0	1000	992	28
232	0	1000	994	29
232	0	1000	1000	30
232	0	1000	1000	31
# Event data block #34
# Threshold	DAC	Events	Triggered	CH#
233	0	1000	1000	0
233	0	1000	1000	1
233	0	1000	1000	2
233	0	1000	953	3
233	0	1000	1000	4
233	0	1000	907	5
233	0	1000	908	6
233	0	1000	841	7
233	0	1000	872	8
233	0	1000	914	9
233	0	1000	937	10
233	0	1000	932	11
233	0	1000	956	12
233	0	1000	940	13
233	0	1000	880	14
233	0	1000	998	15
233	0	1000	997	16
233	0	1000	995	17
233	0	1000	995	18
233	0	1000	820	19
233	0	1000	983	20
233	0	1000	916	21
233	0	1000	927	22
233	0	1000	893	23
233	0	1000	896	24
233	0	1000	940	25
233	0	1000	909	26
233	0	1000	992	27
233	0	1000	997	28
233	0	1000	998	29
233	0	1000	1000	30
233	0	1000	1000	31
# Event data block #35
# Threshold	DAC	Events	Triggered	CH#
234	0	1000	1000	0
234	0	1000	1000	1
234	0	1000	1000	2
234	0	1000	957	3
234	0	1000	1000	4
234	0	1000	908	5
234	0	1000	905	6
234	0	1000	831	7
234	0	1000	860	8
234	0	1000	923	9
234	0	1000	942	10
234	0	1000	938	11
234	0	1000	956	12
234	0	1000	947	13
234	0	1000	893	14
234	0	1000	1000	15
234	0	1000	997	16
234	0	1000	997	17
234	0	1000	997	18
234	0	1000	836	19
234	0	1000	983	20
234	0	1000	918	21
234	0	1000	933	22
234	0	1000	897	23
234	0	1000	895	24
234	0	1000	943	25
234	0	1000	910	26
234	0	1000	990	27
234	0	1000	997	28
234	0	1000	997	29
234	0	1000	1000	30
234	0	1000	1000	31
# Event data block #36
# Threshold	DAC	Events	Triggered	CH#
235	0	1000	1000	0
235	0	1000	1000	1
235	0	1000	1000	2
235	0	1000	970	3
235	0	1000	1000	4
235	0	1000	919	5
235	0	1000	912	6
235	0	1000	826	7
235	0	1000	853	8
235	0	1000	959	9
235	0	1000	949	10
235	0	1000	934	11
235	0	1000	969	12
235	0	1000	953	13
235	0	1000	909	14
235	0	1000	1000	15
235	0	1000	1000	16
235	0	1000	999	17
235	0	1000	1000	18
235	0	1000	844	19
235	0	1000	1000	20
235	0	1000	926	21
235	0	1000	933	22
235	0	1000	899	23
235	0	1000	893	24
235	0	1000	945	25
235	0	1000	914	26
235	0	1000	996	27
235	0	1000	1000	28
235	0	1000	1000	29
235	0	1000	1000	30
235	0	1000	1000	31
# Event data block #37
# Threshold	DAC	Events	Triggered	CH#
236	0	1000	1000	0
236	0	1000	1000	1
236	0	1000	1000	2
236	0	1000	977	3
236	0	1000	1000	4
236	0	1000	992	5
236	0	1000	933	6
236	0	1000	849	7
236	0	1000	874	8
236	0	1000	1000	9
236	0	1000	959	10
236	0	1000	952	11
236	0	1000	974	12
236	0	1000	969	13
236	0	1000	935	14
236	0	1000	1000	15
236	0	1000	1000	16
236	0	1000	999	17
236	0	1000	999	18
236	0	1000	896	19
236	0	1000	1000	20
236	0	1000	1000	21
236	0	1000	947	22
236	0	1000	991	23
236	0	1000	918	24
236	0	1000	959	25
236	0	1000	933	26
236	0	1000	993	27
236	0	1000	997	28
236	0	1000	1000	29
236	0	1000	1000	30
236	0	1000	1000	31
# Event data block #38
# Threshold	DAC	Events	Triggered	CH#
237	0	1000	1000	0
237	0	1000	1000	1
237	0	1000	1000	2
237	0	1000	983	3
237	0	1000	1000	4
237	0	1000	1000	5
237	0	1000	941	6
237	0	1000	843	7
237	0	1000	876	8
237	0	1000	1000	9
237	0	1000	967	10
237	0	1000	954	11
237	0	1000	979	12
237	0	1000	976	13
237	0	1000	943	14
237	0	1000	1000	15
237	0	1000	1000	16
237	0	1000	1000	17
237	0	1000	1000	18
237	0	1000	999	19
237	0	1000	1000	20
237	0	1000	1000	21
237	0	1000	942	22
237	0	1000	1000	23
237	0	1000	920	24
237	0	1000	961	25
237	0	1000	934	26
237	0	1000	993	27
237	0	1000	997	28
237	0	1000	1000	29
237	0	1000	1000	30
237	0	1000	1000	31
# Event data block #39
# Threshold	DAC	Events	Triggered	CH#
238	0	1000	1000	0
238	0	1000	1000	1
238	0	1000	1000	2
238	0	1000	989	3
238	0	1000	1000	4
238	0	1000	1000	5
238	0	1000	983	6
238	0	1000	875	7
238	0	1000	898	8
238	0	1000	1000	9
238	0	1000	988	10
238	0	1000	967	11
238	0	1000	984	12
238	0	1000	982	13
238	0	1000	961	14
238	0	1000	1000	15
238	0	1000	1000	16
238	0	1000	1000	17
238	0	1000	1000	18
238	0	1000	1000	19
238	0	1000	1000	20
238	0	1000	1000	21
238	0	1000	959	22
238	0	1000	1000	23
238	0	1000	992	24
238	0	1000	973	25
238	0	1000	959	26
238	0	1000	997	27
238	0	1000	1000	28
238	0	1000	1000	29
238	0	1000	1000	30
238	0	1000	1000	31
# Event data block #40
# Threshold	DAC	Events	Triggered	CH#
239	0	1000	1000	0
239	0	1000	1000	1
239	0	1000	1000	2
239	0	1000	992	3
239	0	1000	1000	4
239	0	1000	1000	5
239	0	1000	1000	6
239	0	1000	873	7
239	0	1000	896	8
239	0	1000	1000	9
239	0	1000	1000	10
239	0	1000	967	11
239	0	1000	987	12
239	0	1000	985	13
239	0	1000	968	14
239	0	1000	1000	15
239	0	1000	1000	16
239	0	1000	1000	17
239	0	1000	1000	18
239	0	1000	1000	19
239	0	1000	1000	20
239	0	1000	1000	21
239	0	1000	970	22
239	0	1000	1000	23
239	0	1000	1000	24
239	0	1000	981	25
239	0	1000	969	26
239	0	1000	1000	27
239	0	1000	999	28
239	0	1000	1000	29
239	0	1000	1000	30
239	0	1000	1000	31
# Event data block #41
# Threshold	DAC	Events	Triggered	CH#
240	0	1000	1000	0
240	0	1000	1000	1
240	0	1000	1000	2
240	0	1000	998	3
240	0	1000	1000	4
240	0	1000	1000	5
240	0	1000	1000	6
240	0	1000	891	7
240	0	1000	917	8
240	0	1000	1000	9
240	0	1000	1000	10
240	0	1000	988	11
240	0	1000	998	12
240	0	1000	997	13
240	0	1000	991	14
240	0	1000	1000	15
240	0	1000	1000	16
240	0	1000	1000	17
240	0	1000	1000	18
240	0	1000	1000	19
240	0	1000	1000	20
240	0	1000	1000	21
240	0	1000	1000	22
240	0	1000	1000	23
240	0	1000	1000	24
240	0	1000	1000	25
240	0	1000	1000	26
240	0	1000	1000	27
240	0	1000	1000	28
240	0	1000	1000	29
240	0	1000	1000	30
240	0	1000	1000	31
# Event data block #42
# Threshold	DAC	Events	Triggered	CH#
241	0	1000	1000	0
241	0	1000	1000	1
241	0	1000	1000	2
241	0	1000	1000	3
241	0	1000	1000	4
241	0	1000	1000	5
241	0	1000	1000	6
241	0	1000	889	7
241	0	1000	915	8
241	0	1000	1000	9
241	0	1000	1000	10
241	0	1000	978	11
241	0	1000	991	12
241	0	1000	992	13
241	0	1000	984	14
241	0	1000	1000	15
241	0	1000	1000	16
241	0	1000	1000	17
241	0	1000	1000	18
241	0	1000	1000	19
241	0	1000	1000	20
241	0	1000	1000	21
241	0	1000	1000	22
241	0	1000	1000	23
241	0	1000	1000	24
241	0	1000	1000	25
241	0	1000	1000	26
241	0	1000	1000	27
241	0	1000	1000	28
241	0	1000	1000	29
241	0	1000	1000	30
241	0	1000	1000	31
# Event data block #43
# Threshold	DAC	Events	Triggered	CH#
242	0	1000	1000	0
242	0	1000	1000	1
242	0	1000	1000	2
242	0	1000	1000	3
242	0	1000	1000	4
242	0	1000	1000	5
242	0	1000	1000	6
242	0	1000	917	7
242	0	1000	943	8
242	0	1000	1000	9
242	0	1000	1000	10
242	0	1000	994	11
242	0	1000	999	12
242	0	1000	999	13
242	0	1000	998	14
242	0	1000	1000	15
242	0	1000	1000	16
242	0	1000	1000	17
242	0	1000	1000	18
242	0	1000	1000	19
242	0	1000	1000	20
242	0	1000	1000	21
242	0	1000	1000	22
242	0	1000	1000	23
242	0	1000	1000	24
242	0	1000	1000	25
242	0	1000	1000	26
242	0	1000	1000	27
242	0	1000	1000	28
242	0	1000	1000	29
242	0	1000	1000	30
242	0	1000	1000	31
# Event data block #44
# Threshold	DAC	Events	Triggered	CH#
243	0	1000	1000	0
243	0	1000	1000	1
243	0	1000	1000	2
243	0	1000	1000	3
243	0	1000	1000	4
243	0	1000	1000	5
243	0	1000	1000	6
243	0	1000	898	7
243	0	1000	991	8
243	0	1000	1000	9
243	0	1000	1000	10
243	0	1000	992	11
243	0	1000	1000	12
243	0	1000	996	13
243	0	1000	994	14
243	0	1000	1000	15
243	0	1000	1000	16
243	0	1000	1000	17
243	0	1000	1000	18
243	0	1000	1000	19
243	0	1000	1000	20
243	0	1000	1000	21
243	0	1000	1000	22
243	0	1000	1000	23
243	0	1000	1000	24
243	0	1000	1000	25
243	0	1000	1000	26
243	0	1000	1000	27
243	0	1000	1000	28
243	0	1000	1000	29
243	0	1000	1000	30
243	0	1000	1000	31
# Event data block #45
# Threshold	DAC	Events	Triggered	CH#
244	0	1000	1000	0
244	0	1000	1000	1
244	0	1000	1000	2
244	0	1000	1000	3
244	0	1000	1000	4
244	0	1000	1000	5
244	0	1000	1000	6
244	0	1000	904	7
244	0	1000	1000	8
244	0	1000	1000	9
244	0	1000	1000	10
244	0	1000	991	11
244	0	1000	1000	12
244	0	1000	999	13
244	0	1000	997	14
244	0	1000	1000	15
244	0	1000	1000	16
244	0	1000	1000	17
244	0	1000	1000	18
244	0	1000	1000	19
244	0	1000	1000	20
244	0	1000	1000	21
244	0	1000	1000	22
244	0	1000	1000	23
244	0	1000	1000	24
244	0	1000	1000	25
244	0	1000	1000	26
244	0	1000	1000	27
244	0	1000	1000	28
244	0	1000	1000	29
244	0	1000	1000	30
244	0	1000	1000	31
# Event data block #46
# Threshold	DAC	Events	Triggered	CH#
245	0	1000	1000	0
245	0	1000	1000	1
245	0	1000	1000	2
245	0	1000	1000	3
245	0	1000	1000	4
245	0	1000	1000	5
245	0	1000	1000	6
245	0	1000	907	7
245	0	1000	1000	8
245	0	1000	1000	9
245	0	1000	1000	10
245	0	1000	1000	11
245	0	1000	1000	12
245	0	1000	1000	13
245	0	1000	1000	14
245	0	1000	1000	15
245	0	1000	1000	16
245	0	1000	1000	17
245	0	1000	1000	18
245	0	1000	1000	19
245	0	1000	1000	20
245	0	1000	1000	21
245	0	1000	1000	22
245	0	1000	1000	23
245	0	1000	1000	24
245	0	1000	1000	25
245	0	1000	1000	26
245	0	1000	1000	27
245	0	1000	1000	28
245	0	1000	1000	29
245	0	1000	1000	30
245	0	1000	1000	31
# Event data block #47
# Threshold	DAC	Events	Triggered	CH#
246	0	1000	1000	0
246	0	1000	1000	1
246	0	1000	1000	2
246	0	1000	1000	3
246	0	1000	1000	4
246	0	1000	1000	5
246	0	1000	1000	6
246	0	1000	931	7
246	0	1000	1000	8
246	0	1000	1000	9
246	0	1000	1000	10
246	0	1000	1000	11
246	0	1000	1000	12
246	0	1000	1000	13
246	0	1000	1000	14
246	0	1000	1000	15
246	0	1000	1000	16
246	0	1000	1000	17
246	0	1000	1000	18
246	0	1000	1000	19
246	0	1000	1000	20
246	0	1000	1000	21
246	0	1000	1000	22
246	0	1000	1000	23
246	0	1000	1000	24
246	0	1000	1000	25
246	0	1000	1000	26
246	0	1000	1000	27
246	0	1000	1000	28
246	0	1000	1000	29
246	0	1000	1000	30
246	0	1000	1000	31
# Event data block #48
# Threshold	DAC	Events	Triggered	CH#
247	0	1000	1000	0
247	0	1000	1000	1
247	0	1000	1000	2
247	0	1000	1000	3
247	0	1000	1000	4
247	0	1000	1000	5
247	0	1000	1000	6
247	0	1000	1000	7
247	0	1000	1000	8
247	0	1000	1000	9
247	0	1000	1000	10
247	0	1000	1000	11
247	0	1000	1000	12
247	0	1000	1000	13
247	0	1000	1000	14
247	0	1000	1000	15
247	0	1000	1000	16
247	0	1000	1000	17
247	0	1000	1000	18
247	0	1000	1000	19
247	0	1000	1000	20
247	0	1000	1000	21
247	0	1000	1000	22
247	0	1000	1000	23
247	0	1000	1000	24
247	0	1000	1000	25
247	0	1000	1000	26
247	0	1000	1000	27
247	0	1000	1000	28
247	0	1000	1000	29
247	0	1000	1000	30
247	0	1000	1000	31
# Event data block #49
# Threshold	DAC	Events	Triggered	CH#
248	0	1000	1000	0
248	0	1000	1000	1
248	0	1000	1000	2
248	0	1000	1000	3
248	0	1000	1000	4
248	0	1000	1000	5
248	0	1000	1000	6
248	0	1000	1000	7
248	0	1000	1000	8
248	0	1000	1000	9
248	0	1000	1000	10
248	0	1000	1000	11
248	0	1000	1000	12
248	0	1000	1000	13
248	0	1000	1000	14
248	0	1000	1000	15
248	0	1000	1000	16
248	0	1000	1000	17
248	0	1000	1000	18
248	0	1000	1000	19
248	0	1000	1000	20
248	0	1000	1000	21
248	0	1000	1000	22
248	0	1000	1000	23
248	0	1000	1000	24
248	0	1000	1000	25
248	0	1000	1000	26
248	0	1000	1000	27
248	0	1000	1000	28
248	0	1000	1000	29
248	0	1000	1000	30
248	0	1000	1000	31
# Event data block #50
# Threshold	DAC	Events	Triggered	CH#
249	0	1000	1000	0
249	0	1000	1000	1
249	0	1000	1000	2
249	0	1000	1000	3
249	0	1000	1000	4
249	0	1000	1000	5
249	0	1000	1000	6
249	0	1000	1000	7
249	0	1000	1000	8
249	0	1000	1000	9
249	0	1000	1000	10
249	0	1000	1000	11
249	0	1000	1000	12
249	0	1000	1000	13
249	0	1000	1000	14
249	0	1000	1000	15
249	0	1000	1000	16
249	0	1000	1000	17
249	0	1000	1000	18
249	0	1000	1000	19
249	0	1000	1000	20
249	0	1000	1000	21
249	0	1000	1000	22
249	0	1000	1000	23
249	0	1000	1000	24
249	0	1000	1000	25
249	0	1000	1000	26
249	0	1000	1000	27
249	0	1000	1000	28
249	0	1000	1000	29
249	0	1000	1000	30
249	0	1000	1000	31
# Event data block #51
# Threshold	DAC	Events	Triggered	CH#
250	0	1000	1000	0
250	0	1000	1000	1
250	0	1000	1000	2
250	0	1000	1000	3
250	0	1000	1000	4
250	0	1000	1000	5
250	0	1000	1000	6
250	0	1000	1000	7
250	0	1000	1000	8
250	0	1000	1000	9
250	0	1000	1000	10
250	0	1000	1000	11
250	0	1000	1000	12
250	0	1000	1000	13
250	0	1000	1000	14
250	0	1000	1000	15
250	0	1000	1000	16
250	0	1000	1000	17
250	0	1000	1000	18
250	0	1000	1000	19
250	0	1000	1000	20
250	0	1000	1000	21
250	0	1000	1000	22
250	0	1000	1000	23
250	0	1000	1000	24
250	0	1000	1000	25
250	0	1000	1000	26
250	0	1000	1000	27
250	0	1000	1000	28
250	0	1000	1000	29
250	0	1000	1000	30
250	0	1000	1000	31
# Event data block #52
# Threshold	DAC	Events	Triggered	CH#
251	0	1000	1000	0
251	0	1000	1000	1
251	0	1000	1000	2
251	0	1000	1000	3
251	0	1000	1000	4
251	0	1000	1000	5
251	0	1000	1000	6
251	0	1000	1000	7
251	0	1000	1000	8
251	0	1000	1000	9
251	0	1000	1000	10
251	0	1000	1000	11
251	0	1000	1000	12
251	0	1000	1000	13
251	0	1000	1000	14
251	0	1000	1000	15
251	0	1000	1000	16
251	0	1000	1000	17
251	0	1000	1000	18
251	0	1000	1000	19
251	0	1000	1000	20
251	0	1000	1000	21
251	0	1000	1000	22
251	0	1000	1000	23
251	0	1000	1000	24
251	0	1000	1000	25
251	0	1000	1000	26
251	0	1000	1000	27
251	0	1000	1000	28
251	0	1000	1000	29
251	0	1000	1000	30
251	0	1000	1000	31
# Event data block #53
# Threshold	DAC	Events	Triggered	CH#
252	0	1000	1000	0
252	0	1000	1000	1
252	0	1000	1000	2
252	0	1000	1000	3
252	0	1000	1000	4
252	0	1000	1000	5
252	0	1000	1000	6
252	0	1000	1000	7
252	0	1000	1000	8
252	0	1000	1000	9
252	0	1000	1000	10
252	0	1000	1000	11
252	0	1000	1000	12
252	0	1000	1000	13
252	0	1000	1000	14
252	0	1000	1000	15
252	0	1000	1000	16
252	0	1000	1000	17
252	0	1000	1000	18
252	0	1000	1000	19
252	0	1000	1000	20
252	0	1000	1000	21
252	0	1000	1000	22
252	0	1000	1000	23
252	0	1000	1000	24
252	0	1000	1000	25
252	0	1000	1000	26
252	0	1000	1000	27
252	0	1000	1000	28
252	0	1000	1000	29
252	0	1000	1000	30
252	0	1000	1000	31
# Event data block #54
# Threshold	DAC	Events	Triggered	CH#
253	0	1000	1000	0
253	0	1000	1000	1
253	0	1000	1000	2
253	0	1000	1000	3
253	0	1000	1000	4
253	0	1000	1000	5
253	0	1000	1000	6
253	0	1000	1000	7
253	0	1000	1000	8
253	0	1000	1000	9
253	0	1000	1000	10
253	0	1000	1000	11
253	0	1000	1000	12
253	0	1000	1000	13
253	0	1000	1000	14
253	0	1000	1000	15
253	0	1000	1000	16
253	0	1000	1000	17
253	0	1000	1000	18
253	0	1000	1000	19
253	0	1000	1000	20
253	0	1000	1000	21
253	0	1000	1000	22
253	0	1000	1000	23
253	0	1000	1000	24
253	0	1000	1000	25
253	0	1000	1000	26
253	0	1000	1000	27
253	0	1000	1000	28
253	0	1000	1000	29
253	0	1000	1000	30
253	0	1000	1000	31
# Event data block #55
# Threshold	DAC	Events	Triggered	CH#
254	0	1000	1000	0
254	0	1000	1000	1
254	0	1000	1000	2
254	0	1000	1000	3
254	0	1000	1000	4
254	0	1000	1000	5
254	0	1000	1000	6
254	0	1000	1000	7
254	0	1000	1000	8
254	0	1000	1000	9
254	0	1000	1000	10
254	0	1000	1000	11
254	0	1000	1000	12
254	0	1000	1000	13
254	0	1000	1000	14
254	0	1000	1000	15
254	0	1000	1000	16
254	0	1000	1000	17
254	0	1000	1000	18
254	0	1000	1000	19
254	0	1000	1000	20
254	0	1000	1000	21
254	0	1000	1000	22
254	0	1000	1000	23
254	0	1000	1000	24
254	0	1000	1000	25
254	0	1000	1000	26
254	0	1000	1000	27
254	0	1000	1000	28
254	0	1000	1000	29
254	0	1000	1000	30
254	0	1000	1000	31
# Event data block #56
# Threshold	DAC	Events	Triggered	CH#
255	0	1000	1000	0
255	0	1000	1000	1
255	0	1000	1000	2
255	0	1000	1000	3
255	0	1000	1000	4
255	0	1000	1000	5
255	0	1000	1000	6
255	0	1000	1000	7
255	0	1000	1000	8
255	0	1000	1000	9
255	0	1000	1000	10
255	0	1000	1000	11
255	0	1000	1000	12
255	0	1000	1000	13
255	0	1000	1000	14
255	0	1000	1000	15
255	0	1000	1000	16
255	0	1000	1000	17
255	0	1000	1000	18
255	0	1000	1000	19
255	0	1000	1000	20
255	0	1000	1000	21
255	0	1000	1000	22
255	0	1000	1000	23
255	0	1000	1000	24
255	0	1000	1000	25
255	0	1000	1000	26
255	0	1000	1000	27
255	0	1000	1000	28
255	0	1000	1000	29
255	0	1000	1000	30
255	0	1000	1000	31
