# ASIC configuration for the measurements:
# ------------------------------------------------------------------------------
# Mode = 000 
# Bias = 0101 
# CSArefs = 1011 
# Shaper = 101 
# Leakage mask = 00000000000000000000000000000000 
# Discr. enable mask = 11111111111111111111111111111111 
# Calibration mask = 00000000000000000000000000000000 
# Threshold = 255 
# FineTHR[0] = 000 
# FineTHR[1] = 000 
# FineTHR[2] = 000 
# FineTHR[3] = 000 
# FineTHR[4] = 000 
# FineTHR[5] = 000 
# FineTHR[6] = 000 
# FineTHR[7] = 000 
# FineTHR[8] = 000 
# FineTHR[9] = 000 
# FineTHR[10] = 000 
# FineTHR[11] = 000 
# FineTHR[12] = 000 
# FineTHR[13] = 000 
# FineTHR[14] = 000 
# FineTHR[15] = 000 
# FineTHR[16] = 000 
# FineTHR[17] = 000 
# FineTHR[18] = 000 
# FineTHR[19] = 000 
# FineTHR[20] = 000 
# FineTHR[21] = 000 
# FineTHR[22] = 000 
# FineTHR[23] = 000 
# FineTHR[24] = 000 
# FineTHR[25] = 000 
# FineTHR[26] = 000 
# FineTHR[27] = 000 
# FineTHR[28] = 000 
# FineTHR[29] = 000 
# FineTHR[30] = 000 
# FineTHR[31] = 000 
# ------------------------------------------------------------------------------
# Event data block #1
# Threshold	DAC	Events	Triggered	CH#
200	0	1000	1	0
200	0	1000	0	1
200	0	1000	2	2
200	0	1000	1	3
200	0	1000	18	4
200	0	1000	18	5
200	0	1000	47	6
200	0	1000	52	7
200	0	1000	55	8
200	0	1000	64	9
200	0	1000	47	10
200	0	1000	22	11
200	0	1000	11	12
200	0	1000	2	13
200	0	1000	0	14
200	0	1000	1	15
200	0	1000	0	16
200	0	1000	1	17
200	0	1000	4	18
200	0	1000	1	19
200	0	1000	61	20
200	0	1000	31	21
200	0	1000	104	22
200	0	1000	110	23
200	0	1000	107	24
200	0	1000	103	25
200	0	1000	18	26
200	0	1000	43	27
200	0	1000	4	28
200	0	1000	0	29
200	0	1000	0	30
200	0	1000	1	31
# Event data block #2
# Threshold	DAC	Events	Triggered	CH#
201	0	1000	0	0
201	0	1000	0	1
201	0	1000	2	2
201	0	1000	0	3
201	0	1000	18	4
201	0	1000	20	5
201	0	1000	45	6
201	0	1000	51	7
201	0	1000	56	8
201	0	1000	62	9
201	0	1000	49	10
201	0	1000	24	11
201	0	1000	14	12
201	0	1000	0	13
201	0	1000	0	14
201	0	1000	0	15
201	0	1000	0	16
201	0	1000	0	17
201	0	1000	4	18
201	0	1000	0	19
201	0	1000	66	20
201	0	1000	30	21
201	0	1000	116	22
201	0	1000	110	23
201	0	1000	109	24
201	0	1000	113	25
201	0	1000	18	26
201	0	1000	43	27
201	0	1000	4	28
201	0	1000	0	29
201	0	1000	0	30
201	0	1000	0	31
# Event data block #3
# Threshold	DAC	Events	Triggered	CH#
202	0	1000	0	0
202	0	1000	0	1
202	0	1000	5	2
202	0	1000	1	3
202	0	1000	34	4
202	0	1000	29	5
202	0	1000	71	6
202	0	1000	70	7
202	0	1000	75	8
202	0	1000	87	9
202	0	1000	75	10
202	0	1000	33	11
202	0	1000	19	12
202	0	1000	2	13
202	0	1000	0	14
202	0	1000	0	15
202	0	1000	0	16
202	0	1000	0	17
202	0	1000	7	18
202	0	1000	1	19
202	0	1000	90	20
202	0	1000	43	21
202	0	1000	127	22
202	0	1000	128	23
202	0	1000	126	24
202	0	1000	127	25
202	0	1000	30	26
202	0	1000	71	27
202	0	1000	9	28
202	0	1000	0	29
202	0	1000	0	30
202	0	1000	0	31
# Event data block #4
# Threshold	DAC	Events	Triggered	CH#
203	0	1000	0	0
203	0	1000	0	1
203	0	1000	11	2
203	0	1000	4	3
203	0	1000	32	4
203	0	1000	32	5
203	0	1000	63	6
203	0	1000	64	7
203	0	1000	70	8
203	0	1000	81	9
203	0	1000	68	10
203	0	1000	37	11
203	0	1000	30	12
203	0	1000	6	13
203	0	1000	0	14
203	0	1000	1	15
203	0	1000	0	16
203	0	1000	1	17
203	0	1000	14	18
203	0	1000	1	19
203	0	1000	82	20
203	0	1000	44	21
203	0	1000	128	22
203	0	1000	129	23
203	0	1000	130	24
203	0	1000	127	25
203	0	1000	32	26
203	0	1000	67	27
203	0	1000	14	28
203	0	1000	0	29
203	0	1000	0	30
203	0	1000	1	31
# Event data block #5
# Threshold	DAC	Events	Triggered	CH#
204	0	1000	0	0
204	0	1000	0	1
204	0	1000	20	2
204	0	1000	4	3
204	0	1000	57	4
204	0	1000	50	5
204	0	1000	76	6
204	0	1000	75	7
204	0	1000	85	8
204	0	1000	90	9
204	0	1000	80	10
204	0	1000	54	11
204	0	1000	44	12
204	0	1000	5	13
204	0	1000	0	14
204	0	1000	1	15
204	0	1000	0	16
204	0	1000	0	17
204	0	1000	25	18
204	0	1000	0	19
204	0	1000	97	20
204	0	1000	60	21
204	0	1000	137	22
204	0	1000	135	23
204	0	1000	135	24
204	0	1000	138	25
204	0	1000	51	26
204	0	1000	84	27
204	0	1000	21	28
204	0	1000	0	29
204	0	1000	0	30
204	0	1000	1	31
# Event data block #6
# Threshold	DAC	Events	Triggered	CH#
205	0	1000	5	0
205	0	1000	1	1
205	0	1000	28	2
205	0	1000	7	3
205	0	1000	53	4
205	0	1000	46	5
205	0	1000	83	6
205	0	1000	86	7
205	0	1000	96	8
205	0	1000	104	9
205	0	1000	88	10
205	0	1000	52	11
205	0	1000	40	12
205	0	1000	8	13
205	0	1000	0	14
205	0	1000	5	15
205	0	1000	1	16
205	0	1000	4	17
205	0	1000	30	18
205	0	1000	3	19
205	0	1000	110	20
205	0	1000	60	21
205	0	1000	155	22
205	0	1000	157	23
205	0	1000	157	24
205	0	1000	157	25
205	0	1000	44	26
205	0	1000	90	27
205	0	1000	26	28
205	0	1000	3	29
205	0	1000	2	30
205	0	1000	5	31
# Event data block #7
# Threshold	DAC	Events	Triggered	CH#
206	0	1000	1	0
206	0	1000	0	1
206	0	1000	29	2
206	0	1000	1	3
206	0	1000	49	4
206	0	1000	42	5
206	0	1000	77	6
206	0	1000	74	7
206	0	1000	82	8
206	0	1000	92	9
206	0	1000	82	10
206	0	1000	46	11
206	0	1000	35	12
206	0	1000	2	13
206	0	1000	0	14
206	0	1000	1	15
206	0	1000	0	16
206	0	1000	1	17
206	0	1000	26	18
206	0	1000	1	19
206	0	1000	107	20
206	0	1000	55	21
206	0	1000	141	22
206	0	1000	138	23
206	0	1000	138	24
206	0	1000	146	25
206	0	1000	42	26
206	0	1000	91	27
206	0	1000	24	28
206	0	1000	0	29
206	0	1000	0	30
206	0	1000	1	31
# Event data block #8
# Threshold	DAC	Events	Triggered	CH#
207	0	1000	5	0
207	0	1000	1	1
207	0	1000	47	2
207	0	1000	9	3
207	0	1000	60	4
207	0	1000	52	5
207	0	1000	93	6
207	0	1000	92	7
207	0	1000	103	8
207	0	1000	116	9
207	0	1000	102	10
207	0	1000	64	11
207	0	1000	51	12
207	0	1000	9	13
207	0	1000	0	14
207	0	1000	7	15
207	0	1000	0	16
207	0	1000	2	17
207	0	1000	44	18
207	0	1000	0	19
207	0	1000	122	20
207	0	1000	67	21
207	0	1000	170	22
207	0	1000	175	23
207	0	1000	170	24
207	0	1000	175	25
207	0	1000	50	26
207	0	1000	105	27
207	0	1000	43	28
207	0	1000	1	29
207	0	1000	2	30
207	0	1000	10	31
# Event data block #9
# Threshold	DAC	Events	Triggered	CH#
208	0	1000	7	0
208	0	1000	1	1
208	0	1000	60	2
208	0	1000	10	3
208	0	1000	71	4
208	0	1000	62	5
208	0	1000	99	6
208	0	1000	97	7
208	0	1000	108	8
208	0	1000	128	9
208	0	1000	112	10
208	0	1000	70	11
208	0	1000	59	12
208	0	1000	12	13
208	0	1000	0	14
208	0	1000	8	15
208	0	1000	0	16
208	0	1000	3	17
208	0	1000	46	18
208	0	1000	4	19
208	0	1000	147	20
208	0	1000	80	21
208	0	1000	220	22
208	0	1000	211	23
208	0	1000	205	24
208	0	1000	228	25
208	0	1000	63	26
208	0	1000	119	27
208	0	1000	46	28
208	0	1000	1	29
208	0	1000	1	30
208	0	1000	14	31
# Event data block #10
# Threshold	DAC	Events	Triggered	CH#
209	0	1000	9	0
209	0	1000	3	1
209	0	1000	66	2
209	0	1000	9	3
209	0	1000	78	4
209	0	1000	67	5
209	0	1000	103	6
209	0	1000	97	7
209	0	1000	111	8
209	0	1000	131	9
209	0	1000	111	10
209	0	1000	73	11
209	0	1000	59	12
209	0	1000	11	13
209	0	1000	0	14
209	0	1000	10	15
209	0	1000	1	16
209	0	1000	7	17
209	0	1000	51	18
209	0	1000	3	19
209	0	1000	150	20
209	0	1000	84	21
209	0	1000	219	22
209	0	1000	208	23
209	0	1000	207	24
209	0	1000	225	25
209	0	1000	68	26
209	0	1000	125	27
209	0	1000	51	28
209	0	1000	3	29
209	0	1000	4	30
209	0	1000	17	31
# Event data block #11
# Threshold	DAC	Events	Triggered	CH#
210	0	1000	18	0
210	0	1000	3	1
210	0	1000	91	2
210	0	1000	16	3
210	0	1000	91	4
210	0	1000	72	5
210	0	1000	120	6
210	0	1000	112	7
210	0	1000	128	8
210	0	1000	156	9
210	0	1000	136	10
210	0	1000	83	11
210	0	1000	77	12
210	0	1000	16	13
210	0	1000	0	14
210	0	1000	15	15
210	0	1000	0	16
210	0	1000	9	17
210	0	1000	66	18
210	0	1000	4	19
210	0	1000	199	20
210	0	1000	97	21
210	0	1000	280	22
210	0	1000	255	23
210	0	1000	253	24
210	0	1000	288	25
210	0	1000	77	26
210	0	1000	158	27
210	0	1000	64	28
210	0	1000	2	29
210	0	1000	7	30
210	0	1000	29	31
# Event data block #12
# Threshold	DAC	Events	Triggered	CH#
211	0	1000	22	0
211	0	1000	6	1
211	0	1000	87	2
211	0	1000	10	3
211	0	1000	78	4
211	0	1000	61	5
211	0	1000	103	6
211	0	1000	91	7
211	0	1000	104	8
211	0	1000	141	9
211	0	1000	122	10
211	0	1000	79	11
211	0	1000	70	12
211	0	1000	14	13
211	0	1000	0	14
211	0	1000	16	15
211	0	1000	2	16
211	0	1000	7	17
211	0	1000	67	18
211	0	1000	4	19
211	0	1000	193	20
211	0	1000	78	21
211	0	1000	294	22
211	0	1000	245	23
211	0	1000	231	24
211	0	1000	299	25
211	0	1000	64	26
211	0	1000	149	27
211	0	1000	67	28
211	0	1000	4	29
211	0	1000	7	30
211	0	1000	32	31
# Event data block #13
# Threshold	DAC	Events	Triggered	CH#
212	0	1000	25	0
212	0	1000	10	1
212	0	1000	93	2
212	0	1000	12	3
212	0	1000	67	4
212	0	1000	52	5
212	0	1000	89	6
212	0	1000	80	7
212	0	1000	91	8
212	0	1000	132	9
212	0	1000	104	10
212	0	1000	68	11
212	0	1000	61	12
212	0	1000	14	13
212	0	1000	0	14
212	0	1000	16	15
212	0	1000	3	16
212	0	1000	11	17
212	0	1000	58	18
212	0	1000	6	19
212	0	1000	203	20
212	0	1000	68	21
212	0	1000	321	22
212	0	1000	260	23
212	0	1000	252	24
212	0	1000	350	25
212	0	1000	55	26
212	0	1000	150	27
212	0	1000	60	28
212	0	1000	7	29
212	0	1000	12	30
212	0	1000	36	31
# Event data block #14
# Threshold	DAC	Events	Triggered	CH#
213	0	1000	62	0
213	0	1000	22	1
213	0	1000	152	2
213	0	1000	28	3
213	0	1000	113	4
213	0	1000	94	5
213	0	1000	132	6
213	0	1000	117	7
213	0	1000	130	8
213	0	1000	199	9
213	0	1000	153	10
213	0	1000	105	11
213	0	1000	101	12
213	0	1000	32	13
213	0	1000	0	14
213	0	1000	41	15
213	0	1000	4	16
213	0	1000	18	17
213	0	1000	100	18
213	0	1000	13	19
213	0	1000	324	20
213	0	1000	108	21
213	0	1000	447	22
213	0	1000	360	23
213	0	1000	332	24
213	0	1000	474	25
213	0	1000	95	26
213	0	1000	241	27
213	0	1000	102	28
213	0	1000	13	29
213	0	1000	28	30
213	0	1000	84	31
# Event data block #15
# Threshold	DAC	Events	Triggered	CH#
214	0	1000	67	0
214	0	1000	31	1
214	0	1000	221	2
214	0	1000	31	3
214	0	1000	128	4
214	0	1000	90	5
214	0	1000	147	6
214	0	1000	124	7
214	0	1000	146	8
214	0	1000	216	9
214	0	1000	181	10
214	0	1000	105	11
214	0	1000	98	12
214	0	1000	36	13
214	0	1000	2	14
214	0	1000	54	15
214	0	1000	9	16
214	0	1000	25	17
214	0	1000	104	18
214	0	1000	13	19
214	0	1000	424	20
214	0	1000	120	21
214	0	1000	520	22
214	0	1000	408	23
214	0	1000	388	24
214	0	1000	553	25
214	0	1000	91	26
214	0	1000	305	27
214	0	1000	109	28
214	0	1000	21	29
214	0	1000	36	30
214	0	1000	95	31
# Event data block #16
# Threshold	DAC	Events	Triggered	CH#
215	0	1000	98	0
215	0	1000	47	1
215	0	1000	443	2
215	0	1000	35	3
215	0	1000	123	4
215	0	1000	99	5
215	0	1000	153	6
215	0	1000	125	7
215	0	1000	144	8
215	0	1000	257	9
215	0	1000	208	10
215	0	1000	119	11
215	0	1000	112	12
215	0	1000	39	13
215	0	1000	0	14
215	0	1000	66	15
215	0	1000	9	16
215	0	1000	31	17
215	0	1000	120	18
215	0	1000	10	19
215	0	1000	557	20
215	0	1000	121	21
215	0	1000	600	22
215	0	1000	473	23
215	0	1000	449	24
215	0	1000	620	25
215	0	1000	99	26
215	0	1000	454	27
215	0	1000	128	28
215	0	1000	26	29
215	0	1000	56	30
215	0	1000	126	31
# Event data block #17
# Threshold	DAC	Events	Triggered	CH#
216	0	1000	112	0
216	0	1000	63	1
216	0	1000	688	2
216	0	1000	45	3
216	0	1000	136	4
216	0	1000	93	5
216	0	1000	163	6
216	0	1000	117	7
216	0	1000	145	8
216	0	1000	295	9
216	0	1000	247	10
216	0	1000	110	11
216	0	1000	106	12
216	0	1000	49	13
216	0	1000	0	14
216	0	1000	73	15
216	0	1000	20	16
216	0	1000	49	17
216	0	1000	127	18
216	0	1000	12	19
216	0	1000	637	20
216	0	1000	115	21
216	0	1000	627	22
216	0	1000	506	23
216	0	1000	489	24
216	0	1000	661	25
216	0	1000	95	26
216	0	1000	560	27
216	0	1000	133	28
216	0	1000	43	29
216	0	1000	67	30
216	0	1000	168	31
# Event data block #18
# Threshold	DAC	Events	Triggered	CH#
217	0	1000	197	0
217	0	1000	87	1
217	0	1000	828	2
217	0	1000	57	3
217	0	1000	186	4
217	0	1000	129	5
217	0	1000	212	6
217	0	1000	155	7
217	0	1000	190	8
217	0	1000	380	9
217	0	1000	337	10
217	0	1000	152	11
217	0	1000	149	12
217	0	1000	63	13
217	0	1000	1	14
217	0	1000	112	15
217	0	1000	25	16
217	0	1000	56	17
217	0	1000	181	18
217	0	1000	23	19
217	0	1000	735	20
217	0	1000	162	21
217	0	1000	710	22
217	0	1000	581	23
217	0	1000	563	24
217	0	1000	730	25
217	0	1000	133	26
217	0	1000	696	27
217	0	1000	198	28
217	0	1000	58	29
217	0	1000	100	30
217	0	1000	418	31
# Event data block #19
# Threshold	DAC	Events	Triggered	CH#
218	0	1000	511	0
218	0	1000	72	1
218	0	1000	879	2
218	0	1000	32	3
218	0	1000	199	4
218	0	1000	93	5
218	0	1000	206	6
218	0	1000	130	7
218	0	1000	174	8
218	0	1000	466	9
218	0	1000	428	10
218	0	1000	129	11
218	0	1000	128	12
218	0	1000	38	13
218	0	1000	1	14
218	0	1000	91	15
218	0	1000	19	16
218	0	1000	34	17
218	0	1000	221	18
218	0	1000	13	19
218	0	1000	790	20
218	0	1000	147	21
218	0	1000	761	22
218	0	1000	625	23
218	0	1000	611	24
218	0	1000	775	25
218	0	1000	97	26
218	0	1000	777	27
218	0	1000	261	28
218	0	1000	36	29
218	0	1000	86	30
218	0	1000	771	31
# Event data block #20
# Threshold	DAC	Events	Triggered	CH#
219	0	1000	806	0
219	0	1000	142	1
219	0	1000	910	2
219	0	1000	66	3
219	0	1000	342	4
219	0	1000	139	5
219	0	1000	311	6
219	0	1000	161	7
219	0	1000	228	8
219	0	1000	576	9
219	0	1000	565	10
219	0	1000	179	11
219	0	1000	177	12
219	0	1000	72	13
219	0	1000	3	14
219	0	1000	145	15
219	0	1000	47	16
219	0	1000	76	17
219	0	1000	374	18
219	0	1000	26	19
219	0	1000	811	20
219	0	1000	202	21
219	0	1000	783	22
219	0	1000	681	23
219	0	1000	666	24
219	0	1000	794	25
219	0	1000	145	26
219	0	1000	808	27
219	0	1000	464	28
219	0	1000	76	29
219	0	1000	153	30
219	0	1000	846	31
# Event data block #21
# Threshold	DAC	Events	Triggered	CH#
220	0	1000	895	0
220	0	1000	281	1
220	0	1000	947	2
220	0	1000	65	3
220	0	1000	471	4
220	0	1000	164	5
220	0	1000	388	6
220	0	1000	183	7
220	0	1000	277	8
220	0	1000	660	9
220	0	1000	670	10
220	0	1000	226	11
220	0	1000	241	12
220	0	1000	76	13
220	0	1000	3	14
220	0	1000	229	15
220	0	1000	49	16
220	0	1000	80	17
220	0	1000	573	18
220	0	1000	20	19
220	0	1000	851	20
220	0	1000	260	21
220	0	1000	820	22
220	0	1000	736	23
220	0	1000	728	24
220	0	1000	830	25
220	0	1000	160	26
220	0	1000	852	27
220	0	1000	666	28
220	0	1000	86	29
220	0	1000	308	30
220	0	1000	924	31
# Event data block #22
# Threshold	DAC	Events	Triggered	CH#
221	0	1000	906	0
221	0	1000	634	1
221	0	1000	940	2
221	0	1000	88	3
221	0	1000	605	4
221	0	1000	216	5
221	0	1000	494	6
221	0	1000	232	7
221	0	1000	343	8
221	0	1000	687	9
221	0	1000	712	10
221	0	1000	318	11
221	0	1000	360	12
221	0	1000	93	13
221	0	1000	8	14
221	0	1000	436	15
221	0	1000	82	16
221	0	1000	105	17
221	0	1000	717	18
221	0	1000	35	19
221	0	1000	843	20
221	0	1000	357	21
221	0	1000	804	22
221	0	1000	721	23
221	0	1000	718	24
221	0	1000	818	25
221	0	1000	215	26
221	0	1000	853	27
221	0	1000	755	28
221	0	1000	125	29
221	0	1000	615	30
221	0	1000	932	31
# Event data block #23
# Threshold	DAC	Events	Triggered	CH#
222	0	1000	927	0
222	0	1000	791	1
222	0	1000	951	2
222	0	1000	89	3
222	0	1000	675	4
222	0	1000	223	5
222	0	1000	521	6
222	0	1000	225	7
222	0	1000	351	8
222	0	1000	721	9
222	0	1000	758	10
222	0	1000	363	11
222	0	1000	441	12
222	0	1000	92	13
222	0	1000	12	14
222	0	1000	625	15
222	0	1000	85	16
222	0	1000	122	17
222	0	1000	785	18
222	0	1000	40	19
222	0	1000	855	20
222	0	1000	379	21
222	0	1000	819	22
222	0	1000	736	23
222	0	1000	735	24
222	0	1000	826	25
222	0	1000	221	26
222	0	1000	859	27
222	0	1000	809	28
222	0	1000	151	29
222	0	1000	790	30
222	0	1000	947	31
# Event data block #24
# Threshold	DAC	Events	Triggered	CH#
223	0	1000	944	0
223	0	1000	859	1
223	0	1000	958	2
223	0	1000	112	3
223	0	1000	765	4
223	0	1000	308	5
223	0	1000	642	6
223	0	1000	278	7
223	0	1000	434	8
223	0	1000	773	9
223	0	1000	800	10
223	0	1000	505	11
223	0	1000	611	12
223	0	1000	119	13
223	0	1000	17	14
223	0	1000	782	15
223	0	1000	121	16
223	0	1000	179	17
223	0	1000	826	18
223	0	1000	52	19
223	0	1000	870	20
223	0	1000	512	21
223	0	1000	834	22
223	0	1000	773	23
223	0	1000	776	24
223	0	1000	843	25
223	0	1000	284	26
223	0	1000	878	27
223	0	1000	842	28
223	0	1000	256	29
223	0	1000	859	30
223	0	1000	956	31
# Event data block #25
# Threshold	DAC	Events	Triggered	CH#
224	0	1000	973	0
224	0	1000	915	1
224	0	1000	980	2
224	0	1000	145	3
224	0	1000	822	4
224	0	1000	422	5
224	0	1000	726	6
224	0	1000	336	7
224	0	1000	526	8
224	0	1000	815	9
224	0	1000	842	10
224	0	1000	643	11
224	0	1000	734	12
224	0	1000	149	13
224	0	1000	21	14
224	0	1000	881	15
224	0	1000	183	16
224	0	1000	283	17
224	0	1000	881	18
224	0	1000	62	19
224	0	1000	901	20
224	0	1000	616	21
224	0	1000	870	22
224	0	1000	808	23
224	0	1000	805	24
224	0	1000	878	25
224	0	1000	397	26
224	0	1000	913	27
224	0	1000	892	28
224	0	1000	517	29
224	0	1000	921	30
224	0	1000	984	31
# Event data block #26
# Threshold	DAC	Events	Triggered	CH#
225	0	1000	973	0
225	0	1000	926	1
225	0	1000	974	2
225	0	1000	167	3
225	0	1000	851	4
225	0	1000	547	5
225	0	1000	773	6
225	0	1000	382	7
225	0	1000	610	8
225	0	1000	831	9
225	0	1000	860	10
225	0	1000	733	11
225	0	1000	801	12
225	0	1000	179	13
225	0	1000	20	14
225	0	1000	898	15
225	0	1000	364	16
225	0	1000	513	17
225	0	1000	896	18
225	0	1000	45	19
225	0	1000	905	20
225	0	1000	712	21
225	0	1000	878	22
225	0	1000	818	23
225	0	1000	820	24
225	0	1000	881	25
225	0	1000	508	26
225	0	1000	913	27
225	0	1000	903	28
225	0	1000	764	29
225	0	1000	932	30
225	0	1000	984	31
# Event data block #27
# Threshold	DAC	Events	Triggered	CH#
226	0	1000	990	0
226	0	1000	965	1
226	0	1000	990	2
226	0	1000	211	3
226	0	1000	903	4
226	0	1000	678	5
226	0	1000	843	6
226	0	1000	435	7
226	0	1000	673	8
226	0	1000	887	9
226	0	1000	905	10
226	0	1000	828	11
226	0	1000	882	12
226	0	1000	203	13
226	0	1000	16	14
226	0	1000	950	15
226	0	1000	680	16
226	0	1000	783	17
226	0	1000	943	18
226	0	1000	36	19
226	0	1000	945	20
226	0	1000	795	21
226	0	1000	911	22
226	0	1000	874	23
226	0	1000	875	24
226	0	1000	920	25
226	0	1000	633	26
226	0	1000	950	27
226	0	1000	949	28
226	0	1000	887	29
226	0	1000	965	30
226	0	1000	994	31
# Event data block #28
# Threshold	DAC	Events	Triggered	CH#
227	0	1000	994	0
227	0	1000	978	1
227	0	1000	996	2
227	0	1000	422	3
227	0	1000	921	4
227	0	1000	781	5
227	0	1000	885	6
227	0	1000	519	7
227	0	1000	747	8
227	0	1000	904	9
227	0	1000	926	10
227	0	1000	890	11
227	0	1000	906	12
227	0	1000	399	13
227	0	1000	28	14
227	0	1000	960	15
227	0	1000	878	16
227	0	1000	881	17
227	0	1000	955	18
227	0	1000	39	19
227	0	1000	954	20
227	0	1000	859	21
227	0	1000	926	22
227	0	1000	889	23
227	0	1000	890	24
227	0	1000	935	25
227	0	1000	732	26
227	0	1000	961	27
227	0	1000	960	28
227	0	1000	924	29
227	0	1000	979	30
227	0	1000	997	31
# Event data block #29
# Threshold	DAC	Events	Triggered	CH#
228	0	1000	996	0
228	0	1000	985	1
228	0	1000	994	2
228	0	1000	652	3
228	0	1000	927	4
228	0	1000	840	5
228	0	1000	891	6
228	0	1000	596	7
228	0	1000	802	8
228	0	1000	902	9
228	0	1000	922	10
228	0	1000	895	11
228	0	1000	910	12
228	0	1000	625	13
228	0	1000	36	14
228	0	1000	969	15
228	0	1000	903	16
228	0	1000	903	17
228	0	1000	953	18
228	0	1000	65	19
228	0	1000	948	20
228	0	1000	878	21
228	0	1000	924	22
228	0	1000	890	23
228	0	1000	890	24
228	0	1000	930	25
228	0	1000	824	26
228	0	1000	958	27
228	0	1000	961	28
228	0	1000	934	29
228	0	1000	985	30
228	0	1000	999	31
# Event data block #30
# Threshold	DAC	Events	Triggered	CH#
229	0	1000	995	0
229	0	1000	987	1
229	0	1000	996	2
229	0	1000	789	3
229	0	1000	917	4
229	0	1000	829	5
229	0	1000	866	6
229	0	1000	652	7
229	0	1000	790	8
229	0	1000	886	9
229	0	1000	908	10
229	0	1000	879	11
229	0	1000	904	12
229	0	1000	763	13
229	0	1000	46	14
229	0	1000	968	15
229	0	1000	919	16
229	0	1000	903	17
229	0	1000	952	18
229	0	1000	71	19
229	0	1000	941	20
229	0	1000	851	21
229	0	1000	912	22
229	0	1000	864	23
229	0	1000	866	24
229	0	1000	917	25
229	0	1000	815	26
229	0	1000	952	27
229	0	1000	954	28
229	0	1000	939	29
229	0	1000	987	30
229	0	1000	998	31
# Event data block #31
# Threshold	DAC	Events	Triggered	CH#
230	0	1000	999	0
230	0	1000	990	1
230	0	1000	998	2
230	0	1000	847	3
230	0	1000	922	4
230	0	1000	843	5
230	0	1000	879	6
230	0	1000	703	7
230	0	1000	809	8
230	0	1000	889	9
230	0	1000	914	10
230	0	1000	892	11
230	0	1000	911	12
230	0	1000	828	13
230	0	1000	61	14
230	0	1000	971	15
230	0	1000	934	16
230	0	1000	925	17
230	0	1000	959	18
230	0	1000	120	19
230	0	1000	946	20
230	0	1000	859	21
230	0	1000	915	22
230	0	1000	869	23
230	0	1000	871	24
230	0	1000	921	25
230	0	1000	840	26
230	0	1000	960	27
230	0	1000	966	28
230	0	1000	954	29
230	0	1000	992	30
230	0	1000	999	31
# Event data block #32
# Threshold	DAC	Events	Triggered	CH#
231	0	1000	999	0
231	0	1000	993	1
231	0	1000	996	2
231	0	1000	875	3
231	0	1000	918	4
231	0	1000	861	5
231	0	1000	886	6
231	0	1000	757	7
231	0	1000	837	8
231	0	1000	902	9
231	0	1000	912	10
231	0	1000	902	11
231	0	1000	916	12
231	0	1000	868	13
231	0	1000	65	14
231	0	1000	974	15
231	0	1000	939	16
231	0	1000	924	17
231	0	1000	952	18
231	0	1000	127	19
231	0	1000	940	20
231	0	1000	872	21
231	0	1000	911	22
231	0	1000	877	23
231	0	1000	878	24
231	0	1000	917	25
231	0	1000	862	26
231	0	1000	950	27
231	0	1000	960	28
231	0	1000	947	29
231	0	1000	993	30
231	0	1000	999	31
# Event data block #33
# Threshold	DAC	Events	Triggered	CH#
232	0	1000	999	0
232	0	1000	995	1
232	0	1000	996	2
232	0	1000	888	3
232	0	1000	930	4
232	0	1000	869	5
232	0	1000	890	6
232	0	1000	777	7
232	0	1000	833	8
232	0	1000	895	9
232	0	1000	911	10
232	0	1000	901	11
232	0	1000	914	12
232	0	1000	882	13
232	0	1000	102	14
232	0	1000	977	15
232	0	1000	951	16
232	0	1000	938	17
232	0	1000	958	18
232	0	1000	194	19
232	0	1000	941	20
232	0	1000	872	21
232	0	1000	913	22
232	0	1000	872	23
232	0	1000	874	24
232	0	1000	916	25
232	0	1000	862	26
232	0	1000	960	27
232	0	1000	966	28
232	0	1000	964	29
232	0	1000	993	30
232	0	1000	1000	31
# Event data block #34
# Threshold	DAC	Events	Triggered	CH#
233	0	1000	1000	0
233	0	1000	998	1
233	0	1000	999	2
233	0	1000	894	3
233	0	1000	935	4
233	0	1000	858	5
233	0	1000	876	6
233	0	1000	784	7
233	0	1000	827	8
233	0	1000	884	9
233	0	1000	916	10
233	0	1000	903	11
233	0	1000	926	12
233	0	1000	887	13
233	0	1000	139	14
233	0	1000	984	15
233	0	1000	967	16
233	0	1000	956	17
233	0	1000	975	18
233	0	1000	334	19
233	0	1000	954	20
233	0	1000	871	21
233	0	1000	914	22
233	0	1000	864	23
233	0	1000	861	24
233	0	1000	924	25
233	0	1000	853	26
233	0	1000	970	27
233	0	1000	976	28
233	0	1000	974	29
233	0	1000	999	30
233	0	1000	1000	31
# Event data block #35
# Threshold	DAC	Events	Triggered	CH#
234	0	1000	999	0
234	0	1000	999	1
234	0	1000	999	2
234	0	1000	879	3
234	0	1000	925	4
234	0	1000	843	5
234	0	1000	852	6
234	0	1000	775	7
234	0	1000	800	8
234	0	1000	859	9
234	0	1000	888	10
234	0	1000	880	11
234	0	1000	903	12
234	0	1000	872	13
234	0	1000	295	14
234	0	1000	988	15
234	0	1000	963	16
234	0	1000	939	17
234	0	1000	965	18
234	0	1000	503	19
234	0	1000	940	20
234	0	1000	848	21
234	0	1000	882	22
234	0	1000	842	23
234	0	1000	843	24
234	0	1000	894	25
234	0	1000	838	26
234	0	1000	958	27
234	0	1000	975	28
234	0	1000	973	29
234	0	1000	999	30
234	0	1000	1000	31
# Event data block #36
# Threshold	DAC	Events	Triggered	CH#
235	0	1000	1000	0
235	0	1000	998	1
235	0	1000	998	2
235	0	1000	905	3
235	0	1000	975	4
235	0	1000	866	5
235	0	1000	877	6
235	0	1000	801	7
235	0	1000	828	8
235	0	1000	885	9
235	0	1000	909	10
235	0	1000	902	11
235	0	1000	920	12
235	0	1000	905	13
235	0	1000	586	14
235	0	1000	994	15
235	0	1000	983	16
235	0	1000	962	17
235	0	1000	982	18
235	0	1000	686	19
235	0	1000	952	20
235	0	1000	877	21
235	0	1000	904	22
235	0	1000	868	23
235	0	1000	870	24
235	0	1000	910	25
235	0	1000	871	26
235	0	1000	964	27
235	0	1000	987	28
235	0	1000	989	29
235	0	1000	998	30
235	0	1000	1000	31
# Event data block #37
# Threshold	DAC	Events	Triggered	CH#
236	0	1000	1000	0
236	0	1000	998	1
236	0	1000	999	2
236	0	1000	911	3
236	0	1000	1000	4
236	0	1000	865	5
236	0	1000	871	6
236	0	1000	774	7
236	0	1000	812	8
236	0	1000	880	9
236	0	1000	912	10
236	0	1000	897	11
236	0	1000	927	12
236	0	1000	902	13
236	0	1000	738	14
236	0	1000	989	15
236	0	1000	976	16
236	0	1000	965	17
236	0	1000	972	18
236	0	1000	729	19
236	0	1000	956	20
236	0	1000	872	21
236	0	1000	897	22
236	0	1000	856	23
236	0	1000	853	24
236	0	1000	913	25
236	0	1000	863	26
236	0	1000	966	27
236	0	1000	976	28
236	0	1000	979	29
236	0	1000	999	30
236	0	1000	1000	31
# Event data block #38
# Threshold	DAC	Events	Triggered	CH#
237	0	1000	1000	0
237	0	1000	1000	1
237	0	1000	999	2
237	0	1000	925	3
237	0	1000	1000	4
237	0	1000	883	5
237	0	1000	888	6
237	0	1000	793	7
237	0	1000	832	8
237	0	1000	893	9
237	0	1000	925	10
237	0	1000	913	11
237	0	1000	936	12
237	0	1000	921	13
237	0	1000	798	14
237	0	1000	992	15
237	0	1000	990	16
237	0	1000	976	17
237	0	1000	981	18
237	0	1000	732	19
237	0	1000	957	20
237	0	1000	893	21
237	0	1000	914	22
237	0	1000	874	23
237	0	1000	871	24
237	0	1000	924	25
237	0	1000	880	26
237	0	1000	971	27
237	0	1000	987	28
237	0	1000	990	29
237	0	1000	999	30
237	0	1000	1000	31
# Event data block #39
# Threshold	DAC	Events	Triggered	CH#
238	0	1000	1000	0
238	0	1000	1000	1
238	0	1000	1000	2
238	0	1000	929	3
238	0	1000	1000	4
238	0	1000	885	5
238	0	1000	883	6
238	0	1000	783	7
238	0	1000	826	8
238	0	1000	894	9
238	0	1000	930	10
238	0	1000	910	11
238	0	1000	946	12
238	0	1000	921	13
238	0	1000	834	14
238	0	1000	1000	15
238	0	1000	997	16
238	0	1000	989	17
238	0	1000	993	18
238	0	1000	776	19
238	0	1000	970	20
238	0	1000	892	21
238	0	1000	910	22
238	0	1000	870	23
238	0	1000	871	24
238	0	1000	918	25
238	0	1000	880	26
238	0	1000	979	27
238	0	1000	994	28
238	0	1000	998	29
238	0	1000	1000	30
238	0	1000	1000	31
# Event data block #40
# Threshold	DAC	Events	Triggered	CH#
239	0	1000	1000	0
239	0	1000	1000	1
239	0	1000	1000	2
239	0	1000	944	3
239	0	1000	1000	4
239	0	1000	895	5
239	0	1000	886	6
239	0	1000	800	7
239	0	1000	836	8
239	0	1000	903	9
239	0	1000	928	10
239	0	1000	912	11
239	0	1000	946	12
239	0	1000	935	13
239	0	1000	864	14
239	0	1000	997	15
239	0	1000	997	16
239	0	1000	990	17
239	0	1000	992	18
239	0	1000	812	19
239	0	1000	975	20
239	0	1000	902	21
239	0	1000	907	22
239	0	1000	880	23
239	0	1000	874	24
239	0	1000	920	25
239	0	1000	885	26
239	0	1000	982	27
239	0	1000	994	28
239	0	1000	997	29
239	0	1000	1000	30
239	0	1000	1000	31
# Event data block #41
# Threshold	DAC	Events	Triggered	CH#
240	0	1000	1000	0
240	0	1000	1000	1
240	0	1000	999	2
240	0	1000	940	3
240	0	1000	1000	4
240	0	1000	908	5
240	0	1000	894	6
240	0	1000	789	7
240	0	1000	834	8
240	0	1000	918	9
240	0	1000	927	10
240	0	1000	915	11
240	0	1000	946	12
240	0	1000	935	13
240	0	1000	884	14
240	0	1000	997	15
240	0	1000	994	16
240	0	1000	991	17
240	0	1000	993	18
240	0	1000	824	19
240	0	1000	990	20
240	0	1000	921	21
240	0	1000	908	22
240	0	1000	884	23
240	0	1000	871	24
240	0	1000	923	25
240	0	1000	889	26
240	0	1000	983	27
240	0	1000	993	28
240	0	1000	996	29
240	0	1000	999	30
240	0	1000	1000	31
# Event data block #42
# Threshold	DAC	Events	Triggered	CH#
241	0	1000	1000	0
241	0	1000	1000	1
241	0	1000	1000	2
241	0	1000	963	3
241	0	1000	1000	4
241	0	1000	935	5
241	0	1000	911	6
241	0	1000	816	7
241	0	1000	850	8
241	0	1000	1000	9
241	0	1000	946	10
241	0	1000	932	11
241	0	1000	961	12
241	0	1000	957	13
241	0	1000	906	14
241	0	1000	1000	15
241	0	1000	998	16
241	0	1000	995	17
241	0	1000	996	18
241	0	1000	878	19
241	0	1000	1000	20
241	0	1000	1000	21
241	0	1000	924	22
241	0	1000	958	23
241	0	1000	894	24
241	0	1000	937	25
241	0	1000	909	26
241	0	1000	987	27
241	0	1000	994	28
241	0	1000	997	29
241	0	1000	1000	30
241	0	1000	1000	31
# Event data block #43
# Threshold	DAC	Events	Triggered	CH#
242	0	1000	1000	0
242	0	1000	1000	1
242	0	1000	1000	2
242	0	1000	968	3
242	0	1000	1000	4
242	0	1000	1000	5
242	0	1000	921	6
242	0	1000	828	7
242	0	1000	852	8
242	0	1000	1000	9
242	0	1000	959	10
242	0	1000	945	11
242	0	1000	968	12
242	0	1000	963	13
242	0	1000	924	14
242	0	1000	997	15
242	0	1000	997	16
242	0	1000	998	17
242	0	1000	1000	18
242	0	1000	999	19
242	0	1000	1000	20
242	0	1000	1000	21
242	0	1000	937	22
242	0	1000	1000	23
242	0	1000	898	24
242	0	1000	947	25
242	0	1000	913	26
242	0	1000	986	27
242	0	1000	993	28
242	0	1000	996	29
242	0	1000	1000	30
242	0	1000	1000	31
# Event data block #44
# Threshold	DAC	Events	Triggered	CH#
243	0	1000	1000	0
243	0	1000	1000	1
243	0	1000	1000	2
243	0	1000	985	3
243	0	1000	1000	4
243	0	1000	1000	5
243	0	1000	966	6
243	0	1000	851	7
243	0	1000	875	8
243	0	1000	1000	9
243	0	1000	981	10
243	0	1000	957	11
243	0	1000	980	12
243	0	1000	978	13
243	0	1000	952	14
243	0	1000	1000	15
243	0	1000	1000	16
243	0	1000	1000	17
243	0	1000	1000	18
243	0	1000	1000	19
243	0	1000	1000	20
243	0	1000	1000	21
243	0	1000	951	22
243	0	1000	1000	23
243	0	1000	999	24
243	0	1000	965	25
243	0	1000	949	26
243	0	1000	997	27
243	0	1000	999	28
243	0	1000	999	29
243	0	1000	1000	30
243	0	1000	1000	31
# Event data block #45
# Threshold	DAC	Events	Triggered	CH#
244	0	1000	1000	0
244	0	1000	1000	1
244	0	1000	1000	2
244	0	1000	993	3
244	0	1000	1000	4
244	0	1000	1000	5
244	0	1000	1000	6
244	0	1000	864	7
244	0	1000	897	8
244	0	1000	1000	9
244	0	1000	1000	10
244	0	1000	964	11
244	0	1000	985	12
244	0	1000	982	13
244	0	1000	965	14
244	0	1000	1000	15
244	0	1000	1000	16
244	0	1000	1000	17
244	0	1000	1000	18
244	0	1000	1000	19
244	0	1000	1000	20
244	0	1000	1000	21
244	0	1000	962	22
244	0	1000	1000	23
244	0	1000	1000	24
244	0	1000	973	25
244	0	1000	962	26
244	0	1000	1000	27
244	0	1000	999	28
244	0	1000	1000	29
244	0	1000	1000	30
244	0	1000	1000	31
# Event data block #46
# Threshold	DAC	Events	Triggered	CH#
245	0	1000	1000	0
245	0	1000	1000	1
245	0	1000	1000	2
245	0	1000	992	3
245	0	1000	1000	4
245	0	1000	1000	5
245	0	1000	1000	6
245	0	1000	864	7
245	0	1000	897	8
245	0	1000	1000	9
245	0	1000	1000	10
245	0	1000	961	11
245	0	1000	986	12
245	0	1000	983	13
245	0	1000	969	14
245	0	1000	999	15
245	0	1000	1000	16
245	0	1000	1000	17
245	0	1000	1000	18
245	0	1000	1000	19
245	0	1000	1000	20
245	0	1000	1000	21
245	0	1000	985	22
245	0	1000	1000	23
245	0	1000	1000	24
245	0	1000	999	25
245	0	1000	1000	26
245	0	1000	1000	27
245	0	1000	999	28
245	0	1000	1000	29
245	0	1000	1000	30
245	0	1000	1000	31
# Event data block #47
# Threshold	DAC	Events	Triggered	CH#
246	0	1000	1000	0
246	0	1000	1000	1
246	0	1000	1000	2
246	0	1000	1000	3
246	0	1000	1000	4
246	0	1000	1000	5
246	0	1000	1000	6
246	0	1000	879	7
246	0	1000	911	8
246	0	1000	1000	9
246	0	1000	1000	10
246	0	1000	975	11
246	0	1000	988	12
246	0	1000	988	13
246	0	1000	977	14
246	0	1000	1000	15
246	0	1000	1000	16
246	0	1000	1000	17
246	0	1000	1000	18
246	0	1000	1000	19
246	0	1000	1000	20
246	0	1000	1000	21
246	0	1000	1000	22
246	0	1000	1000	23
246	0	1000	1000	24
246	0	1000	1000	25
246	0	1000	1000	26
246	0	1000	1000	27
246	0	1000	1000	28
246	0	1000	1000	29
246	0	1000	1000	30
246	0	1000	1000	31
# Event data block #48
# Threshold	DAC	Events	Triggered	CH#
247	0	1000	1000	0
247	0	1000	1000	1
247	0	1000	1000	2
247	0	1000	1000	3
247	0	1000	1000	4
247	0	1000	1000	5
247	0	1000	1000	6
247	0	1000	889	7
247	0	1000	921	8
247	0	1000	1000	9
247	0	1000	1000	10
247	0	1000	982	11
247	0	1000	997	12
247	0	1000	996	13
247	0	1000	990	14
247	0	1000	1000	15
247	0	1000	1000	16
247	0	1000	1000	17
247	0	1000	1000	18
247	0	1000	1000	19
247	0	1000	1000	20
247	0	1000	1000	21
247	0	1000	1000	22
247	0	1000	1000	23
247	0	1000	1000	24
247	0	1000	1000	25
247	0	1000	1000	26
247	0	1000	1000	27
247	0	1000	1000	28
247	0	1000	1000	29
247	0	1000	1000	30
247	0	1000	1000	31
# Event data block #49
# Threshold	DAC	Events	Triggered	CH#
248	0	1000	1000	0
248	0	1000	1000	1
248	0	1000	1000	2
248	0	1000	1000	3
248	0	1000	1000	4
248	0	1000	1000	5
248	0	1000	1000	6
248	0	1000	883	7
248	0	1000	943	8
248	0	1000	1000	9
248	0	1000	1000	10
248	0	1000	981	11
248	0	1000	1000	12
248	0	1000	995	13
248	0	1000	989	14
248	0	1000	1000	15
248	0	1000	1000	16
248	0	1000	1000	17
248	0	1000	1000	18
248	0	1000	1000	19
248	0	1000	1000	20
248	0	1000	1000	21
248	0	1000	1000	22
248	0	1000	1000	23
248	0	1000	1000	24
248	0	1000	1000	25
248	0	1000	1000	26
248	0	1000	1000	27
248	0	1000	1000	28
248	0	1000	1000	29
248	0	1000	1000	30
248	0	1000	1000	31
# Event data block #50
# Threshold	DAC	Events	Triggered	CH#
249	0	1000	1000	0
249	0	1000	1000	1
249	0	1000	1000	2
249	0	1000	1000	3
249	0	1000	1000	4
249	0	1000	1000	5
249	0	1000	1000	6
249	0	1000	873	7
249	0	1000	1000	8
249	0	1000	1000	9
249	0	1000	1000	10
249	0	1000	986	11
249	0	1000	1000	12
249	0	1000	997	13
249	0	1000	994	14
249	0	1000	1000	15
249	0	1000	1000	16
249	0	1000	1000	17
249	0	1000	1000	18
249	0	1000	1000	19
249	0	1000	1000	20
249	0	1000	1000	21
249	0	1000	1000	22
249	0	1000	1000	23
249	0	1000	1000	24
249	0	1000	1000	25
249	0	1000	1000	26
249	0	1000	1000	27
249	0	1000	1000	28
249	0	1000	1000	29
249	0	1000	1000	30
249	0	1000	1000	31
# Event data block #51
# Threshold	DAC	Events	Triggered	CH#
250	0	1000	1000	0
250	0	1000	1000	1
250	0	1000	1000	2
250	0	1000	1000	3
250	0	1000	1000	4
250	0	1000	1000	5
250	0	1000	1000	6
250	0	1000	902	7
250	0	1000	1000	8
250	0	1000	1000	9
250	0	1000	1000	10
250	0	1000	990	11
250	0	1000	1000	12
250	0	1000	1000	13
250	0	1000	997	14
250	0	1000	1000	15
250	0	1000	1000	16
250	0	1000	1000	17
250	0	1000	1000	18
250	0	1000	1000	19
250	0	1000	1000	20
250	0	1000	1000	21
250	0	1000	1000	22
250	0	1000	1000	23
250	0	1000	1000	24
250	0	1000	1000	25
250	0	1000	1000	26
250	0	1000	1000	27
250	0	1000	1000	28
250	0	1000	1000	29
250	0	1000	1000	30
250	0	1000	1000	31
# Event data block #52
# Threshold	DAC	Events	Triggered	CH#
251	0	1000	1000	0
251	0	1000	1000	1
251	0	1000	1000	2
251	0	1000	1000	3
251	0	1000	1000	4
251	0	1000	1000	5
251	0	1000	1000	6
251	0	1000	912	7
251	0	1000	1000	8
251	0	1000	1000	9
251	0	1000	1000	10
251	0	1000	1000	11
251	0	1000	1000	12
251	0	1000	1000	13
251	0	1000	1000	14
251	0	1000	1000	15
251	0	1000	1000	16
251	0	1000	1000	17
251	0	1000	1000	18
251	0	1000	1000	19
251	0	1000	1000	20
251	0	1000	1000	21
251	0	1000	1000	22
251	0	1000	1000	23
251	0	1000	1000	24
251	0	1000	1000	25
251	0	1000	1000	26
251	0	1000	1000	27
251	0	1000	1000	28
251	0	1000	1000	29
251	0	1000	1000	30
251	0	1000	1000	31
# Event data block #53
# Threshold	DAC	Events	Triggered	CH#
252	0	1000	1000	0
252	0	1000	1000	1
252	0	1000	1000	2
252	0	1000	1000	3
252	0	1000	1000	4
252	0	1000	1000	5
252	0	1000	1000	6
252	0	1000	1000	7
252	0	1000	1000	8
252	0	1000	1000	9
252	0	1000	1000	10
252	0	1000	1000	11
252	0	1000	1000	12
252	0	1000	1000	13
252	0	1000	1000	14
252	0	1000	1000	15
252	0	1000	1000	16
252	0	1000	1000	17
252	0	1000	1000	18
252	0	1000	1000	19
252	0	1000	1000	20
252	0	1000	1000	21
252	0	1000	1000	22
252	0	1000	1000	23
252	0	1000	1000	24
252	0	1000	1000	25
252	0	1000	1000	26
252	0	1000	1000	27
252	0	1000	1000	28
252	0	1000	1000	29
252	0	1000	1000	30
252	0	1000	1000	31
# Event data block #54
# Threshold	DAC	Events	Triggered	CH#
253	0	1000	1000	0
253	0	1000	1000	1
253	0	1000	1000	2
253	0	1000	1000	3
253	0	1000	1000	4
253	0	1000	1000	5
253	0	1000	1000	6
253	0	1000	1000	7
253	0	1000	1000	8
253	0	1000	1000	9
253	0	1000	1000	10
253	0	1000	1000	11
253	0	1000	1000	12
253	0	1000	1000	13
253	0	1000	1000	14
253	0	1000	1000	15
253	0	1000	1000	16
253	0	1000	1000	17
253	0	1000	1000	18
253	0	1000	1000	19
253	0	1000	1000	20
253	0	1000	1000	21
253	0	1000	1000	22
253	0	1000	1000	23
253	0	1000	1000	24
253	0	1000	1000	25
253	0	1000	1000	26
253	0	1000	1000	27
253	0	1000	1000	28
253	0	1000	1000	29
253	0	1000	1000	30
253	0	1000	1000	31
# Event data block #55
# Threshold	DAC	Events	Triggered	CH#
254	0	1000	1000	0
254	0	1000	1000	1
254	0	1000	1000	2
254	0	1000	1000	3
254	0	1000	1000	4
254	0	1000	1000	5
254	0	1000	1000	6
254	0	1000	1000	7
254	0	1000	1000	8
254	0	1000	1000	9
254	0	1000	1000	10
254	0	1000	1000	11
254	0	1000	1000	12
254	0	1000	1000	13
254	0	1000	1000	14
254	0	1000	1000	15
254	0	1000	1000	16
254	0	1000	1000	17
254	0	1000	1000	18
254	0	1000	1000	19
254	0	1000	1000	20
254	0	1000	1000	21
254	0	1000	1000	22
254	0	1000	1000	23
254	0	1000	1000	24
254	0	1000	1000	25
254	0	1000	1000	26
254	0	1000	1000	27
254	0	1000	1000	28
254	0	1000	1000	29
254	0	1000	1000	30
254	0	1000	1000	31
# Event data block #56
# Threshold	DAC	Events	Triggered	CH#
255	0	1000	1000	0
255	0	1000	1000	1
255	0	1000	1000	2
255	0	1000	1000	3
255	0	1000	1000	4
255	0	1000	1000	5
255	0	1000	1000	6
255	0	1000	1000	7
255	0	1000	1000	8
255	0	1000	1000	9
255	0	1000	1000	10
255	0	1000	1000	11
255	0	1000	1000	12
255	0	1000	1000	13
255	0	1000	1000	14
255	0	1000	1000	15
255	0	1000	1000	16
255	0	1000	1000	17
255	0	1000	1000	18
255	0	1000	1000	19
255	0	1000	1000	20
255	0	1000	1000	21
255	0	1000	1000	22
255	0	1000	1000	23
255	0	1000	1000	24
255	0	1000	1000	25
255	0	1000	1000	26
255	0	1000	1000	27
255	0	1000	1000	28
255	0	1000	1000	29
255	0	1000	1000	30
255	0	1000	1000	31
