# ASIC configuration for the measurements:
# ------------------------------------------------------------------------------
# Mode = 000 
# Bias = 0101 
# CSArefs = 1011 
# Shaper = 111 
# Leakage mask = 00000000000000000000000000000000 
# Discr. enable mask = 11111111111111111111111111111111 
# Calibration mask = 00000000000000000000000000000000 
# Threshold = 255 
# FineTHR[0] = 001 
# FineTHR[1] = 001 
# FineTHR[2] = 001 
# FineTHR[3] = 001 
# FineTHR[4] = 001 
# FineTHR[5] = 001 
# FineTHR[6] = 001 
# FineTHR[7] = 001 
# FineTHR[8] = 001 
# FineTHR[9] = 001 
# FineTHR[10] = 001 
# FineTHR[11] = 001 
# FineTHR[12] = 001 
# FineTHR[13] = 001 
# FineTHR[14] = 001 
# FineTHR[15] = 001 
# FineTHR[16] = 001 
# FineTHR[17] = 001 
# FineTHR[18] = 001 
# FineTHR[19] = 001 
# FineTHR[20] = 001 
# FineTHR[21] = 001 
# FineTHR[22] = 001 
# FineTHR[23] = 001 
# FineTHR[24] = 001 
# FineTHR[25] = 001 
# FineTHR[26] = 001 
# FineTHR[27] = 001 
# FineTHR[28] = 001 
# FineTHR[29] = 001 
# FineTHR[30] = 001 
# FineTHR[31] = 001 
# ------------------------------------------------------------------------------
# Event data block #1
# Threshold	DAC	Events	Triggered	CH#
200	0	1000	0	0
200	0	1000	0	1
200	0	1000	21	2
200	0	1000	2	3
200	0	1000	46	4
200	0	1000	45	5
200	0	1000	81	6
200	0	1000	84	7
200	0	1000	97	8
200	0	1000	104	9
200	0	1000	86	10
200	0	1000	56	11
200	0	1000	45	12
200	0	1000	5	13
200	0	1000	0	14
200	0	1000	0	15
200	0	1000	0	16
200	0	1000	1	17
200	0	1000	38	18
200	0	1000	2	19
200	0	1000	123	20
200	0	1000	69	21
200	0	1000	189	22
200	0	1000	187	23
200	0	1000	190	24
200	0	1000	192	25
200	0	1000	59	26
200	0	1000	100	27
200	0	1000	37	28
200	0	1000	0	29
200	0	1000	0	30
200	0	1000	1	31
# Event data block #2
# Threshold	DAC	Events	Triggered	CH#
201	0	1000	2	0
201	0	1000	1	1
201	0	1000	26	2
201	0	1000	7	3
201	0	1000	45	4
201	0	1000	42	5
201	0	1000	93	6
201	0	1000	101	7
201	0	1000	116	8
201	0	1000	137	9
201	0	1000	100	10
201	0	1000	48	11
201	0	1000	38	12
201	0	1000	10	13
201	0	1000	0	14
201	0	1000	6	15
201	0	1000	1	16
201	0	1000	7	17
201	0	1000	37	18
201	0	1000	11	19
201	0	1000	162	20
201	0	1000	85	21
201	0	1000	223	22
201	0	1000	211	23
201	0	1000	215	24
201	0	1000	226	25
201	0	1000	65	26
201	0	1000	129	27
201	0	1000	41	28
201	0	1000	6	29
201	0	1000	4	30
201	0	1000	7	31
# Event data block #3
# Threshold	DAC	Events	Triggered	CH#
202	0	1000	5	0
202	0	1000	4	1
202	0	1000	22	2
202	0	1000	11	3
202	0	1000	40	4
202	0	1000	33	5
202	0	1000	86	6
202	0	1000	87	7
202	0	1000	103	8
202	0	1000	127	9
202	0	1000	100	10
202	0	1000	44	11
202	0	1000	30	12
202	0	1000	11	13
202	0	1000	0	14
202	0	1000	6	15
202	0	1000	4	16
202	0	1000	6	17
202	0	1000	27	18
202	0	1000	8	19
202	0	1000	152	20
202	0	1000	79	21
202	0	1000	203	22
202	0	1000	181	23
202	0	1000	186	24
202	0	1000	200	25
202	0	1000	64	26
202	0	1000	122	27
202	0	1000	32	28
202	0	1000	6	29
202	0	1000	5	30
202	0	1000	9	31
# Event data block #4
# Threshold	DAC	Events	Triggered	CH#
203	0	1000	14	0
203	0	1000	5	1
203	0	1000	41	2
203	0	1000	19	3
203	0	1000	63	4
203	0	1000	55	5
203	0	1000	104	6
203	0	1000	106	7
203	0	1000	118	8
203	0	1000	138	9
203	0	1000	111	10
203	0	1000	63	11
203	0	1000	51	12
203	0	1000	19	13
203	0	1000	0	14
203	0	1000	14	15
203	0	1000	2	16
203	0	1000	16	17
203	0	1000	54	18
203	0	1000	11	19
203	0	1000	170	20
203	0	1000	93	21
203	0	1000	219	22
203	0	1000	200	23
203	0	1000	206	24
203	0	1000	225	25
203	0	1000	72	26
203	0	1000	141	27
203	0	1000	57	28
203	0	1000	16	29
203	0	1000	13	30
203	0	1000	20	31
# Event data block #5
# Threshold	DAC	Events	Triggered	CH#
204	0	1000	13	0
204	0	1000	5	1
204	0	1000	52	2
204	0	1000	17	3
204	0	1000	70	4
204	0	1000	61	5
204	0	1000	110	6
204	0	1000	107	7
204	0	1000	124	8
204	0	1000	141	9
204	0	1000	118	10
204	0	1000	70	11
204	0	1000	62	12
204	0	1000	19	13
204	0	1000	0	14
204	0	1000	14	15
204	0	1000	2	16
204	0	1000	15	17
204	0	1000	61	18
204	0	1000	7	19
204	0	1000	178	20
204	0	1000	94	21
204	0	1000	226	22
204	0	1000	215	23
204	0	1000	213	24
204	0	1000	230	25
204	0	1000	83	26
204	0	1000	150	27
204	0	1000	69	28
204	0	1000	13	29
204	0	1000	11	30
204	0	1000	22	31
# Event data block #6
# Threshold	DAC	Events	Triggered	CH#
205	0	1000	15	0
205	0	1000	8	1
205	0	1000	59	2
205	0	1000	20	3
205	0	1000	67	4
205	0	1000	64	5
205	0	1000	116	6
205	0	1000	116	7
205	0	1000	131	8
205	0	1000	171	9
205	0	1000	136	10
205	0	1000	82	11
205	0	1000	71	12
205	0	1000	22	13
205	0	1000	1	14
205	0	1000	16	15
205	0	1000	6	16
205	0	1000	15	17
205	0	1000	65	18
205	0	1000	11	19
205	0	1000	215	20
205	0	1000	99	21
205	0	1000	256	22
205	0	1000	252	23
205	0	1000	248	24
205	0	1000	265	25
205	0	1000	82	26
205	0	1000	175	27
205	0	1000	73	28
205	0	1000	15	29
205	0	1000	16	30
205	0	1000	22	31
# Event data block #7
# Threshold	DAC	Events	Triggered	CH#
206	0	1000	21	0
206	0	1000	8	1
206	0	1000	72	2
206	0	1000	21	3
206	0	1000	88	4
206	0	1000	81	5
206	0	1000	129	6
206	0	1000	124	7
206	0	1000	149	8
206	0	1000	193	9
206	0	1000	150	10
206	0	1000	87	11
206	0	1000	73	12
206	0	1000	23	13
206	0	1000	1	14
206	0	1000	22	15
206	0	1000	6	16
206	0	1000	22	17
206	0	1000	73	18
206	0	1000	12	19
206	0	1000	237	20
206	0	1000	127	21
206	0	1000	298	22
206	0	1000	285	23
206	0	1000	285	24
206	0	1000	305	25
206	0	1000	104	26
206	0	1000	196	27
206	0	1000	78	28
206	0	1000	17	29
206	0	1000	18	30
206	0	1000	25	31
# Event data block #8
# Threshold	DAC	Events	Triggered	CH#
207	0	1000	19	0
207	0	1000	10	1
207	0	1000	83	2
207	0	1000	20	3
207	0	1000	87	4
207	0	1000	72	5
207	0	1000	118	6
207	0	1000	112	7
207	0	1000	123	8
207	0	1000	152	9
207	0	1000	126	10
207	0	1000	87	11
207	0	1000	76	12
207	0	1000	18	13
207	0	1000	2	14
207	0	1000	20	15
207	0	1000	5	16
207	0	1000	17	17
207	0	1000	79	18
207	0	1000	16	19
207	0	1000	191	20
207	0	1000	105	21
207	0	1000	233	22
207	0	1000	209	23
207	0	1000	205	24
207	0	1000	240	25
207	0	1000	90	26
207	0	1000	169	27
207	0	1000	84	28
207	0	1000	16	29
207	0	1000	16	30
207	0	1000	30	31
# Event data block #9
# Threshold	DAC	Events	Triggered	CH#
208	0	1000	22	0
208	0	1000	10	1
208	0	1000	115	2
208	0	1000	17	3
208	0	1000	114	4
208	0	1000	96	5
208	0	1000	160	6
208	0	1000	145	7
208	0	1000	163	8
208	0	1000	194	9
208	0	1000	181	10
208	0	1000	118	11
208	0	1000	102	12
208	0	1000	18	13
208	0	1000	0	14
208	0	1000	21	15
208	0	1000	5	16
208	0	1000	14	17
208	0	1000	105	18
208	0	1000	8	19
208	0	1000	245	20
208	0	1000	140	21
208	0	1000	288	22
208	0	1000	255	23
208	0	1000	250	24
208	0	1000	290	25
208	0	1000	115	26
208	0	1000	221	27
208	0	1000	109	28
208	0	1000	13	29
208	0	1000	16	30
208	0	1000	37	31
# Event data block #10
# Threshold	DAC	Events	Triggered	CH#
209	0	1000	38	0
209	0	1000	19	1
209	0	1000	121	2
209	0	1000	30	3
209	0	1000	108	4
209	0	1000	90	5
209	0	1000	154	6
209	0	1000	145	7
209	0	1000	156	8
209	0	1000	185	9
209	0	1000	169	10
209	0	1000	109	11
209	0	1000	88	12
209	0	1000	32	13
209	0	1000	3	14
209	0	1000	32	15
209	0	1000	11	16
209	0	1000	26	17
209	0	1000	103	18
209	0	1000	16	19
209	0	1000	250	20
209	0	1000	134	21
209	0	1000	320	22
209	0	1000	273	23
209	0	1000	274	24
209	0	1000	332	25
209	0	1000	117	26
209	0	1000	229	27
209	0	1000	108	28
209	0	1000	24	29
209	0	1000	25	30
209	0	1000	55	31
# Event data block #11
# Threshold	DAC	Events	Triggered	CH#
210	0	1000	39	0
210	0	1000	22	1
210	0	1000	132	2
210	0	1000	28	3
210	0	1000	105	4
210	0	1000	83	5
210	0	1000	135	6
210	0	1000	125	7
210	0	1000	140	8
210	0	1000	187	9
210	0	1000	161	10
210	0	1000	100	11
210	0	1000	92	12
210	0	1000	30	13
210	0	1000	4	14
210	0	1000	37	15
210	0	1000	16	16
210	0	1000	26	17
210	0	1000	98	18
210	0	1000	15	19
210	0	1000	255	20
210	0	1000	123	21
210	0	1000	323	22
210	0	1000	280	23
210	0	1000	279	24
210	0	1000	337	25
210	0	1000	99	26
210	0	1000	215	27
210	0	1000	103	28
210	0	1000	23	29
210	0	1000	27	30
210	0	1000	63	31
# Event data block #12
# Threshold	DAC	Events	Triggered	CH#
211	0	1000	60	0
211	0	1000	29	1
211	0	1000	202	2
211	0	1000	31	3
211	0	1000	137	4
211	0	1000	106	5
211	0	1000	181	6
211	0	1000	157	7
211	0	1000	189	8
211	0	1000	258	9
211	0	1000	230	10
211	0	1000	133	11
211	0	1000	122	12
211	0	1000	35	13
211	0	1000	5	14
211	0	1000	45	15
211	0	1000	16	16
211	0	1000	30	17
211	0	1000	136	18
211	0	1000	15	19
211	0	1000	347	20
211	0	1000	156	21
211	0	1000	412	22
211	0	1000	340	23
211	0	1000	334	24
211	0	1000	426	25
211	0	1000	127	26
211	0	1000	313	27
211	0	1000	146	28
211	0	1000	30	29
211	0	1000	39	30
211	0	1000	92	31
# Event data block #13
# Threshold	DAC	Events	Triggered	CH#
212	0	1000	71	0
212	0	1000	33	1
212	0	1000	214	2
212	0	1000	34	3
212	0	1000	128	4
212	0	1000	99	5
212	0	1000	161	6
212	0	1000	138	7
212	0	1000	163	8
212	0	1000	228	9
212	0	1000	203	10
212	0	1000	124	11
212	0	1000	114	12
212	0	1000	35	13
212	0	1000	5	14
212	0	1000	53	15
212	0	1000	18	16
212	0	1000	33	17
212	0	1000	134	18
212	0	1000	18	19
212	0	1000	348	20
212	0	1000	141	21
212	0	1000	420	22
212	0	1000	343	23
212	0	1000	334	24
212	0	1000	442	25
212	0	1000	120	26
212	0	1000	281	27
212	0	1000	143	28
212	0	1000	33	29
212	0	1000	40	30
212	0	1000	118	31
# Event data block #14
# Threshold	DAC	Events	Triggered	CH#
213	0	1000	108	0
213	0	1000	52	1
213	0	1000	323	2
213	0	1000	49	3
213	0	1000	176	4
213	0	1000	123	5
213	0	1000	212	6
213	0	1000	167	7
213	0	1000	205	8
213	0	1000	279	9
213	0	1000	260	10
213	0	1000	155	11
213	0	1000	147	12
213	0	1000	60	13
213	0	1000	5	14
213	0	1000	82	15
213	0	1000	35	16
213	0	1000	54	17
213	0	1000	181	18
213	0	1000	29	19
213	0	1000	442	20
213	0	1000	175	21
213	0	1000	491	22
213	0	1000	385	23
213	0	1000	370	24
213	0	1000	510	25
213	0	1000	152	26
213	0	1000	378	27
213	0	1000	196	28
213	0	1000	53	29
213	0	1000	69	30
213	0	1000	175	31
# Event data block #15
# Threshold	DAC	Events	Triggered	CH#
214	0	1000	118	0
214	0	1000	53	1
214	0	1000	493	2
214	0	1000	46	3
214	0	1000	172	4
214	0	1000	115	5
214	0	1000	197	6
214	0	1000	157	7
214	0	1000	192	8
214	0	1000	313	9
214	0	1000	276	10
214	0	1000	148	11
214	0	1000	135	12
214	0	1000	45	13
214	0	1000	4	14
214	0	1000	82	15
214	0	1000	19	16
214	0	1000	47	17
214	0	1000	180	18
214	0	1000	17	19
214	0	1000	550	20
214	0	1000	171	21
214	0	1000	562	22
214	0	1000	443	23
214	0	1000	436	24
214	0	1000	594	25
214	0	1000	138	26
214	0	1000	466	27
214	0	1000	193	28
214	0	1000	43	29
214	0	1000	72	30
214	0	1000	199	31
# Event data block #16
# Threshold	DAC	Events	Triggered	CH#
215	0	1000	180	0
215	0	1000	83	1
215	0	1000	667	2
215	0	1000	56	3
215	0	1000	203	4
215	0	1000	142	5
215	0	1000	224	6
215	0	1000	174	7
215	0	1000	215	8
215	0	1000	342	9
215	0	1000	305	10
215	0	1000	171	11
215	0	1000	165	12
215	0	1000	63	13
215	0	1000	4	14
215	0	1000	114	15
215	0	1000	38	16
215	0	1000	62	17
215	0	1000	208	18
215	0	1000	25	19
215	0	1000	596	20
215	0	1000	193	21
215	0	1000	589	22
215	0	1000	464	23
215	0	1000	453	24
215	0	1000	617	25
215	0	1000	163	26
215	0	1000	548	27
215	0	1000	225	28
215	0	1000	67	29
215	0	1000	107	30
215	0	1000	278	31
# Event data block #17
# Threshold	DAC	Events	Triggered	CH#
216	0	1000	278	0
216	0	1000	130	1
216	0	1000	757	2
216	0	1000	80	3
216	0	1000	236	4
216	0	1000	174	5
216	0	1000	254	6
216	0	1000	194	7
216	0	1000	229	8
216	0	1000	403	9
216	0	1000	374	10
216	0	1000	206	11
216	0	1000	204	12
216	0	1000	96	13
216	0	1000	10	14
216	0	1000	170	15
216	0	1000	57	16
216	0	1000	101	17
216	0	1000	258	18
216	0	1000	41	19
216	0	1000	653	20
216	0	1000	221	21
216	0	1000	618	22
216	0	1000	492	23
216	0	1000	494	24
216	0	1000	647	25
216	0	1000	188	26
216	0	1000	614	27
216	0	1000	283	28
216	0	1000	104	29
216	0	1000	156	30
216	0	1000	501	31
# Event data block #18
# Threshold	DAC	Events	Triggered	CH#
217	0	1000	473	0
217	0	1000	162	1
217	0	1000	757	2
217	0	1000	81	3
217	0	1000	261	4
217	0	1000	191	5
217	0	1000	262	6
217	0	1000	209	7
217	0	1000	240	8
217	0	1000	404	9
217	0	1000	395	10
217	0	1000	212	11
217	0	1000	212	12
217	0	1000	104	13
217	0	1000	7	14
217	0	1000	197	15
217	0	1000	64	16
217	0	1000	110	17
217	0	1000	285	18
217	0	1000	53	19
217	0	1000	640	20
217	0	1000	226	21
217	0	1000	606	22
217	0	1000	481	23
217	0	1000	478	24
217	0	1000	616	25
217	0	1000	207	26
217	0	1000	628	27
217	0	1000	300	28
217	0	1000	117	29
217	0	1000	198	30
217	0	1000	652	31
# Event data block #19
# Threshold	DAC	Events	Triggered	CH#
218	0	1000	739	0
218	0	1000	214	1
218	0	1000	842	2
218	0	1000	91	3
218	0	1000	359	4
218	0	1000	202	5
218	0	1000	333	6
218	0	1000	221	7
218	0	1000	284	8
218	0	1000	524	9
218	0	1000	517	10
218	0	1000	251	11
218	0	1000	261	12
218	0	1000	103	13
218	0	1000	14	14
218	0	1000	242	15
218	0	1000	81	16
218	0	1000	115	17
218	0	1000	409	18
218	0	1000	52	19
218	0	1000	724	20
218	0	1000	259	21
218	0	1000	686	22
218	0	1000	564	23
218	0	1000	556	24
218	0	1000	699	25
218	0	1000	222	26
218	0	1000	721	27
218	0	1000	459	28
218	0	1000	126	29
218	0	1000	240	30
218	0	1000	787	31
# Event data block #20
# Threshold	DAC	Events	Triggered	CH#
219	0	1000	820	0
219	0	1000	320	1
219	0	1000	873	2
219	0	1000	97	3
219	0	1000	477	4
219	0	1000	214	5
219	0	1000	401	6
219	0	1000	229	7
219	0	1000	308	8
219	0	1000	623	9
219	0	1000	633	10
219	0	1000	276	11
219	0	1000	297	12
219	0	1000	102	13
219	0	1000	13	14
219	0	1000	324	15
219	0	1000	86	16
219	0	1000	127	17
219	0	1000	559	18
219	0	1000	47	19
219	0	1000	769	20
219	0	1000	288	21
219	0	1000	736	22
219	0	1000	643	23
219	0	1000	637	24
219	0	1000	741	25
219	0	1000	222	26
219	0	1000	772	27
219	0	1000	608	28
219	0	1000	139	29
219	0	1000	335	30
219	0	1000	840	31
# Event data block #21
# Threshold	DAC	Events	Triggered	CH#
220	0	1000	844	0
220	0	1000	582	1
220	0	1000	879	2
220	0	1000	133	3
220	0	1000	556	4
220	0	1000	253	5
220	0	1000	463	6
220	0	1000	257	7
220	0	1000	352	8
220	0	1000	633	9
220	0	1000	657	10
220	0	1000	348	11
220	0	1000	382	12
220	0	1000	158	13
220	0	1000	28	14
220	0	1000	469	15
220	0	1000	133	16
220	0	1000	177	17
220	0	1000	664	18
220	0	1000	77	19
220	0	1000	769	20
220	0	1000	344	21
220	0	1000	734	22
220	0	1000	640	23
220	0	1000	645	24
220	0	1000	740	25
220	0	1000	255	26
220	0	1000	779	27
220	0	1000	705	28
220	0	1000	200	29
220	0	1000	571	30
220	0	1000	855	31
# Event data block #22
# Threshold	DAC	Events	Triggered	CH#
221	0	1000	875	0
221	0	1000	760	1
221	0	1000	892	2
221	0	1000	165	3
221	0	1000	668	4
221	0	1000	333	5
221	0	1000	545	6
221	0	1000	323	7
221	0	1000	417	8
221	0	1000	692	9
221	0	1000	724	10
221	0	1000	439	11
221	0	1000	491	12
221	0	1000	185	13
221	0	1000	22	14
221	0	1000	633	15
221	0	1000	185	16
221	0	1000	241	17
221	0	1000	744	18
221	0	1000	83	19
221	0	1000	781	20
221	0	1000	434	21
221	0	1000	760	22
221	0	1000	674	23
221	0	1000	671	24
221	0	1000	764	25
221	0	1000	336	26
221	0	1000	795	27
221	0	1000	763	28
221	0	1000	279	29
221	0	1000	760	30
221	0	1000	878	31
# Event data block #23
# Threshold	DAC	Events	Triggered	CH#
222	0	1000	882	0
222	0	1000	770	1
222	0	1000	904	2
222	0	1000	191	3
222	0	1000	674	4
222	0	1000	374	5
222	0	1000	584	6
222	0	1000	331	7
222	0	1000	444	8
222	0	1000	680	9
222	0	1000	705	10
222	0	1000	494	11
222	0	1000	561	12
222	0	1000	213	13
222	0	1000	25	14
222	0	1000	708	15
222	0	1000	229	16
222	0	1000	293	17
222	0	1000	733	18
222	0	1000	72	19
222	0	1000	767	20
222	0	1000	462	21
222	0	1000	718	22
222	0	1000	651	23
222	0	1000	659	24
222	0	1000	724	25
222	0	1000	352	26
222	0	1000	777	27
222	0	1000	748	28
222	0	1000	353	29
222	0	1000	765	30
222	0	1000	896	31
# Event data block #24
# Threshold	DAC	Events	Triggered	CH#
223	0	1000	918	0
223	0	1000	825	1
223	0	1000	941	2
223	0	1000	253	3
223	0	1000	714	4
223	0	1000	456	5
223	0	1000	639	6
223	0	1000	386	7
223	0	1000	507	8
223	0	1000	707	9
223	0	1000	736	10
223	0	1000	596	11
223	0	1000	649	12
223	0	1000	265	13
223	0	1000	37	14
223	0	1000	770	15
223	0	1000	312	16
223	0	1000	392	17
223	0	1000	770	18
223	0	1000	100	19
223	0	1000	786	20
223	0	1000	549	21
223	0	1000	739	22
223	0	1000	665	23
223	0	1000	666	24
223	0	1000	748	25
223	0	1000	421	26
223	0	1000	802	27
223	0	1000	782	28
223	0	1000	513	29
223	0	1000	807	30
223	0	1000	934	31
# Event data block #25
# Threshold	DAC	Events	Triggered	CH#
224	0	1000	960	0
224	0	1000	888	1
224	0	1000	966	2
224	0	1000	268	3
224	0	1000	765	4
224	0	1000	538	5
224	0	1000	701	6
224	0	1000	403	7
224	0	1000	545	8
224	0	1000	747	9
224	0	1000	786	10
224	0	1000	676	11
224	0	1000	724	12
224	0	1000	282	13
224	0	1000	26	14
224	0	1000	826	15
224	0	1000	435	16
224	0	1000	534	17
224	0	1000	825	18
224	0	1000	97	19
224	0	1000	832	20
224	0	1000	617	21
224	0	1000	781	22
224	0	1000	714	23
224	0	1000	712	24
224	0	1000	788	25
224	0	1000	481	26
224	0	1000	849	27
224	0	1000	837	28
224	0	1000	693	29
224	0	1000	878	30
224	0	1000	960	31
# Event data block #26
# Threshold	DAC	Events	Triggered	CH#
225	0	1000	947	0
225	0	1000	894	1
225	0	1000	951	2
225	0	1000	309	3
225	0	1000	794	4
225	0	1000	607	5
225	0	1000	740	6
225	0	1000	446	7
225	0	1000	591	8
225	0	1000	779	9
225	0	1000	804	10
225	0	1000	735	11
225	0	1000	769	12
225	0	1000	334	13
225	0	1000	42	14
225	0	1000	843	15
225	0	1000	640	16
225	0	1000	682	17
225	0	1000	836	18
225	0	1000	107	19
225	0	1000	830	20
225	0	1000	677	21
225	0	1000	796	22
225	0	1000	738	23
225	0	1000	730	24
225	0	1000	800	25
225	0	1000	557	26
225	0	1000	845	27
225	0	1000	847	28
225	0	1000	769	29
225	0	1000	879	30
225	0	1000	956	31
# Event data block #27
# Threshold	DAC	Events	Triggered	CH#
226	0	1000	974	0
226	0	1000	934	1
226	0	1000	978	2
226	0	1000	458	3
226	0	1000	838	4
226	0	1000	708	5
226	0	1000	805	6
226	0	1000	502	7
226	0	1000	676	8
226	0	1000	825	9
226	0	1000	848	10
226	0	1000	801	11
226	0	1000	832	12
226	0	1000	450	13
226	0	1000	41	14
226	0	1000	896	15
226	0	1000	800	16
226	0	1000	802	17
226	0	1000	874	18
226	0	1000	113	19
226	0	1000	869	20
226	0	1000	753	21
226	0	1000	840	22
226	0	1000	778	23
226	0	1000	778	24
226	0	1000	842	25
226	0	1000	657	26
226	0	1000	878	27
226	0	1000	880	28
226	0	1000	841	29
226	0	1000	922	30
226	0	1000	982	31
# Event data block #28
# Threshold	DAC	Events	Triggered	CH#
227	0	1000	980	0
227	0	1000	939	1
227	0	1000	976	2
227	0	1000	619	3
227	0	1000	838	4
227	0	1000	730	5
227	0	1000	788	6
227	0	1000	558	7
227	0	1000	685	8
227	0	1000	805	9
227	0	1000	832	10
227	0	1000	789	11
227	0	1000	818	12
227	0	1000	594	13
227	0	1000	60	14
227	0	1000	882	15
227	0	1000	809	16
227	0	1000	802	17
227	0	1000	863	18
227	0	1000	134	19
227	0	1000	857	20
227	0	1000	746	21
227	0	1000	816	22
227	0	1000	758	23
227	0	1000	756	24
227	0	1000	824	25
227	0	1000	690	26
227	0	1000	866	27
227	0	1000	868	28
227	0	1000	840	29
227	0	1000	917	30
227	0	1000	984	31
# Event data block #29
# Threshold	DAC	Events	Triggered	CH#
228	0	1000	976	0
228	0	1000	954	1
228	0	1000	974	2
228	0	1000	714	3
228	0	1000	828	4
228	0	1000	732	5
228	0	1000	772	6
228	0	1000	595	7
228	0	1000	691	8
228	0	1000	786	9
228	0	1000	821	10
228	0	1000	790	11
228	0	1000	816	12
228	0	1000	684	13
228	0	1000	101	14
228	0	1000	909	15
228	0	1000	830	16
228	0	1000	810	17
228	0	1000	867	18
228	0	1000	162	19
228	0	1000	847	20
228	0	1000	722	21
228	0	1000	791	22
228	0	1000	731	23
228	0	1000	732	24
228	0	1000	797	25
228	0	1000	698	26
228	0	1000	862	27
228	0	1000	878	28
228	0	1000	851	29
228	0	1000	942	30
228	0	1000	975	31
# Event data block #30
# Threshold	DAC	Events	Triggered	CH#
229	0	1000	985	0
229	0	1000	972	1
229	0	1000	985	2
229	0	1000	774	3
229	0	1000	825	4
229	0	1000	746	5
229	0	1000	782	6
229	0	1000	645	7
229	0	1000	719	8
229	0	1000	788	9
229	0	1000	822	10
229	0	1000	802	11
229	0	1000	817	12
229	0	1000	745	13
229	0	1000	171	14
229	0	1000	925	15
229	0	1000	842	16
229	0	1000	820	17
229	0	1000	871	18
229	0	1000	248	19
229	0	1000	847	20
229	0	1000	731	21
229	0	1000	792	22
229	0	1000	740	23
229	0	1000	741	24
229	0	1000	800	25
229	0	1000	723	26
229	0	1000	864	27
229	0	1000	877	28
229	0	1000	857	29
229	0	1000	953	30
229	0	1000	987	31
# Event data block #31
# Threshold	DAC	Events	Triggered	CH#
230	0	1000	993	0
230	0	1000	977	1
230	0	1000	990	2
230	0	1000	773	3
230	0	1000	837	4
230	0	1000	748	5
230	0	1000	773	6
230	0	1000	659	7
230	0	1000	720	8
230	0	1000	786	9
230	0	1000	824	10
230	0	1000	798	11
230	0	1000	829	12
230	0	1000	761	13
230	0	1000	200	14
230	0	1000	937	15
230	0	1000	865	16
230	0	1000	835	17
230	0	1000	882	18
230	0	1000	248	19
230	0	1000	850	20
230	0	1000	738	21
230	0	1000	787	22
230	0	1000	738	23
230	0	1000	738	24
230	0	1000	795	25
230	0	1000	726	26
230	0	1000	863	27
230	0	1000	887	28
230	0	1000	870	29
230	0	1000	970	30
230	0	1000	991	31
# Event data block #32
# Threshold	DAC	Events	Triggered	CH#
231	0	1000	992	0
231	0	1000	980	1
231	0	1000	988	2
231	0	1000	790	3
231	0	1000	851	4
231	0	1000	757	5
231	0	1000	780	6
231	0	1000	670	7
231	0	1000	726	8
231	0	1000	792	9
231	0	1000	826	10
231	0	1000	801	11
231	0	1000	829	12
231	0	1000	776	13
231	0	1000	209	14
231	0	1000	945	15
231	0	1000	876	16
231	0	1000	841	17
231	0	1000	878	18
231	0	1000	265	19
231	0	1000	846	20
231	0	1000	745	21
231	0	1000	794	22
231	0	1000	739	23
231	0	1000	736	24
231	0	1000	797	25
231	0	1000	733	26
231	0	1000	863	27
231	0	1000	890	28
231	0	1000	881	29
231	0	1000	971	30
231	0	1000	994	31
# Event data block #33
# Threshold	DAC	Events	Triggered	CH#
232	0	1000	992	0
232	0	1000	984	1
232	0	1000	989	2
232	0	1000	787	3
232	0	1000	876	4
232	0	1000	741	5
232	0	1000	771	6
232	0	1000	663	7
232	0	1000	705	8
232	0	1000	785	9
232	0	1000	823	10
232	0	1000	799	11
232	0	1000	836	12
232	0	1000	775	13
232	0	1000	286	14
232	0	1000	958	15
232	0	1000	895	16
232	0	1000	861	17
232	0	1000	902	18
232	0	1000	362	19
232	0	1000	855	20
232	0	1000	723	21
232	0	1000	780	22
232	0	1000	715	23
232	0	1000	719	24
232	0	1000	787	25
232	0	1000	716	26
232	0	1000	872	27
232	0	1000	905	28
232	0	1000	900	29
232	0	1000	971	30
232	0	1000	993	31
# Event data block #34
# Threshold	DAC	Events	Triggered	CH#
233	0	1000	993	0
233	0	1000	989	1
233	0	1000	992	2
233	0	1000	829	3
233	0	1000	925	4
233	0	1000	782	5
233	0	1000	807	6
233	0	1000	695	7
233	0	1000	733	8
233	0	1000	812	9
233	0	1000	860	10
233	0	1000	831	11
233	0	1000	867	12
233	0	1000	809	13
233	0	1000	390	14
233	0	1000	968	15
233	0	1000	932	16
233	0	1000	908	17
233	0	1000	933	18
233	0	1000	473	19
233	0	1000	891	20
233	0	1000	754	21
233	0	1000	812	22
233	0	1000	740	23
233	0	1000	739	24
233	0	1000	824	25
233	0	1000	746	26
233	0	1000	908	27
233	0	1000	932	28
233	0	1000	934	29
233	0	1000	984	30
233	0	1000	994	31
# Event data block #35
# Threshold	DAC	Events	Triggered	CH#
234	0	1000	999	0
234	0	1000	993	1
234	0	1000	996	2
234	0	1000	864	3
234	0	1000	993	4
234	0	1000	814	5
234	0	1000	836	6
234	0	1000	721	7
234	0	1000	757	8
234	0	1000	847	9
234	0	1000	881	10
234	0	1000	861	11
234	0	1000	887	12
234	0	1000	852	13
234	0	1000	538	14
234	0	1000	980	15
234	0	1000	955	16
234	0	1000	925	17
234	0	1000	946	18
234	0	1000	581	19
234	0	1000	903	20
234	0	1000	792	21
234	0	1000	843	22
234	0	1000	781	23
234	0	1000	778	24
234	0	1000	848	25
234	0	1000	782	26
234	0	1000	916	27
234	0	1000	941	28
234	0	1000	953	29
234	0	1000	989	30
234	0	1000	999	31
# Event data block #36
# Threshold	DAC	Events	Triggered	CH#
235	0	1000	999	0
235	0	1000	997	1
235	0	1000	998	2
235	0	1000	864	3
235	0	1000	1000	4
235	0	1000	812	5
235	0	1000	826	6
235	0	1000	718	7
235	0	1000	757	8
235	0	1000	833	9
235	0	1000	873	10
235	0	1000	855	11
235	0	1000	890	12
235	0	1000	846	13
235	0	1000	671	14
235	0	1000	981	15
235	0	1000	962	16
235	0	1000	934	17
235	0	1000	947	18
235	0	1000	631	19
235	0	1000	901	20
235	0	1000	782	21
235	0	1000	825	22
235	0	1000	759	23
235	0	1000	757	24
235	0	1000	832	25
235	0	1000	771	26
235	0	1000	913	27
235	0	1000	949	28
235	0	1000	957	29
235	0	1000	993	30
235	0	1000	998	31
# Event data block #37
# Threshold	DAC	Events	Triggered	CH#
236	0	1000	998	0
236	0	1000	997	1
236	0	1000	997	2
236	0	1000	892	3
236	0	1000	1000	4
236	0	1000	827	5
236	0	1000	841	6
236	0	1000	729	7
236	0	1000	764	8
236	0	1000	851	9
236	0	1000	896	10
236	0	1000	874	11
236	0	1000	912	12
236	0	1000	879	13
236	0	1000	727	14
236	0	1000	989	15
236	0	1000	976	16
236	0	1000	952	17
236	0	1000	964	18
236	0	1000	670	19
236	0	1000	927	20
236	0	1000	798	21
236	0	1000	835	22
236	0	1000	772	23
236	0	1000	765	24
236	0	1000	849	25
236	0	1000	785	26
236	0	1000	933	27
236	0	1000	961	28
236	0	1000	973	29
236	0	1000	994	30
236	0	1000	998	31
# Event data block #38
# Threshold	DAC	Events	Triggered	CH#
237	0	1000	999	0
237	0	1000	998	1
237	0	1000	997	2
237	0	1000	912	3
237	0	1000	1000	4
237	0	1000	842	5
237	0	1000	846	6
237	0	1000	736	7
237	0	1000	761	8
237	0	1000	861	9
237	0	1000	901	10
237	0	1000	890	11
237	0	1000	925	12
237	0	1000	884	13
237	0	1000	771	14
237	0	1000	989	15
237	0	1000	982	16
237	0	1000	962	17
237	0	1000	971	18
237	0	1000	662	19
237	0	1000	937	20
237	0	1000	814	21
237	0	1000	837	22
237	0	1000	771	23
237	0	1000	764	24
237	0	1000	852	25
237	0	1000	788	26
237	0	1000	940	27
237	0	1000	965	28
237	0	1000	976	29
237	0	1000	996	30
237	0	1000	998	31
# Event data block #39
# Threshold	DAC	Events	Triggered	CH#
238	0	1000	999	0
238	0	1000	998	1
238	0	1000	997	2
238	0	1000	918	3
238	0	1000	1000	4
238	0	1000	864	5
238	0	1000	858	6
238	0	1000	766	7
238	0	1000	790	8
238	0	1000	876	9
238	0	1000	908	10
238	0	1000	887	11
238	0	1000	918	12
238	0	1000	897	13
238	0	1000	803	14
238	0	1000	989	15
238	0	1000	982	16
238	0	1000	972	17
238	0	1000	976	18
238	0	1000	715	19
238	0	1000	946	20
238	0	1000	833	21
238	0	1000	849	22
238	0	1000	804	23
238	0	1000	795	24
238	0	1000	859	25
238	0	1000	812	26
238	0	1000	944	27
238	0	1000	964	28
238	0	1000	980	29
238	0	1000	995	30
238	0	1000	1000	31
# Event data block #40
# Threshold	DAC	Events	Triggered	CH#
239	0	1000	995	0
239	0	1000	995	1
239	0	1000	995	2
239	0	1000	919	3
239	0	1000	1000	4
239	0	1000	869	5
239	0	1000	860	6
239	0	1000	729	7
239	0	1000	765	8
239	0	1000	907	9
239	0	1000	914	10
239	0	1000	895	11
239	0	1000	926	12
239	0	1000	908	13
239	0	1000	805	14
239	0	1000	990	15
239	0	1000	986	16
239	0	1000	976	17
239	0	1000	979	18
239	0	1000	695	19
239	0	1000	999	20
239	0	1000	844	21
239	0	1000	834	22
239	0	1000	777	23
239	0	1000	760	24
239	0	1000	840	25
239	0	1000	788	26
239	0	1000	945	27
239	0	1000	970	28
239	0	1000	983	29
239	0	1000	991	30
239	0	1000	995	31
# Event data block #41
# Threshold	DAC	Events	Triggered	CH#
240	0	1000	999	0
240	0	1000	1000	1
240	0	1000	998	2
240	0	1000	912	3
240	0	1000	1000	4
240	0	1000	912	5
240	0	1000	863	6
240	0	1000	725	7
240	0	1000	750	8
240	0	1000	1000	9
240	0	1000	905	10
240	0	1000	877	11
240	0	1000	912	12
240	0	1000	901	13
240	0	1000	822	14
240	0	1000	986	15
240	0	1000	980	16
240	0	1000	973	17
240	0	1000	984	18
240	0	1000	758	19
240	0	1000	1000	20
240	0	1000	1000	21
240	0	1000	836	22
240	0	1000	951	23
240	0	1000	773	24
240	0	1000	848	25
240	0	1000	795	26
240	0	1000	931	27
240	0	1000	957	28
240	0	1000	976	29
240	0	1000	998	30
240	0	1000	999	31
# Event data block #42
# Threshold	DAC	Events	Triggered	CH#
241	0	1000	1000	0
241	0	1000	1000	1
241	0	1000	1000	2
241	0	1000	932	3
241	0	1000	1000	4
241	0	1000	1000	5
241	0	1000	876	6
241	0	1000	739	7
241	0	1000	774	8
241	0	1000	1000	9
241	0	1000	920	10
241	0	1000	890	11
241	0	1000	925	12
241	0	1000	913	13
241	0	1000	846	14
241	0	1000	993	15
241	0	1000	991	16
241	0	1000	994	17
241	0	1000	1000	18
241	0	1000	1000	19
241	0	1000	1000	20
241	0	1000	1000	21
241	0	1000	849	22
241	0	1000	1000	23
241	0	1000	795	24
241	0	1000	858	25
241	0	1000	815	26
241	0	1000	941	27
241	0	1000	967	28
241	0	1000	988	29
241	0	1000	1000	30
241	0	1000	1000	31
# Event data block #43
# Threshold	DAC	Events	Triggered	CH#
242	0	1000	1000	0
242	0	1000	1000	1
242	0	1000	1000	2
242	0	1000	950	3
242	0	1000	1000	4
242	0	1000	1000	5
242	0	1000	959	6
242	0	1000	724	7
242	0	1000	773	8
242	0	1000	1000	9
242	0	1000	956	10
242	0	1000	905	11
242	0	1000	946	12
242	0	1000	936	13
242	0	1000	874	14
242	0	1000	991	15
242	0	1000	988	16
242	0	1000	1000	17
242	0	1000	1000	18
242	0	1000	1000	19
242	0	1000	1000	20
242	0	1000	1000	21
242	0	1000	840	22
242	0	1000	1000	23
242	0	1000	1000	24
242	0	1000	855	25
242	0	1000	822	26
242	0	1000	968	27
242	0	1000	978	28
242	0	1000	987	29
242	0	1000	998	30
242	0	1000	1000	31
# Event data block #44
# Threshold	DAC	Events	Triggered	CH#
243	0	1000	1000	0
243	0	1000	1000	1
243	0	1000	1000	2
243	0	1000	967	3
243	0	1000	1000	4
243	0	1000	1000	5
243	0	1000	1000	6
243	0	1000	769	7
243	0	1000	801	8
243	0	1000	1000	9
243	0	1000	1000	10
243	0	1000	913	11
243	0	1000	943	12
243	0	1000	936	13
243	0	1000	913	14
243	0	1000	994	15
243	0	1000	989	16
243	0	1000	1000	17
243	0	1000	1000	18
243	0	1000	1000	19
243	0	1000	1000	20
243	0	1000	1000	21
243	0	1000	886	22
243	0	1000	1000	23
243	0	1000	1000	24
243	0	1000	902	25
243	0	1000	886	26
243	0	1000	1000	27
243	0	1000	971	28
243	0	1000	985	29
243	0	1000	998	30
243	0	1000	1000	31
# Event data block #45
# Threshold	DAC	Events	Triggered	CH#
244	0	1000	1000	0
244	0	1000	1000	1
244	0	1000	1000	2
244	0	1000	976	3
244	0	1000	1000	4
244	0	1000	1000	5
244	0	1000	1000	6
244	0	1000	795	7
244	0	1000	835	8
244	0	1000	1000	9
244	0	1000	1000	10
244	0	1000	933	11
244	0	1000	961	12
244	0	1000	959	13
244	0	1000	932	14
244	0	1000	996	15
244	0	1000	993	16
244	0	1000	1000	17
244	0	1000	1000	18
244	0	1000	1000	19
244	0	1000	1000	20
244	0	1000	1000	21
244	0	1000	964	22
244	0	1000	1000	23
244	0	1000	1000	24
244	0	1000	1000	25
244	0	1000	1000	26
244	0	1000	1000	27
244	0	1000	984	28
244	0	1000	991	29
244	0	1000	999	30
244	0	1000	1000	31
# Event data block #46
# Threshold	DAC	Events	Triggered	CH#
245	0	1000	1000	0
245	0	1000	1000	1
245	0	1000	1000	2
245	0	1000	1000	3
245	0	1000	1000	4
245	0	1000	1000	5
245	0	1000	1000	6
245	0	1000	751	7
245	0	1000	802	8
245	0	1000	1000	9
245	0	1000	1000	10
245	0	1000	931	11
245	0	1000	968	12
245	0	1000	964	13
245	0	1000	934	14
245	0	1000	996	15
245	0	1000	996	16
245	0	1000	1000	17
245	0	1000	1000	18
245	0	1000	1000	19
245	0	1000	1000	20
245	0	1000	1000	21
245	0	1000	1000	22
245	0	1000	1000	23
245	0	1000	1000	24
245	0	1000	1000	25
245	0	1000	1000	26
245	0	1000	1000	27
245	0	1000	990	28
245	0	1000	995	29
245	0	1000	1000	30
245	0	1000	1000	31
# Event data block #47
# Threshold	DAC	Events	Triggered	CH#
246	0	1000	1000	0
246	0	1000	1000	1
246	0	1000	1000	2
246	0	1000	1000	3
246	0	1000	1000	4
246	0	1000	1000	5
246	0	1000	1000	6
246	0	1000	797	7
246	0	1000	849	8
246	0	1000	1000	9
246	0	1000	1000	10
246	0	1000	956	11
246	0	1000	982	12
246	0	1000	977	13
246	0	1000	964	14
246	0	1000	998	15
246	0	1000	998	16
246	0	1000	1000	17
246	0	1000	1000	18
246	0	1000	1000	19
246	0	1000	1000	20
246	0	1000	1000	21
246	0	1000	1000	22
246	0	1000	1000	23
246	0	1000	1000	24
246	0	1000	1000	25
246	0	1000	1000	26
246	0	1000	1000	27
246	0	1000	1000	28
246	0	1000	997	29
246	0	1000	1000	30
246	0	1000	1000	31
# Event data block #48
# Threshold	DAC	Events	Triggered	CH#
247	0	1000	1000	0
247	0	1000	1000	1
247	0	1000	1000	2
247	0	1000	1000	3
247	0	1000	1000	4
247	0	1000	1000	5
247	0	1000	1000	6
247	0	1000	798	7
247	0	1000	901	8
247	0	1000	1000	9
247	0	1000	1000	10
247	0	1000	960	11
247	0	1000	1000	12
247	0	1000	982	13
247	0	1000	977	14
247	0	1000	1000	15
247	0	1000	999	16
247	0	1000	1000	17
247	0	1000	1000	18
247	0	1000	1000	19
247	0	1000	1000	20
247	0	1000	1000	21
247	0	1000	1000	22
247	0	1000	1000	23
247	0	1000	1000	24
247	0	1000	1000	25
247	0	1000	1000	26
247	0	1000	1000	27
247	0	1000	1000	28
247	0	1000	1000	29
247	0	1000	1000	30
247	0	1000	1000	31
# Event data block #49
# Threshold	DAC	Events	Triggered	CH#
248	0	1000	1000	0
248	0	1000	1000	1
248	0	1000	1000	2
248	0	1000	1000	3
248	0	1000	1000	4
248	0	1000	1000	5
248	0	1000	1000	6
248	0	1000	846	7
248	0	1000	1000	8
248	0	1000	1000	9
248	0	1000	1000	10
248	0	1000	964	11
248	0	1000	1000	12
248	0	1000	987	13
248	0	1000	980	14
248	0	1000	1000	15
248	0	1000	1000	16
248	0	1000	1000	17
248	0	1000	1000	18
248	0	1000	1000	19
248	0	1000	1000	20
248	0	1000	1000	21
248	0	1000	1000	22
248	0	1000	1000	23
248	0	1000	1000	24
248	0	1000	1000	25
248	0	1000	1000	26
248	0	1000	1000	27
248	0	1000	1000	28
248	0	1000	1000	29
248	0	1000	1000	30
248	0	1000	1000	31
# Event data block #50
# Threshold	DAC	Events	Triggered	CH#
249	0	1000	1000	0
249	0	1000	1000	1
249	0	1000	1000	2
249	0	1000	1000	3
249	0	1000	1000	4
249	0	1000	1000	5
249	0	1000	1000	6
249	0	1000	844	7
249	0	1000	1000	8
249	0	1000	1000	9
249	0	1000	1000	10
249	0	1000	990	11
249	0	1000	1000	12
249	0	1000	1000	13
249	0	1000	991	14
249	0	1000	999	15
249	0	1000	1000	16
249	0	1000	1000	17
249	0	1000	1000	18
249	0	1000	1000	19
249	0	1000	1000	20
249	0	1000	1000	21
249	0	1000	1000	22
249	0	1000	1000	23
249	0	1000	1000	24
249	0	1000	1000	25
249	0	1000	1000	26
249	0	1000	1000	27
249	0	1000	1000	28
249	0	1000	1000	29
249	0	1000	1000	30
249	0	1000	1000	31
# Event data block #51
# Threshold	DAC	Events	Triggered	CH#
250	0	1000	1000	0
250	0	1000	1000	1
250	0	1000	1000	2
250	0	1000	1000	3
250	0	1000	1000	4
250	0	1000	1000	5
250	0	1000	1000	6
250	0	1000	837	7
250	0	1000	1000	8
250	0	1000	1000	9
250	0	1000	1000	10
250	0	1000	1000	11
250	0	1000	1000	12
250	0	1000	1000	13
250	0	1000	1000	14
250	0	1000	1000	15
250	0	1000	1000	16
250	0	1000	1000	17
250	0	1000	1000	18
250	0	1000	1000	19
250	0	1000	1000	20
250	0	1000	1000	21
250	0	1000	1000	22
250	0	1000	1000	23
250	0	1000	1000	24
250	0	1000	1000	25
250	0	1000	1000	26
250	0	1000	1000	27
250	0	1000	1000	28
250	0	1000	1000	29
250	0	1000	1000	30
250	0	1000	1000	31
# Event data block #52
# Threshold	DAC	Events	Triggered	CH#
251	0	1000	1000	0
251	0	1000	1000	1
251	0	1000	1000	2
251	0	1000	1000	3
251	0	1000	1000	4
251	0	1000	1000	5
251	0	1000	1000	6
251	0	1000	1000	7
251	0	1000	1000	8
251	0	1000	1000	9
251	0	1000	1000	10
251	0	1000	1000	11
251	0	1000	1000	12
251	0	1000	1000	13
251	0	1000	1000	14
251	0	1000	1000	15
251	0	1000	1000	16
251	0	1000	1000	17
251	0	1000	1000	18
251	0	1000	1000	19
251	0	1000	1000	20
251	0	1000	1000	21
251	0	1000	1000	22
251	0	1000	1000	23
251	0	1000	1000	24
251	0	1000	1000	25
251	0	1000	1000	26
251	0	1000	1000	27
251	0	1000	1000	28
251	0	1000	1000	29
251	0	1000	1000	30
251	0	1000	1000	31
# Event data block #53
# Threshold	DAC	Events	Triggered	CH#
252	0	1000	1000	0
252	0	1000	1000	1
252	0	1000	1000	2
252	0	1000	1000	3
252	0	1000	1000	4
252	0	1000	1000	5
252	0	1000	1000	6
252	0	1000	1000	7
252	0	1000	1000	8
252	0	1000	1000	9
252	0	1000	1000	10
252	0	1000	1000	11
252	0	1000	1000	12
252	0	1000	1000	13
252	0	1000	1000	14
252	0	1000	1000	15
252	0	1000	1000	16
252	0	1000	1000	17
252	0	1000	1000	18
252	0	1000	1000	19
252	0	1000	1000	20
252	0	1000	1000	21
252	0	1000	1000	22
252	0	1000	1000	23
252	0	1000	1000	24
252	0	1000	1000	25
252	0	1000	1000	26
252	0	1000	1000	27
252	0	1000	1000	28
252	0	1000	1000	29
252	0	1000	1000	30
252	0	1000	1000	31
# Event data block #54
# Threshold	DAC	Events	Triggered	CH#
253	0	1000	1000	0
253	0	1000	1000	1
253	0	1000	1000	2
253	0	1000	1000	3
253	0	1000	1000	4
253	0	1000	1000	5
253	0	1000	1000	6
253	0	1000	1000	7
253	0	1000	1000	8
253	0	1000	1000	9
253	0	1000	1000	10
253	0	1000	1000	11
253	0	1000	1000	12
253	0	1000	1000	13
253	0	1000	1000	14
253	0	1000	1000	15
253	0	1000	1000	16
253	0	1000	1000	17
253	0	1000	1000	18
253	0	1000	1000	19
253	0	1000	1000	20
253	0	1000	1000	21
253	0	1000	1000	22
253	0	1000	1000	23
253	0	1000	1000	24
253	0	1000	1000	25
253	0	1000	1000	26
253	0	1000	1000	27
253	0	1000	1000	28
253	0	1000	1000	29
253	0	1000	1000	30
253	0	1000	1000	31
# Event data block #55
# Threshold	DAC	Events	Triggered	CH#
254	0	1000	1000	0
254	0	1000	1000	1
254	0	1000	1000	2
254	0	1000	1000	3
254	0	1000	1000	4
254	0	1000	1000	5
254	0	1000	1000	6
254	0	1000	1000	7
254	0	1000	1000	8
254	0	1000	1000	9
254	0	1000	1000	10
254	0	1000	1000	11
254	0	1000	1000	12
254	0	1000	1000	13
254	0	1000	1000	14
254	0	1000	1000	15
254	0	1000	1000	16
254	0	1000	1000	17
254	0	1000	1000	18
254	0	1000	1000	19
254	0	1000	1000	20
254	0	1000	1000	21
254	0	1000	1000	22
254	0	1000	1000	23
254	0	1000	1000	24
254	0	1000	1000	25
254	0	1000	1000	26
254	0	1000	1000	27
254	0	1000	1000	28
254	0	1000	1000	29
254	0	1000	1000	30
254	0	1000	1000	31
# Event data block #56
# Threshold	DAC	Events	Triggered	CH#
255	0	1000	1000	0
255	0	1000	1000	1
255	0	1000	1000	2
255	0	1000	1000	3
255	0	1000	1000	4
255	0	1000	1000	5
255	0	1000	1000	6
255	0	1000	1000	7
255	0	1000	1000	8
255	0	1000	1000	9
255	0	1000	1000	10
255	0	1000	1000	11
255	0	1000	1000	12
255	0	1000	1000	13
255	0	1000	1000	14
255	0	1000	1000	15
255	0	1000	1000	16
255	0	1000	1000	17
255	0	1000	1000	18
255	0	1000	1000	19
255	0	1000	1000	20
255	0	1000	1000	21
255	0	1000	1000	22
255	0	1000	1000	23
255	0	1000	1000	24
255	0	1000	1000	25
255	0	1000	1000	26
255	0	1000	1000	27
255	0	1000	1000	28
255	0	1000	1000	29
255	0	1000	1000	30
255	0	1000	1000	31
