# ASIC configuration for the measurements:
# ------------------------------------------------------------------------------
# Mode = 000 
# Bias = 0101 
# CSArefs = 1011 
# Shaper = 011 
# Leakage mask = 00000000000000000000000000000000 
# Discr. enable mask = 11111111111111111111111111111111 
# Calibration mask = 00000000000000000000000000000000 
# Threshold = 255 
# FineTHR[0] = 010 
# FineTHR[1] = 010 
# FineTHR[2] = 010 
# FineTHR[3] = 010 
# FineTHR[4] = 010 
# FineTHR[5] = 010 
# FineTHR[6] = 010 
# FineTHR[7] = 010 
# FineTHR[8] = 010 
# FineTHR[9] = 010 
# FineTHR[10] = 010 
# FineTHR[11] = 010 
# FineTHR[12] = 010 
# FineTHR[13] = 010 
# FineTHR[14] = 010 
# FineTHR[15] = 010 
# FineTHR[16] = 010 
# FineTHR[17] = 010 
# FineTHR[18] = 010 
# FineTHR[19] = 010 
# FineTHR[20] = 010 
# FineTHR[21] = 010 
# FineTHR[22] = 010 
# FineTHR[23] = 010 
# FineTHR[24] = 010 
# FineTHR[25] = 010 
# FineTHR[26] = 010 
# FineTHR[27] = 010 
# FineTHR[28] = 010 
# FineTHR[29] = 010 
# FineTHR[30] = 010 
# FineTHR[31] = 010 
# ------------------------------------------------------------------------------
# Event data block #1
# Threshold	DAC	Events	Triggered	CH#
200	0	1000	0	0
200	0	1000	0	1
200	0	1000	6	2
200	0	1000	3	3
200	0	1000	34	4
200	0	1000	34	5
200	0	1000	60	6
200	0	1000	62	7
200	0	1000	68	8
200	0	1000	81	9
200	0	1000	65	10
200	0	1000	42	11
200	0	1000	23	12
200	0	1000	2	13
200	0	1000	0	14
200	0	1000	2	15
200	0	1000	0	16
200	0	1000	0	17
200	0	1000	11	18
200	0	1000	2	19
200	0	1000	76	20
200	0	1000	43	21
200	0	1000	111	22
200	0	1000	129	23
200	0	1000	129	24
200	0	1000	114	25
200	0	1000	30	26
200	0	1000	62	27
200	0	1000	9	28
200	0	1000	0	29
200	0	1000	0	30
200	0	1000	1	31
# Event data block #2
# Threshold	DAC	Events	Triggered	CH#
201	0	1000	0	0
201	0	1000	0	1
201	0	1000	18	2
201	0	1000	3	3
201	0	1000	42	4
201	0	1000	41	5
201	0	1000	67	6
201	0	1000	70	7
201	0	1000	74	8
201	0	1000	80	9
201	0	1000	68	10
201	0	1000	42	11
201	0	1000	36	12
201	0	1000	6	13
201	0	1000	0	14
201	0	1000	1	15
201	0	1000	0	16
201	0	1000	0	17
201	0	1000	21	18
201	0	1000	2	19
201	0	1000	82	20
201	0	1000	51	21
201	0	1000	114	22
201	0	1000	121	23
201	0	1000	126	24
201	0	1000	111	25
201	0	1000	37	26
201	0	1000	71	27
201	0	1000	18	28
201	0	1000	0	29
201	0	1000	0	30
201	0	1000	0	31
# Event data block #3
# Threshold	DAC	Events	Triggered	CH#
202	0	1000	1	0
202	0	1000	0	1
202	0	1000	9	2
202	0	1000	2	3
202	0	1000	34	4
202	0	1000	29	5
202	0	1000	56	6
202	0	1000	60	7
202	0	1000	66	8
202	0	1000	81	9
202	0	1000	64	10
202	0	1000	37	11
202	0	1000	25	12
202	0	1000	2	13
202	0	1000	0	14
202	0	1000	1	15
202	0	1000	0	16
202	0	1000	1	17
202	0	1000	13	18
202	0	1000	0	19
202	0	1000	86	20
202	0	1000	39	21
202	0	1000	124	22
202	0	1000	114	23
202	0	1000	117	24
202	0	1000	121	25
202	0	1000	25	26
202	0	1000	65	27
202	0	1000	11	28
202	0	1000	0	29
202	0	1000	0	30
202	0	1000	1	31
# Event data block #4
# Threshold	DAC	Events	Triggered	CH#
203	0	1000	1	0
203	0	1000	0	1
203	0	1000	29	2
203	0	1000	1	3
203	0	1000	50	4
203	0	1000	48	5
203	0	1000	74	6
203	0	1000	76	7
203	0	1000	78	8
203	0	1000	89	9
203	0	1000	80	10
203	0	1000	57	11
203	0	1000	47	12
203	0	1000	2	13
203	0	1000	0	14
203	0	1000	1	15
203	0	1000	0	16
203	0	1000	1	17
203	0	1000	34	18
203	0	1000	0	19
203	0	1000	95	20
203	0	1000	57	21
203	0	1000	147	22
203	0	1000	140	23
203	0	1000	144	24
203	0	1000	148	25
203	0	1000	46	26
203	0	1000	81	27
203	0	1000	29	28
203	0	1000	1	29
203	0	1000	1	30
203	0	1000	1	31
# Event data block #5
# Threshold	DAC	Events	Triggered	CH#
204	0	1000	3	0
204	0	1000	1	1
204	0	1000	28	2
204	0	1000	5	3
204	0	1000	56	4
204	0	1000	51	5
204	0	1000	84	6
204	0	1000	83	7
204	0	1000	91	8
204	0	1000	105	9
204	0	1000	94	10
204	0	1000	60	11
204	0	1000	40	12
204	0	1000	6	13
204	0	1000	0	14
204	0	1000	5	15
204	0	1000	0	16
204	0	1000	4	17
204	0	1000	24	18
204	0	1000	2	19
204	0	1000	115	20
204	0	1000	63	21
204	0	1000	166	22
204	0	1000	161	23
204	0	1000	160	24
204	0	1000	169	25
204	0	1000	50	26
204	0	1000	101	27
204	0	1000	23	28
204	0	1000	1	29
204	0	1000	1	30
204	0	1000	4	31
# Event data block #6
# Threshold	DAC	Events	Triggered	CH#
205	0	1000	0	0
205	0	1000	0	1
205	0	1000	43	2
205	0	1000	1	3
205	0	1000	63	4
205	0	1000	53	5
205	0	1000	82	6
205	0	1000	80	7
205	0	1000	92	8
205	0	1000	113	9
205	0	1000	89	10
205	0	1000	61	11
205	0	1000	52	12
205	0	1000	3	13
205	0	1000	0	14
205	0	1000	2	15
205	0	1000	0	16
205	0	1000	0	17
205	0	1000	39	18
205	0	1000	0	19
205	0	1000	128	20
205	0	1000	68	21
205	0	1000	177	22
205	0	1000	169	23
205	0	1000	168	24
205	0	1000	179	25
205	0	1000	50	26
205	0	1000	99	27
205	0	1000	36	28
205	0	1000	0	29
205	0	1000	0	30
205	0	1000	1	31
# Event data block #7
# Threshold	DAC	Events	Triggered	CH#
206	0	1000	4	0
206	0	1000	1	1
206	0	1000	42	2
206	0	1000	5	3
206	0	1000	61	4
206	0	1000	51	5
206	0	1000	77	6
206	0	1000	78	7
206	0	1000	88	8
206	0	1000	108	9
206	0	1000	90	10
206	0	1000	52	11
206	0	1000	43	12
206	0	1000	6	13
206	0	1000	0	14
206	0	1000	5	15
206	0	1000	0	16
206	0	1000	2	17
206	0	1000	39	18
206	0	1000	3	19
206	0	1000	126	20
206	0	1000	63	21
206	0	1000	197	22
206	0	1000	184	23
206	0	1000	187	24
206	0	1000	199	25
206	0	1000	44	26
206	0	1000	100	27
206	0	1000	39	28
206	0	1000	1	29
206	0	1000	1	30
206	0	1000	5	31
# Event data block #8
# Threshold	DAC	Events	Triggered	CH#
207	0	1000	8	0
207	0	1000	2	1
207	0	1000	62	2
207	0	1000	8	3
207	0	1000	69	4
207	0	1000	57	5
207	0	1000	86	6
207	0	1000	86	7
207	0	1000	93	8
207	0	1000	112	9
207	0	1000	96	10
207	0	1000	67	11
207	0	1000	54	12
207	0	1000	8	13
207	0	1000	0	14
207	0	1000	9	15
207	0	1000	0	16
207	0	1000	4	17
207	0	1000	47	18
207	0	1000	3	19
207	0	1000	142	20
207	0	1000	73	21
207	0	1000	206	22
207	0	1000	195	23
207	0	1000	190	24
207	0	1000	214	25
207	0	1000	56	26
207	0	1000	112	27
207	0	1000	46	28
207	0	1000	1	29
207	0	1000	3	30
207	0	1000	15	31
# Event data block #9
# Threshold	DAC	Events	Triggered	CH#
208	0	1000	16	0
208	0	1000	2	1
208	0	1000	65	2
208	0	1000	8	3
208	0	1000	65	4
208	0	1000	54	5
208	0	1000	81	6
208	0	1000	81	7
208	0	1000	93	8
208	0	1000	122	9
208	0	1000	102	10
208	0	1000	64	11
208	0	1000	56	12
208	0	1000	13	13
208	0	1000	0	14
208	0	1000	14	15
208	0	1000	0	16
208	0	1000	4	17
208	0	1000	50	18
208	0	1000	4	19
208	0	1000	160	20
208	0	1000	67	21
208	0	1000	240	22
208	0	1000	220	23
208	0	1000	216	24
208	0	1000	251	25
208	0	1000	54	26
208	0	1000	122	27
208	0	1000	50	28
208	0	1000	2	29
208	0	1000	2	30
208	0	1000	23	31
# Event data block #10
# Threshold	DAC	Events	Triggered	CH#
209	0	1000	31	0
209	0	1000	12	1
209	0	1000	101	2
209	0	1000	18	3
209	0	1000	85	4
209	0	1000	74	5
209	0	1000	112	6
209	0	1000	98	7
209	0	1000	118	8
209	0	1000	155	9
209	0	1000	134	10
209	0	1000	88	11
209	0	1000	79	12
209	0	1000	22	13
209	0	1000	0	14
209	0	1000	28	15
209	0	1000	6	16
209	0	1000	14	17
209	0	1000	77	18
209	0	1000	6	19
209	0	1000	219	20
209	0	1000	88	21
209	0	1000	320	22
209	0	1000	278	23
209	0	1000	265	24
209	0	1000	334	25
209	0	1000	76	26
209	0	1000	170	27
209	0	1000	77	28
209	0	1000	12	29
209	0	1000	12	30
209	0	1000	44	31
# Event data block #11
# Threshold	DAC	Events	Triggered	CH#
210	0	1000	51	0
210	0	1000	15	1
210	0	1000	137	2
210	0	1000	21	3
210	0	1000	107	4
210	0	1000	88	5
210	0	1000	131	6
210	0	1000	116	7
210	0	1000	130	8
210	0	1000	178	9
210	0	1000	149	10
210	0	1000	102	11
210	0	1000	99	12
210	0	1000	31	13
210	0	1000	0	14
210	0	1000	45	15
210	0	1000	4	16
210	0	1000	14	17
210	0	1000	95	18
210	0	1000	10	19
210	0	1000	288	20
210	0	1000	105	21
210	0	1000	377	22
210	0	1000	332	23
210	0	1000	324	24
210	0	1000	412	25
210	0	1000	84	26
210	0	1000	209	27
210	0	1000	92	28
210	0	1000	13	29
210	0	1000	15	30
210	0	1000	66	31
# Event data block #12
# Threshold	DAC	Events	Triggered	CH#
211	0	1000	60	0
211	0	1000	22	1
211	0	1000	162	2
211	0	1000	26	3
211	0	1000	115	4
211	0	1000	88	5
211	0	1000	138	6
211	0	1000	117	7
211	0	1000	140	8
211	0	1000	193	9
211	0	1000	167	10
211	0	1000	98	11
211	0	1000	93	12
211	0	1000	34	13
211	0	1000	1	14
211	0	1000	52	15
211	0	1000	5	16
211	0	1000	24	17
211	0	1000	94	18
211	0	1000	13	19
211	0	1000	346	20
211	0	1000	112	21
211	0	1000	454	22
211	0	1000	385	23
211	0	1000	375	24
211	0	1000	490	25
211	0	1000	88	26
211	0	1000	243	27
211	0	1000	92	28
211	0	1000	14	29
211	0	1000	25	30
211	0	1000	72	31
# Event data block #13
# Threshold	DAC	Events	Triggered	CH#
212	0	1000	68	0
212	0	1000	29	1
212	0	1000	231	2
212	0	1000	27	3
212	0	1000	115	4
212	0	1000	90	5
212	0	1000	142	6
212	0	1000	112	7
212	0	1000	138	8
212	0	1000	209	9
212	0	1000	179	10
212	0	1000	106	11
212	0	1000	102	12
212	0	1000	35	13
212	0	1000	0	14
212	0	1000	50	15
212	0	1000	6	16
212	0	1000	25	17
212	0	1000	105	18
212	0	1000	10	19
212	0	1000	419	20
212	0	1000	109	21
212	0	1000	506	22
212	0	1000	392	23
212	0	1000	374	24
212	0	1000	551	25
212	0	1000	88	26
212	0	1000	294	27
212	0	1000	106	28
212	0	1000	17	29
212	0	1000	33	30
212	0	1000	96	31
# Event data block #14
# Threshold	DAC	Events	Triggered	CH#
213	0	1000	82	0
213	0	1000	35	1
213	0	1000	453	2
213	0	1000	29	3
213	0	1000	115	4
213	0	1000	87	5
213	0	1000	135	6
213	0	1000	111	7
213	0	1000	129	8
213	0	1000	234	9
213	0	1000	188	10
213	0	1000	98	11
213	0	1000	96	12
213	0	1000	38	13
213	0	1000	0	14
213	0	1000	63	15
213	0	1000	3	16
213	0	1000	25	17
213	0	1000	106	18
213	0	1000	13	19
213	0	1000	539	20
213	0	1000	109	21
213	0	1000	567	22
213	0	1000	435	23
213	0	1000	414	24
213	0	1000	606	25
213	0	1000	84	26
213	0	1000	414	27
213	0	1000	104	28
213	0	1000	19	29
213	0	1000	42	30
213	0	1000	115	31
# Event data block #15
# Threshold	DAC	Events	Triggered	CH#
214	0	1000	110	0
214	0	1000	52	1
214	0	1000	724	2
214	0	1000	38	3
214	0	1000	130	4
214	0	1000	93	5
214	0	1000	150	6
214	0	1000	115	7
214	0	1000	139	8
214	0	1000	279	9
214	0	1000	229	10
214	0	1000	108	11
214	0	1000	103	12
214	0	1000	42	13
214	0	1000	0	14
214	0	1000	77	15
214	0	1000	10	16
214	0	1000	36	17
214	0	1000	121	18
214	0	1000	12	19
214	0	1000	651	20
214	0	1000	116	21
214	0	1000	648	22
214	0	1000	495	23
214	0	1000	478	24
214	0	1000	685	25
214	0	1000	91	26
214	0	1000	565	27
214	0	1000	125	28
214	0	1000	31	29
214	0	1000	52	30
214	0	1000	183	31
# Event data block #16
# Threshold	DAC	Events	Triggered	CH#
215	0	1000	187	0
215	0	1000	68	1
215	0	1000	837	2
215	0	1000	43	3
215	0	1000	162	4
215	0	1000	103	5
215	0	1000	192	6
215	0	1000	132	7
215	0	1000	168	8
215	0	1000	425	9
215	0	1000	349	10
215	0	1000	121	11
215	0	1000	118	12
215	0	1000	50	13
215	0	1000	0	14
215	0	1000	90	15
215	0	1000	21	16
215	0	1000	44	17
215	0	1000	164	18
215	0	1000	20	19
215	0	1000	769	20
215	0	1000	144	21
215	0	1000	734	22
215	0	1000	603	23
215	0	1000	590	24
215	0	1000	763	25
215	0	1000	102	26
215	0	1000	727	27
215	0	1000	178	28
215	0	1000	45	29
215	0	1000	76	30
215	0	1000	506	31
# Event data block #17
# Threshold	DAC	Events	Triggered	CH#
216	0	1000	521	0
216	0	1000	75	1
216	0	1000	892	2
216	0	1000	46	3
216	0	1000	178	4
216	0	1000	92	5
216	0	1000	190	6
216	0	1000	121	7
216	0	1000	164	8
216	0	1000	465	9
216	0	1000	421	10
216	0	1000	130	11
216	0	1000	124	12
216	0	1000	49	13
216	0	1000	3	14
216	0	1000	95	15
216	0	1000	22	16
216	0	1000	50	17
216	0	1000	204	18
216	0	1000	17	19
216	0	1000	792	20
216	0	1000	143	21
216	0	1000	751	22
216	0	1000	618	23
216	0	1000	598	24
216	0	1000	778	25
216	0	1000	95	26
216	0	1000	768	27
216	0	1000	226	28
216	0	1000	46	29
216	0	1000	83	30
216	0	1000	787	31
# Event data block #18
# Threshold	DAC	Events	Triggered	CH#
217	0	1000	822	0
217	0	1000	102	1
217	0	1000	913	2
217	0	1000	51	3
217	0	1000	299	4
217	0	1000	104	5
217	0	1000	280	6
217	0	1000	125	7
217	0	1000	193	8
217	0	1000	587	9
217	0	1000	554	10
217	0	1000	135	11
217	0	1000	141	12
217	0	1000	56	13
217	0	1000	4	14
217	0	1000	111	15
217	0	1000	34	16
217	0	1000	54	17
217	0	1000	363	18
217	0	1000	30	19
217	0	1000	829	20
217	0	1000	160	21
217	0	1000	791	22
217	0	1000	690	23
217	0	1000	676	24
217	0	1000	809	25
217	0	1000	105	26
217	0	1000	824	27
217	0	1000	416	28
217	0	1000	58	29
217	0	1000	107	30
217	0	1000	871	31
# Event data block #19
# Threshold	DAC	Events	Triggered	CH#
218	0	1000	889	0
218	0	1000	239	1
218	0	1000	932	2
218	0	1000	55	3
218	0	1000	464	4
218	0	1000	124	5
218	0	1000	360	6
218	0	1000	144	7
218	0	1000	238	8
218	0	1000	681	9
218	0	1000	689	10
218	0	1000	189	11
218	0	1000	200	12
218	0	1000	60	13
218	0	1000	5	14
218	0	1000	209	15
218	0	1000	36	16
218	0	1000	61	17
218	0	1000	596	18
218	0	1000	22	19
218	0	1000	853	20
218	0	1000	213	21
218	0	1000	822	22
218	0	1000	741	23
218	0	1000	736	24
218	0	1000	830	25
218	0	1000	117	26
218	0	1000	855	27
218	0	1000	658	28
218	0	1000	58	29
218	0	1000	236	30
218	0	1000	909	31
# Event data block #20
# Threshold	DAC	Events	Triggered	CH#
219	0	1000	900	0
219	0	1000	644	1
219	0	1000	931	2
219	0	1000	73	3
219	0	1000	617	4
219	0	1000	179	5
219	0	1000	482	6
219	0	1000	188	7
219	0	1000	303	8
219	0	1000	719	9
219	0	1000	745	10
219	0	1000	280	11
219	0	1000	327	12
219	0	1000	84	13
219	0	1000	7	14
219	0	1000	460	15
219	0	1000	60	16
219	0	1000	91	17
219	0	1000	738	18
219	0	1000	35	19
219	0	1000	847	20
219	0	1000	305	21
219	0	1000	820	22
219	0	1000	747	23
219	0	1000	742	24
219	0	1000	831	25
219	0	1000	173	26
219	0	1000	857	27
219	0	1000	777	28
219	0	1000	103	29
219	0	1000	603	30
219	0	1000	924	31
# Event data block #21
# Threshold	DAC	Events	Triggered	CH#
220	0	1000	923	0
220	0	1000	833	1
220	0	1000	942	2
220	0	1000	87	3
220	0	1000	737	4
220	0	1000	209	5
220	0	1000	581	6
220	0	1000	200	7
220	0	1000	345	8
220	0	1000	774	9
220	0	1000	807	10
220	0	1000	386	11
220	0	1000	475	12
220	0	1000	95	13
220	0	1000	13	14
220	0	1000	722	15
220	0	1000	86	16
220	0	1000	108	17
220	0	1000	823	18
220	0	1000	48	19
220	0	1000	867	20
220	0	1000	381	21
220	0	1000	838	22
220	0	1000	779	23
220	0	1000	778	24
220	0	1000	849	25
220	0	1000	195	26
220	0	1000	879	27
220	0	1000	843	28
220	0	1000	133	29
220	0	1000	821	30
220	0	1000	938	31
# Event data block #22
# Threshold	DAC	Events	Triggered	CH#
221	0	1000	953	0
221	0	1000	881	1
221	0	1000	966	2
221	0	1000	97	3
221	0	1000	786	4
221	0	1000	297	5
221	0	1000	659	6
221	0	1000	237	7
221	0	1000	425	8
221	0	1000	792	9
221	0	1000	812	10
221	0	1000	520	11
221	0	1000	648	12
221	0	1000	106	13
221	0	1000	15	14
221	0	1000	825	15
221	0	1000	103	16
221	0	1000	163	17
221	0	1000	847	18
221	0	1000	43	19
221	0	1000	888	20
221	0	1000	502	21
221	0	1000	839	22
221	0	1000	784	23
221	0	1000	787	24
221	0	1000	854	25
221	0	1000	256	26
221	0	1000	893	27
221	0	1000	860	28
221	0	1000	241	29
221	0	1000	867	30
221	0	1000	965	31
# Event data block #23
# Threshold	DAC	Events	Triggered	CH#
222	0	1000	965	0
222	0	1000	911	1
222	0	1000	973	2
222	0	1000	142	3
222	0	1000	819	4
222	0	1000	467	5
222	0	1000	726	6
222	0	1000	332	7
222	0	1000	543	8
222	0	1000	804	9
222	0	1000	833	10
222	0	1000	663	11
222	0	1000	741	12
222	0	1000	151	13
222	0	1000	31	14
222	0	1000	868	15
222	0	1000	189	16
222	0	1000	315	17
222	0	1000	873	18
222	0	1000	60	19
222	0	1000	892	20
222	0	1000	629	21
222	0	1000	855	22
222	0	1000	790	23
222	0	1000	795	24
222	0	1000	864	25
222	0	1000	408	26
222	0	1000	901	27
222	0	1000	879	28
222	0	1000	530	29
222	0	1000	904	30
222	0	1000	979	31
# Event data block #24
# Threshold	DAC	Events	Triggered	CH#
223	0	1000	977	0
223	0	1000	936	1
223	0	1000	980	2
223	0	1000	159	3
223	0	1000	860	4
223	0	1000	569	5
223	0	1000	796	6
223	0	1000	373	7
223	0	1000	619	8
223	0	1000	848	9
223	0	1000	870	10
223	0	1000	776	11
223	0	1000	820	12
223	0	1000	164	13
223	0	1000	23	14
223	0	1000	911	15
223	0	1000	340	16
223	0	1000	540	17
223	0	1000	910	18
223	0	1000	60	19
223	0	1000	916	20
223	0	1000	726	21
223	0	1000	882	22
223	0	1000	835	23
223	0	1000	833	24
223	0	1000	890	25
223	0	1000	500	26
223	0	1000	922	27
223	0	1000	914	28
223	0	1000	781	29
223	0	1000	939	30
223	0	1000	987	31
# Event data block #25
# Threshold	DAC	Events	Triggered	CH#
224	0	1000	985	0
224	0	1000	962	1
224	0	1000	985	2
224	0	1000	232	3
224	0	1000	892	4
224	0	1000	704	5
224	0	1000	847	6
224	0	1000	458	7
224	0	1000	703	8
224	0	1000	880	9
224	0	1000	895	10
224	0	1000	845	11
224	0	1000	874	12
224	0	1000	251	13
224	0	1000	33	14
224	0	1000	942	15
224	0	1000	682	16
224	0	1000	798	17
224	0	1000	935	18
224	0	1000	68	19
224	0	1000	942	20
224	0	1000	812	21
224	0	1000	900	22
224	0	1000	864	23
224	0	1000	862	24
224	0	1000	913	25
224	0	1000	636	26
224	0	1000	945	27
224	0	1000	941	28
224	0	1000	878	29
224	0	1000	961	30
224	0	1000	992	31
# Event data block #26
# Threshold	DAC	Events	Triggered	CH#
225	0	1000	996	0
225	0	1000	983	1
225	0	1000	996	2
225	0	1000	471	3
225	0	1000	934	4
225	0	1000	838	5
225	0	1000	904	6
225	0	1000	571	7
225	0	1000	793	8
225	0	1000	923	9
225	0	1000	942	10
225	0	1000	905	11
225	0	1000	926	12
225	0	1000	477	13
225	0	1000	28	14
225	0	1000	967	15
225	0	1000	903	16
225	0	1000	910	17
225	0	1000	958	18
225	0	1000	41	19
225	0	1000	955	20
225	0	1000	886	21
225	0	1000	943	22
225	0	1000	910	23
225	0	1000	905	24
225	0	1000	943	25
225	0	1000	781	26
225	0	1000	963	27
225	0	1000	962	28
225	0	1000	936	29
225	0	1000	983	30
225	0	1000	998	31
# Event data block #27
# Threshold	DAC	Events	Triggered	CH#
226	0	1000	998	0
226	0	1000	979	1
226	0	1000	996	2
226	0	1000	636	3
226	0	1000	922	4
226	0	1000	824	5
226	0	1000	876	6
226	0	1000	570	7
226	0	1000	784	8
226	0	1000	899	9
226	0	1000	925	10
226	0	1000	888	11
226	0	1000	913	12
226	0	1000	643	13
226	0	1000	20	14
226	0	1000	956	15
226	0	1000	901	16
226	0	1000	899	17
226	0	1000	950	18
226	0	1000	41	19
226	0	1000	950	20
226	0	1000	854	21
226	0	1000	927	22
226	0	1000	878	23
226	0	1000	875	24
226	0	1000	930	25
226	0	1000	783	26
226	0	1000	956	27
226	0	1000	956	28
226	0	1000	931	29
226	0	1000	980	30
226	0	1000	998	31
# Event data block #28
# Threshold	DAC	Events	Triggered	CH#
227	0	1000	996	0
227	0	1000	985	1
227	0	1000	995	2
227	0	1000	824	3
227	0	1000	916	4
227	0	1000	853	5
227	0	1000	883	6
227	0	1000	681	7
227	0	1000	822	8
227	0	1000	897	9
227	0	1000	913	10
227	0	1000	892	11
227	0	1000	909	12
227	0	1000	800	13
227	0	1000	54	14
227	0	1000	958	15
227	0	1000	918	16
227	0	1000	910	17
227	0	1000	947	18
227	0	1000	100	19
227	0	1000	938	20
227	0	1000	867	21
227	0	1000	911	22
227	0	1000	875	23
227	0	1000	877	24
227	0	1000	916	25
227	0	1000	846	26
227	0	1000	946	27
227	0	1000	951	28
227	0	1000	936	29
227	0	1000	987	30
227	0	1000	996	31
# Event data block #29
# Threshold	DAC	Events	Triggered	CH#
228	0	1000	997	0
228	0	1000	996	1
228	0	1000	997	2
228	0	1000	878	3
228	0	1000	926	4
228	0	1000	869	5
228	0	1000	898	6
228	0	1000	718	7
228	0	1000	851	8
228	0	1000	904	9
228	0	1000	927	10
228	0	1000	909	11
228	0	1000	927	12
228	0	1000	872	13
228	0	1000	58	14
228	0	1000	964	15
228	0	1000	943	16
228	0	1000	933	17
228	0	1000	953	18
228	0	1000	98	19
228	0	1000	945	20
228	0	1000	875	21
228	0	1000	925	22
228	0	1000	882	23
228	0	1000	884	24
228	0	1000	933	25
228	0	1000	867	26
228	0	1000	952	27
228	0	1000	955	28
228	0	1000	949	29
228	0	1000	996	30
228	0	1000	998	31
# Event data block #30
# Threshold	DAC	Events	Triggered	CH#
229	0	1000	999	0
229	0	1000	994	1
229	0	1000	997	2
229	0	1000	893	3
229	0	1000	927	4
229	0	1000	872	5
229	0	1000	900	6
229	0	1000	763	7
229	0	1000	849	8
229	0	1000	906	9
229	0	1000	928	10
229	0	1000	914	11
229	0	1000	927	12
229	0	1000	886	13
229	0	1000	87	14
229	0	1000	976	15
229	0	1000	945	16
229	0	1000	936	17
229	0	1000	956	18
229	0	1000	139	19
229	0	1000	945	20
229	0	1000	884	21
229	0	1000	927	22
229	0	1000	885	23
229	0	1000	886	24
229	0	1000	931	25
229	0	1000	869	26
229	0	1000	955	27
229	0	1000	960	28
229	0	1000	954	29
229	0	1000	993	30
229	0	1000	999	31
# Event data block #31
# Threshold	DAC	Events	Triggered	CH#
230	0	1000	1000	0
230	0	1000	998	1
230	0	1000	1000	2
230	0	1000	891	3
230	0	1000	935	4
230	0	1000	863	5
230	0	1000	887	6
230	0	1000	774	7
230	0	1000	836	8
230	0	1000	898	9
230	0	1000	920	10
230	0	1000	909	11
230	0	1000	926	12
230	0	1000	883	13
230	0	1000	104	14
230	0	1000	979	15
230	0	1000	959	16
230	0	1000	947	17
230	0	1000	965	18
230	0	1000	225	19
230	0	1000	949	20
230	0	1000	873	21
230	0	1000	916	22
230	0	1000	865	23
230	0	1000	866	24
230	0	1000	923	25
230	0	1000	862	26
230	0	1000	959	27
230	0	1000	965	28
230	0	1000	962	29
230	0	1000	998	30
230	0	1000	1000	31
# Event data block #32
# Threshold	DAC	Events	Triggered	CH#
231	0	1000	1000	0
231	0	1000	1000	1
231	0	1000	1000	2
231	0	1000	908	3
231	0	1000	930	4
231	0	1000	885	5
231	0	1000	895	6
231	0	1000	817	7
231	0	1000	854	8
231	0	1000	901	9
231	0	1000	923	10
231	0	1000	911	11
231	0	1000	925	12
231	0	1000	905	13
231	0	1000	141	14
231	0	1000	987	15
231	0	1000	963	16
231	0	1000	950	17
231	0	1000	969	18
231	0	1000	355	19
231	0	1000	945	20
231	0	1000	884	21
231	0	1000	916	22
231	0	1000	878	23
231	0	1000	878	24
231	0	1000	921	25
231	0	1000	878	26
231	0	1000	960	27
231	0	1000	973	28
231	0	1000	973	29
231	0	1000	1000	30
231	0	1000	1000	31
# Event data block #33
# Threshold	DAC	Events	Triggered	CH#
232	0	1000	1000	0
232	0	1000	999	1
232	0	1000	1000	2
232	0	1000	912	3
232	0	1000	939	4
232	0	1000	879	5
232	0	1000	895	6
232	0	1000	795	7
232	0	1000	834	8
232	0	1000	902	9
232	0	1000	920	10
232	0	1000	914	11
232	0	1000	925	12
232	0	1000	905	13
232	0	1000	334	14
232	0	1000	989	15
232	0	1000	968	16
232	0	1000	953	17
232	0	1000	972	18
232	0	1000	524	19
232	0	1000	946	20
232	0	1000	884	21
232	0	1000	913	22
232	0	1000	872	23
232	0	1000	866	24
232	0	1000	920	25
232	0	1000	863	26
232	0	1000	956	27
232	0	1000	980	28
232	0	1000	982	29
232	0	1000	999	30
232	0	1000	1000	31
# Event data block #34
# Threshold	DAC	Events	Triggered	CH#
233	0	1000	1000	0
233	0	1000	999	1
233	0	1000	999	2
233	0	1000	903	3
233	0	1000	976	4
233	0	1000	849	5
233	0	1000	868	6
233	0	1000	767	7
233	0	1000	808	8
233	0	1000	880	9
233	0	1000	909	10
233	0	1000	904	11
233	0	1000	918	12
233	0	1000	898	13
233	0	1000	567	14
233	0	1000	985	15
233	0	1000	971	16
233	0	1000	951	17
233	0	1000	964	18
233	0	1000	636	19
233	0	1000	940	20
233	0	1000	857	21
233	0	1000	901	22
233	0	1000	847	23
233	0	1000	846	24
233	0	1000	908	25
233	0	1000	854	26
233	0	1000	953	27
233	0	1000	969	28
233	0	1000	973	29
233	0	1000	998	30
233	0	1000	1000	31
# Event data block #35
# Threshold	DAC	Events	Triggered	CH#
234	0	1000	1000	0
234	0	1000	1000	1
234	0	1000	999	2
234	0	1000	929	3
234	0	1000	1000	4
234	0	1000	874	5
234	0	1000	885	6
234	0	1000	795	7
234	0	1000	825	8
234	0	1000	892	9
234	0	1000	930	10
234	0	1000	917	11
234	0	1000	946	12
234	0	1000	923	13
234	0	1000	748	14
234	0	1000	997	15
234	0	1000	989	16
234	0	1000	973	17
234	0	1000	984	18
234	0	1000	727	19
234	0	1000	955	20
234	0	1000	882	21
234	0	1000	921	22
234	0	1000	860	23
234	0	1000	862	24
234	0	1000	931	25
234	0	1000	873	26
234	0	1000	971	27
234	0	1000	988	28
234	0	1000	993	29
234	0	1000	999	30
234	0	1000	1000	31
# Event data block #36
# Threshold	DAC	Events	Triggered	CH#
235	0	1000	1000	0
235	0	1000	1000	1
235	0	1000	1000	2
235	0	1000	921	3
235	0	1000	1000	4
235	0	1000	877	5
235	0	1000	883	6
235	0	1000	790	7
235	0	1000	833	8
235	0	1000	891	9
235	0	1000	918	10
235	0	1000	910	11
235	0	1000	927	12
235	0	1000	916	13
235	0	1000	818	14
235	0	1000	995	15
235	0	1000	990	16
235	0	1000	979	17
235	0	1000	984	18
235	0	1000	775	19
235	0	1000	958	20
235	0	1000	879	21
235	0	1000	909	22
235	0	1000	858	23
235	0	1000	857	24
235	0	1000	914	25
235	0	1000	872	26
235	0	1000	969	27
235	0	1000	988	28
235	0	1000	992	29
235	0	1000	1000	30
235	0	1000	1000	31
# Event data block #37
# Threshold	DAC	Events	Triggered	CH#
236	0	1000	1000	0
236	0	1000	1000	1
236	0	1000	1000	2
236	0	1000	926	3
236	0	1000	1000	4
236	0	1000	873	5
236	0	1000	872	6
236	0	1000	781	7
236	0	1000	817	8
236	0	1000	885	9
236	0	1000	913	10
236	0	1000	901	11
236	0	1000	931	12
236	0	1000	919	13
236	0	1000	826	14
236	0	1000	998	15
236	0	1000	991	16
236	0	1000	982	17
236	0	1000	984	18
236	0	1000	760	19
236	0	1000	964	20
236	0	1000	882	21
236	0	1000	896	22
236	0	1000	850	23
236	0	1000	851	24
236	0	1000	910	25
236	0	1000	867	26
236	0	1000	973	27
236	0	1000	988	28
236	0	1000	996	29
236	0	1000	1000	30
236	0	1000	1000	31
# Event data block #38
# Threshold	DAC	Events	Triggered	CH#
237	0	1000	1000	0
237	0	1000	1000	1
237	0	1000	1000	2
237	0	1000	947	3
237	0	1000	1000	4
237	0	1000	899	5
237	0	1000	893	6
237	0	1000	815	7
237	0	1000	850	8
237	0	1000	907	9
237	0	1000	934	10
237	0	1000	928	11
237	0	1000	946	12
237	0	1000	942	13
237	0	1000	882	14
237	0	1000	998	15
237	0	1000	995	16
237	0	1000	987	17
237	0	1000	989	18
237	0	1000	809	19
237	0	1000	971	20
237	0	1000	907	21
237	0	1000	919	22
237	0	1000	881	23
237	0	1000	882	24
237	0	1000	928	25
237	0	1000	896	26
237	0	1000	978	27
237	0	1000	991	28
237	0	1000	996	29
237	0	1000	1000	30
237	0	1000	1000	31
# Event data block #39
# Threshold	DAC	Events	Triggered	CH#
238	0	1000	1000	0
238	0	1000	1000	1
238	0	1000	1000	2
238	0	1000	955	3
238	0	1000	1000	4
238	0	1000	912	5
238	0	1000	901	6
238	0	1000	815	7
238	0	1000	857	8
238	0	1000	938	9
238	0	1000	934	10
238	0	1000	930	11
238	0	1000	954	12
238	0	1000	944	13
238	0	1000	900	14
238	0	1000	1000	15
238	0	1000	997	16
238	0	1000	993	17
238	0	1000	993	18
238	0	1000	835	19
238	0	1000	1000	20
238	0	1000	921	21
238	0	1000	920	22
238	0	1000	886	23
238	0	1000	880	24
238	0	1000	924	25
238	0	1000	902	26
238	0	1000	987	27
238	0	1000	994	28
238	0	1000	997	29
238	0	1000	1000	30
238	0	1000	1000	31
# Event data block #40
# Threshold	DAC	Events	Triggered	CH#
239	0	1000	1000	0
239	0	1000	1000	1
239	0	1000	1000	2
239	0	1000	968	3
239	0	1000	1000	4
239	0	1000	963	5
239	0	1000	916	6
239	0	1000	818	7
239	0	1000	854	8
239	0	1000	1000	9
239	0	1000	948	10
239	0	1000	936	11
239	0	1000	963	12
239	0	1000	959	13
239	0	1000	909	14
239	0	1000	1000	15
239	0	1000	1000	16
239	0	1000	999	17
239	0	1000	1000	18
239	0	1000	878	19
239	0	1000	1000	20
239	0	1000	1000	21
239	0	1000	926	22
239	0	1000	987	23
239	0	1000	893	24
239	0	1000	943	25
239	0	1000	913	26
239	0	1000	989	27
239	0	1000	998	28
239	0	1000	1000	29
239	0	1000	1000	30
239	0	1000	1000	31
# Event data block #41
# Threshold	DAC	Events	Triggered	CH#
240	0	1000	1000	0
240	0	1000	1000	1
240	0	1000	1000	2
240	0	1000	984	3
240	0	1000	1000	4
240	0	1000	1000	5
240	0	1000	933	6
240	0	1000	829	7
240	0	1000	871	8
240	0	1000	1000	9
240	0	1000	966	10
240	0	1000	950	11
240	0	1000	979	12
240	0	1000	968	13
240	0	1000	937	14
240	0	1000	1000	15
240	0	1000	1000	16
240	0	1000	1000	17
240	0	1000	1000	18
240	0	1000	1000	19
240	0	1000	1000	20
240	0	1000	1000	21
240	0	1000	944	22
240	0	1000	1000	23
240	0	1000	916	24
240	0	1000	952	25
240	0	1000	928	26
240	0	1000	997	27
240	0	1000	1000	28
240	0	1000	1000	29
240	0	1000	1000	30
240	0	1000	1000	31
# Event data block #42
# Threshold	DAC	Events	Triggered	CH#
241	0	1000	1000	0
241	0	1000	1000	1
241	0	1000	1000	2
241	0	1000	978	3
241	0	1000	1000	4
241	0	1000	1000	5
241	0	1000	962	6
241	0	1000	853	7
241	0	1000	884	8
241	0	1000	1000	9
241	0	1000	973	10
241	0	1000	949	11
241	0	1000	972	12
241	0	1000	970	13
241	0	1000	946	14
241	0	1000	999	15
241	0	1000	1000	16
241	0	1000	1000	17
241	0	1000	1000	18
241	0	1000	1000	19
241	0	1000	1000	20
241	0	1000	1000	21
241	0	1000	944	22
241	0	1000	1000	23
241	0	1000	995	24
241	0	1000	952	25
241	0	1000	938	26
241	0	1000	993	27
241	0	1000	998	28
241	0	1000	1000	29
241	0	1000	1000	30
241	0	1000	1000	31
# Event data block #43
# Threshold	DAC	Events	Triggered	CH#
242	0	1000	1000	0
242	0	1000	1000	1
242	0	1000	1000	2
242	0	1000	987	3
242	0	1000	1000	4
242	0	1000	1000	5
242	0	1000	1000	6
242	0	1000	852	7
242	0	1000	882	8
242	0	1000	1000	9
242	0	1000	1000	10
242	0	1000	954	11
242	0	1000	979	12
242	0	1000	981	13
242	0	1000	955	14
242	0	1000	1000	15
242	0	1000	1000	16
242	0	1000	1000	17
242	0	1000	1000	18
242	0	1000	1000	19
242	0	1000	1000	20
242	0	1000	1000	21
242	0	1000	952	22
242	0	1000	1000	23
242	0	1000	1000	24
242	0	1000	965	25
242	0	1000	947	26
242	0	1000	1000	27
242	0	1000	998	28
242	0	1000	1000	29
242	0	1000	1000	30
242	0	1000	1000	31
# Event data block #44
# Threshold	DAC	Events	Triggered	CH#
243	0	1000	1000	0
243	0	1000	1000	1
243	0	1000	1000	2
243	0	1000	1000	3
243	0	1000	1000	4
243	0	1000	1000	5
243	0	1000	1000	6
243	0	1000	878	7
243	0	1000	906	8
243	0	1000	1000	9
243	0	1000	1000	10
243	0	1000	980	11
243	0	1000	995	12
243	0	1000	993	13
243	0	1000	983	14
243	0	1000	1000	15
243	0	1000	1000	16
243	0	1000	1000	17
243	0	1000	1000	18
243	0	1000	1000	19
243	0	1000	1000	20
243	0	1000	1000	21
243	0	1000	995	22
243	0	1000	1000	23
243	0	1000	1000	24
243	0	1000	1000	25
243	0	1000	1000	26
243	0	1000	1000	27
243	0	1000	1000	28
243	0	1000	1000	29
243	0	1000	1000	30
243	0	1000	1000	31
# Event data block #45
# Threshold	DAC	Events	Triggered	CH#
244	0	1000	1000	0
244	0	1000	1000	1
244	0	1000	1000	2
244	0	1000	1000	3
244	0	1000	1000	4
244	0	1000	1000	5
244	0	1000	1000	6
244	0	1000	868	7
244	0	1000	896	8
244	0	1000	1000	9
244	0	1000	1000	10
244	0	1000	972	11
244	0	1000	989	12
244	0	1000	989	13
244	0	1000	976	14
244	0	1000	1000	15
244	0	1000	1000	16
244	0	1000	1000	17
244	0	1000	1000	18
244	0	1000	1000	19
244	0	1000	1000	20
244	0	1000	1000	21
244	0	1000	1000	22
244	0	1000	1000	23
244	0	1000	1000	24
244	0	1000	1000	25
244	0	1000	1000	26
244	0	1000	1000	27
244	0	1000	1000	28
244	0	1000	1000	29
244	0	1000	1000	30
244	0	1000	1000	31
# Event data block #46
# Threshold	DAC	Events	Triggered	CH#
245	0	1000	1000	0
245	0	1000	1000	1
245	0	1000	1000	2
245	0	1000	1000	3
245	0	1000	1000	4
245	0	1000	1000	5
245	0	1000	1000	6
245	0	1000	909	7
245	0	1000	938	8
245	0	1000	1000	9
245	0	1000	1000	10
245	0	1000	984	11
245	0	1000	997	12
245	0	1000	993	13
245	0	1000	991	14
245	0	1000	1000	15
245	0	1000	1000	16
245	0	1000	1000	17
245	0	1000	1000	18
245	0	1000	1000	19
245	0	1000	1000	20
245	0	1000	1000	21
245	0	1000	1000	22
245	0	1000	1000	23
245	0	1000	1000	24
245	0	1000	1000	25
245	0	1000	1000	26
245	0	1000	1000	27
245	0	1000	1000	28
245	0	1000	1000	29
245	0	1000	1000	30
245	0	1000	1000	31
# Event data block #47
# Threshold	DAC	Events	Triggered	CH#
246	0	1000	1000	0
246	0	1000	1000	1
246	0	1000	1000	2
246	0	1000	1000	3
246	0	1000	1000	4
246	0	1000	1000	5
246	0	1000	1000	6
246	0	1000	890	7
246	0	1000	959	8
246	0	1000	1000	9
246	0	1000	1000	10
246	0	1000	983	11
246	0	1000	1000	12
246	0	1000	996	13
246	0	1000	989	14
246	0	1000	1000	15
246	0	1000	1000	16
246	0	1000	1000	17
246	0	1000	1000	18
246	0	1000	1000	19
246	0	1000	1000	20
246	0	1000	1000	21
246	0	1000	1000	22
246	0	1000	1000	23
246	0	1000	1000	24
246	0	1000	1000	25
246	0	1000	1000	26
246	0	1000	1000	27
246	0	1000	1000	28
246	0	1000	1000	29
246	0	1000	1000	30
246	0	1000	1000	31
# Event data block #48
# Threshold	DAC	Events	Triggered	CH#
247	0	1000	1000	0
247	0	1000	1000	1
247	0	1000	1000	2
247	0	1000	1000	3
247	0	1000	1000	4
247	0	1000	1000	5
247	0	1000	1000	6
247	0	1000	913	7
247	0	1000	1000	8
247	0	1000	1000	9
247	0	1000	1000	10
247	0	1000	989	11
247	0	1000	1000	12
247	0	1000	996	13
247	0	1000	993	14
247	0	1000	1000	15
247	0	1000	1000	16
247	0	1000	1000	17
247	0	1000	1000	18
247	0	1000	1000	19
247	0	1000	1000	20
247	0	1000	1000	21
247	0	1000	1000	22
247	0	1000	1000	23
247	0	1000	1000	24
247	0	1000	1000	25
247	0	1000	1000	26
247	0	1000	1000	27
247	0	1000	1000	28
247	0	1000	1000	29
247	0	1000	1000	30
247	0	1000	1000	31
# Event data block #49
# Threshold	DAC	Events	Triggered	CH#
248	0	1000	1000	0
248	0	1000	1000	1
248	0	1000	1000	2
248	0	1000	1000	3
248	0	1000	1000	4
248	0	1000	1000	5
248	0	1000	1000	6
248	0	1000	907	7
248	0	1000	1000	8
248	0	1000	1000	9
248	0	1000	1000	10
248	0	1000	996	11
248	0	1000	1000	12
248	0	1000	1000	13
248	0	1000	997	14
248	0	1000	1000	15
248	0	1000	1000	16
248	0	1000	1000	17
248	0	1000	1000	18
248	0	1000	1000	19
248	0	1000	1000	20
248	0	1000	1000	21
248	0	1000	1000	22
248	0	1000	1000	23
248	0	1000	1000	24
248	0	1000	1000	25
248	0	1000	1000	26
248	0	1000	1000	27
248	0	1000	1000	28
248	0	1000	1000	29
248	0	1000	1000	30
248	0	1000	1000	31
# Event data block #50
# Threshold	DAC	Events	Triggered	CH#
249	0	1000	1000	0
249	0	1000	1000	1
249	0	1000	1000	2
249	0	1000	1000	3
249	0	1000	1000	4
249	0	1000	1000	5
249	0	1000	1000	6
249	0	1000	929	7
249	0	1000	1000	8
249	0	1000	1000	9
249	0	1000	1000	10
249	0	1000	1000	11
249	0	1000	1000	12
249	0	1000	1000	13
249	0	1000	1000	14
249	0	1000	1000	15
249	0	1000	1000	16
249	0	1000	1000	17
249	0	1000	1000	18
249	0	1000	1000	19
249	0	1000	1000	20
249	0	1000	1000	21
249	0	1000	1000	22
249	0	1000	1000	23
249	0	1000	1000	24
249	0	1000	1000	25
249	0	1000	1000	26
249	0	1000	1000	27
249	0	1000	1000	28
249	0	1000	1000	29
249	0	1000	1000	30
249	0	1000	1000	31
# Event data block #51
# Threshold	DAC	Events	Triggered	CH#
250	0	1000	1000	0
250	0	1000	1000	1
250	0	1000	1000	2
250	0	1000	1000	3
250	0	1000	1000	4
250	0	1000	1000	5
250	0	1000	1000	6
250	0	1000	1000	7
250	0	1000	1000	8
250	0	1000	1000	9
250	0	1000	1000	10
250	0	1000	1000	11
250	0	1000	1000	12
250	0	1000	1000	13
250	0	1000	1000	14
250	0	1000	1000	15
250	0	1000	1000	16
250	0	1000	1000	17
250	0	1000	1000	18
250	0	1000	1000	19
250	0	1000	1000	20
250	0	1000	1000	21
250	0	1000	1000	22
250	0	1000	1000	23
250	0	1000	1000	24
250	0	1000	1000	25
250	0	1000	1000	26
250	0	1000	1000	27
250	0	1000	1000	28
250	0	1000	1000	29
250	0	1000	1000	30
250	0	1000	1000	31
# Event data block #52
# Threshold	DAC	Events	Triggered	CH#
251	0	1000	1000	0
251	0	1000	1000	1
251	0	1000	1000	2
251	0	1000	1000	3
251	0	1000	1000	4
251	0	1000	1000	5
251	0	1000	1000	6
251	0	1000	1000	7
251	0	1000	1000	8
251	0	1000	1000	9
251	0	1000	1000	10
251	0	1000	1000	11
251	0	1000	1000	12
251	0	1000	1000	13
251	0	1000	1000	14
251	0	1000	1000	15
251	0	1000	1000	16
251	0	1000	1000	17
251	0	1000	1000	18
251	0	1000	1000	19
251	0	1000	1000	20
251	0	1000	1000	21
251	0	1000	1000	22
251	0	1000	1000	23
251	0	1000	1000	24
251	0	1000	1000	25
251	0	1000	1000	26
251	0	1000	1000	27
251	0	1000	1000	28
251	0	1000	1000	29
251	0	1000	1000	30
251	0	1000	1000	31
# Event data block #53
# Threshold	DAC	Events	Triggered	CH#
252	0	1000	1000	0
252	0	1000	1000	1
252	0	1000	1000	2
252	0	1000	1000	3
252	0	1000	1000	4
252	0	1000	1000	5
252	0	1000	1000	6
252	0	1000	1000	7
252	0	1000	1000	8
252	0	1000	1000	9
252	0	1000	1000	10
252	0	1000	1000	11
252	0	1000	1000	12
252	0	1000	1000	13
252	0	1000	1000	14
252	0	1000	1000	15
252	0	1000	1000	16
252	0	1000	1000	17
252	0	1000	1000	18
252	0	1000	1000	19
252	0	1000	1000	20
252	0	1000	1000	21
252	0	1000	1000	22
252	0	1000	1000	23
252	0	1000	1000	24
252	0	1000	1000	25
252	0	1000	1000	26
252	0	1000	1000	27
252	0	1000	1000	28
252	0	1000	1000	29
252	0	1000	1000	30
252	0	1000	1000	31
# Event data block #54
# Threshold	DAC	Events	Triggered	CH#
253	0	1000	1000	0
253	0	1000	1000	1
253	0	1000	1000	2
253	0	1000	1000	3
253	0	1000	1000	4
253	0	1000	1000	5
253	0	1000	1000	6
253	0	1000	1000	7
253	0	1000	1000	8
253	0	1000	1000	9
253	0	1000	1000	10
253	0	1000	1000	11
253	0	1000	1000	12
253	0	1000	1000	13
253	0	1000	1000	14
253	0	1000	1000	15
253	0	1000	1000	16
253	0	1000	1000	17
253	0	1000	1000	18
253	0	1000	1000	19
253	0	1000	1000	20
253	0	1000	1000	21
253	0	1000	1000	22
253	0	1000	1000	23
253	0	1000	1000	24
253	0	1000	1000	25
253	0	1000	1000	26
253	0	1000	1000	27
253	0	1000	1000	28
253	0	1000	1000	29
253	0	1000	1000	30
253	0	1000	1000	31
# Event data block #55
# Threshold	DAC	Events	Triggered	CH#
254	0	1000	1000	0
254	0	1000	1000	1
254	0	1000	1000	2
254	0	1000	1000	3
254	0	1000	1000	4
254	0	1000	1000	5
254	0	1000	1000	6
254	0	1000	1000	7
254	0	1000	1000	8
254	0	1000	1000	9
254	0	1000	1000	10
254	0	1000	1000	11
254	0	1000	1000	12
254	0	1000	1000	13
254	0	1000	1000	14
254	0	1000	1000	15
254	0	1000	1000	16
254	0	1000	1000	17
254	0	1000	1000	18
254	0	1000	1000	19
254	0	1000	1000	20
254	0	1000	1000	21
254	0	1000	1000	22
254	0	1000	1000	23
254	0	1000	1000	24
254	0	1000	1000	25
254	0	1000	1000	26
254	0	1000	1000	27
254	0	1000	1000	28
254	0	1000	1000	29
254	0	1000	1000	30
254	0	1000	1000	31
# Event data block #56
# Threshold	DAC	Events	Triggered	CH#
255	0	1000	1000	0
255	0	1000	1000	1
255	0	1000	1000	2
255	0	1000	1000	3
255	0	1000	1000	4
255	0	1000	1000	5
255	0	1000	1000	6
255	0	1000	1000	7
255	0	1000	1000	8
255	0	1000	1000	9
255	0	1000	1000	10
255	0	1000	1000	11
255	0	1000	1000	12
255	0	1000	1000	13
255	0	1000	1000	14
255	0	1000	1000	15
255	0	1000	1000	16
255	0	1000	1000	17
255	0	1000	1000	18
255	0	1000	1000	19
255	0	1000	1000	20
255	0	1000	1000	21
255	0	1000	1000	22
255	0	1000	1000	23
255	0	1000	1000	24
255	0	1000	1000	25
255	0	1000	1000	26
255	0	1000	1000	27
255	0	1000	1000	28
255	0	1000	1000	29
255	0	1000	1000	30
255	0	1000	1000	31
