ch	pt	m	q
 0	 0	1.0109	-10.4746
 0	 1	1.2637	-46.8748
 0	 2	1.4403	-72.6252
 0	 3	1.5996	-95.5342
 0	 4	1.6276	-99.4548
 0	 5	1.7105	-111.3858
 0	 6	1.6762	-106.6305
 0	 7	1.5317	-85.7079
 1	 0	0.9098	27.2976
 1	 1	1.1340	0.8265
 1	 2	1.2867	-17.2324
 1	 3	1.4010	-30.8693
 1	 4	1.4269	-33.9357
 1	 5	1.4607	-37.7456
 1	 6	1.4890	-41.0936
 1	 7	1.3846	-28.8261
 2	 0	0.8307	16.9715
 2	 1	1.0123	-8.6197
 2	 2	1.1494	-28.1919
 2	 3	1.2623	-44.1744
 2	 4	1.2882	-47.5449
 2	 5	1.3412	-55.1394
 2	 6	1.2639	-44.1965
 2	 7	1.2579	-43.1458
 3	 0	0.8048	45.1983
 3	 1	0.9371	30.3941
 3	 2	1.0582	16.6973
 3	 3	1.0977	12.4990
 3	 4	1.1223	9.5899
 3	 5	1.1330	8.5460
 3	 6	1.1351	8.1693
 3	 7	1.0716	15.2926
 4	 0	0.6876	49.3171
 4	 1	0.7768	38.3171
 4	 2	0.8444	30.0456
 4	 3	0.8502	29.0926
 4	 4	0.8564	28.3992
 4	 5	0.8731	26.3542
 4	 6	0.8597	28.0461
 4	 7	0.8553	28.5878
 5	 0	0.6779	44.0355
 5	 1	0.7384	35.9669
 5	 2	0.7608	32.8830
 5	 3	0.7736	31.2609
 5	 4	0.7869	29.4315
 5	 5	0.7798	30.3820
 5	 6	0.7822	30.2440
 5	 7	0.7800	30.5695
 6	 0	0.5818	51.1041
 6	 1	0.6264	44.7220
 6	 2	0.6419	42.5455
 6	 3	0.6464	41.8975
 6	 4	0.6568	40.4415
 6	 5	0.6611	39.8286
 6	 6	0.6695	38.6602
 6	 7	0.6473	41.8436
 7	 0	0.4865	67.7875
 7	 1	0.5080	64.7973
 7	 2	0.5311	61.6041
 7	 3	0.5249	62.4569
 7	 4	0.5271	62.2577
 7	 5	0.5320	61.5635
 7	 6	0.5271	62.2100
 7	 7	0.5194	63.2834
 8	 0	0.4228	75.9825
 8	 1	0.4305	74.9113
 8	 2	0.4363	74.1353
 8	 3	0.4366	74.0601
 8	 4	0.4472	72.6579
 8	 5	0.4526	71.8459
 8	 6	0.4485	72.4265
 8	 7	0.4430	73.2301
 9	 0	0.5320	57.7972
 9	 1	0.5462	55.7685
 9	 2	0.5723	51.8889
 9	 3	0.5783	51.1003
 9	 4	0.5830	50.2819
 9	 5	0.5909	49.1520
 9	 6	0.5886	49.4911
 9	 7	0.5805	50.7320
10	 0	0.5898	64.6347
10	 1	0.6340	59.3288
10	 2	0.6453	58.0604
10	 3	0.6519	57.2985
10	 4	0.6640	55.6702
10	 5	0.6667	55.3732
10	 6	0.6629	55.8561
10	 7	0.6545	56.8589
11	 0	0.6390	45.6175
11	 1	0.6901	38.3063
11	 2	0.6999	37.0344
11	 3	0.7090	35.7551
11	 4	0.7329	32.2749
11	 5	0.7389	31.3699
11	 6	0.7376	31.5939
11	 7	0.7020	36.5194
12	 0	0.7849	52.1287
12	 1	0.8242	47.9992
12	 2	0.8619	43.9532
12	 3	0.8767	42.5058
12	 4	0.8670	43.4092
12	 5	0.8598	44.2182
12	 6	0.8448	45.7051
12	 7	0.8225	48.0892
13	 0	0.7735	38.9683
13	 1	0.8494	29.6533
13	 2	0.8528	29.2028
13	 3	0.9046	22.8375
13	 4	0.8924	24.1053
13	 5	0.8918	24.2458
13	 6	0.8521	29.2574
13	 7	0.8103	34.2685
14	 0	0.7907	10.9985
14	 1	0.9387	-12.1566
14	 2	0.9729	-17.6098
14	 3	1.0063	-22.7642
14	 4	1.0050	-22.9666
14	 5	1.0019	-22.4618
14	 6	0.9279	-10.6042
14	 7	0.8625	-0.4642
15	 0	0.8600	32.0937
15	 1	1.0133	13.8603
15	 2	1.0273	12.2255
15	 3	1.0777	6.0261
15	 4	1.0502	9.1032
15	 5	1.0439	10.0082
15	 6	0.9654	19.2861
15	 7	0.8705	30.7834
16	 0	0.7515	37.5541
16	 1	0.9576	10.7925
16	 2	1.1013	-7.9700
16	 3	1.1459	-13.5935
16	 4	1.2098	-21.8637
16	 5	1.1673	-16.2838
16	 6	1.2010	-20.6806
16	 7	1.1432	-13.1741
17	 0	0.8778	12.4854
17	 1	1.0600	-12.9714
17	 2	1.1304	-22.8497
17	 3	1.2476	-39.3745
17	 4	1.2395	-38.0301
17	 5	1.2441	-38.7274
17	 6	1.2197	-35.3322
17	 7	1.1935	-31.5019
18	 0	0.7904	12.7362
18	 1	0.9070	-5.2603
18	 2	0.9891	-18.0171
18	 3	1.0305	-24.2413
18	 4	1.0204	-22.6023
18	 5	1.0270	-23.7625
18	 6	1.0319	-24.7140
18	 7	0.9970	-19.1763
19	 0	0.6952	15.9690
19	 1	0.7710	2.9880
19	 2	0.8167	-5.0013
19	 3	0.8449	-9.8084
19	 4	0.8725	-14.5823
19	 5	0.8499	-10.6127
19	 6	0.8573	-11.9677
19	 7	0.8317	-7.5539
20	 0	0.6857	43.2001
20	 1	0.7369	36.4290
20	 2	0.7600	33.3901
20	 3	0.7882	29.5032
20	 4	0.7931	28.9362
20	 5	0.7949	28.8170
20	 6	0.8130	26.3021
20	 7	0.7811	30.6477
21	 0	0.7433	68.4521
21	 1	0.8153	61.9223
21	 2	0.8235	61.3033
21	 3	0.8597	57.9514
21	 4	0.8608	58.0286
21	 5	0.8502	58.9109
21	 6	0.8629	57.7967
21	 7	0.8670	57.3709
22	 0	0.5907	38.5741
22	 1	0.6173	34.2684
22	 2	0.6195	33.9636
22	 3	0.6373	31.0975
22	 4	0.6431	30.1708
22	 5	0.6491	29.2032
22	 6	0.6372	31.2375
22	 7	0.6330	31.8583
23	 0	0.4876	54.8898
23	 1	0.5010	52.6292
23	 2	0.5104	51.2063
23	 3	0.5131	50.7667
23	 4	0.5142	50.7264
23	 5	0.5145	50.6614
23	 6	0.5150	50.4864
23	 7	0.5066	51.8782
24	 0	0.5685	51.2304
24	 1	0.5917	47.8713
24	 2	0.6156	44.4331
24	 3	0.6185	43.9693
24	 4	0.6104	45.3688
24	 5	0.6198	43.7304
24	 6	0.6155	44.4555
24	 7	0.6018	46.4607
25	 0	0.6703	34.9909
25	 1	0.7117	28.8691
25	 2	0.7286	26.2950
25	 3	0.7435	24.2809
25	 4	0.7430	24.2916
25	 5	0.7487	23.4966
25	 6	0.7396	24.8721
25	 7	0.7412	24.6217
26	 0	0.7501	29.8184
26	 1	0.7972	23.2074
26	 2	0.8412	16.9527
26	 3	0.8676	13.2541
26	 4	0.8634	13.9112
26	 5	0.8643	13.8721
26	 6	0.8642	13.8880
26	 7	0.8441	16.7295
27	 0	0.7235	44.8167
27	 1	0.8210	32.5242
27	 2	0.8847	24.7758
27	 3	0.9356	18.2559
27	 4	0.9116	21.4200
27	 5	0.9449	17.0541
27	 6	0.9106	21.4306
27	 7	0.9099	21.5079
28	 0	0.8387	-2.0164
28	 1	0.9812	-25.3393
28	 2	1.0209	-31.9039
28	 3	1.0863	-42.5734
28	 4	1.1081	-46.1351
28	 5	1.1244	-48.6687
28	 6	1.1260	-48.9722
28	 7	1.0752	-40.7093
29	 0	0.8357	38.4859
29	 1	1.0120	18.3511
29	 2	1.1329	4.3811
29	 3	1.2629	-10.6719
29	 4	1.2876	-13.4677
29	 5	1.2969	-14.5680
29	 6	1.2334	-7.2492
29	 7	1.2437	-8.3937
30	 0	0.8279	24.2056
30	 1	1.0014	0.9742
30	 2	1.2004	-25.8669
30	 3	1.3239	-42.5458
30	 4	1.3833	-50.1227
30	 5	1.4455	-58.5578
30	 6	1.3955	-51.8185
30	 7	1.2754	-35.6382
31	 0	0.6807	71.2171
31	 1	0.9371	47.4188
31	 2	1.2163	21.1785
31	 3	1.3554	8.2132
31	 4	1.3517	8.4855
31	 5	1.3890	5.3285
31	 6	1.2951	13.7449
31	 7	1.0743	34.3887
