INDEX
ENC_l_m: ENC obtained with pedestal rms and linear gain fit with mean values
ENC_l_mwo: ENC obtained with pedestal rms and linear gain fit with mean values without outliers
ENC_3_m: ENC obtained with pedestal rms and cubic gain fit with mean values
ENC_3_mwo: ENC obtained with pedestal rms and cubic gain fit with mean values without outliers
-----------------------------------------------------------------
ch	pt	ENC_l_m	ENC_l_mwo	ENC_3_m	ENC_3_mwo
 0	 0	9.198	8.481	7.851	7.232
 0	 1	6.277	5.971	5.532	5.261
 0	 2	6.159	6.123	5.619	5.606
 0	 3	5.453	5.389	5.103	5.052
 0	 4	5.935	5.927	5.761	5.769
 0	 5	7.064	6.963	6.860	6.762
 0	 6	6.661	6.525	6.644	6.515
 0	 7	6.674	6.670	6.832	6.843
 1	 0	6.933	6.398	5.782	5.348
 1	 1	7.754	7.344	6.590	6.276
 1	 2	7.068	6.923	6.306	6.177
 1	 3	8.705	8.702	7.929	7.920
 1	 4	6.381	6.348	6.008	5.981
 1	 5	7.634	7.399	7.188	6.963
 1	 6	7.777	7.546	7.434	7.217
 1	 7	8.403	8.246	8.273	8.130
 2	 0	7.348	6.796	5.981	5.560
 2	 1	6.133	5.863	5.354	5.114
 2	 2	7.266	7.189	6.547	6.491
 2	 3	5.710	5.713	5.234	5.240
 2	 4	6.652	6.655	6.309	6.311
 2	 5	5.950	5.924	5.594	5.577
 2	 6	7.750	7.722	7.283	7.225
 2	 7	6.864	6.737	6.539	6.421
 3	 0	6.472	6.039	5.372	5.014
 3	 1	5.689	5.464	4.882	4.708
 3	 2	6.772	6.620	5.905	5.780
 3	 3	7.155	7.117	6.334	6.289
 3	 4	5.615	5.574	5.092	5.068
 3	 5	6.374	6.246	5.755	5.654
 3	 6	5.900	5.782	5.374	5.259
 3	 7	8.181	8.066	7.591	7.512
 4	 0	5.183	4.795	4.364	4.030
 4	 1	5.615	5.463	4.947	4.824
 4	 2	5.191	5.127	4.740	4.675
 4	 3	5.378	5.370	4.922	4.929
 4	 4	6.010	5.985	5.557	5.544
 4	 5	5.710	5.635	5.294	5.229
 4	 6	6.327	6.274	5.944	5.887
 4	 7	6.365	6.278	6.203	6.117
 5	 0	4.329	4.123	3.631	3.470
 5	 1	5.286	5.109	4.686	4.546
 5	 2	5.026	4.962	4.639	4.571
 5	 3	4.798	4.740	4.529	4.470
 5	 4	4.963	4.918	4.829	4.798
 5	 5	5.253	5.198	5.066	5.016
 5	 6	5.300	5.168	5.214	5.093
 5	 7	5.834	5.776	5.824	5.767
 6	 0	4.393	4.159	3.599	3.367
 6	 1	4.655	4.571	3.961	3.886
 6	 2	4.751	4.705	4.167	4.131
 6	 3	4.832	4.739	4.285	4.223
 6	 4	5.368	5.363	4.816	4.820
 6	 5	4.973	4.869	4.500	4.407
 6	 6	6.575	6.506	5.997	5.941
 6	 7	5.697	5.670	5.222	5.191
 7	 0	3.656	3.559	3.039	2.944
 7	 1	4.332	4.251	3.769	3.706
 7	 2	4.272	4.248	3.760	3.706
 7	 3	4.832	4.803	4.311	4.294
 7	 4	5.055	5.016	4.621	4.585
 7	 5	5.229	5.080	4.742	4.611
 7	 6	5.296	5.112	5.049	4.879
 7	 7	5.129	5.107	4.908	4.888
 8	 0	4.392	4.385	3.507	3.478
 8	 1	4.578	4.503	3.934	3.870
 8	 2	4.564	4.461	4.101	4.031
 8	 3	4.454	4.343	4.047	3.945
 8	 4	4.952	4.828	4.631	4.547
 8	 5	4.380	4.248	4.072	3.944
 8	 6	4.669	4.547	4.503	4.420
 8	 7	4.569	4.449	4.382	4.308
 9	 0	5.038	4.890	4.092	3.965
 9	 1	5.055	5.004	4.168	4.129
 9	 2	5.222	5.075	4.455	4.314
 9	 3	5.040	5.047	4.395	4.398
 9	 4	5.302	5.295	4.721	4.719
 9	 5	5.284	5.229	4.674	4.625
 9	 6	4.738	4.565	4.272	4.128
 9	 7	4.773	4.763	4.342	4.318
10	 0	4.639	4.332	3.861	3.607
10	 1	4.632	4.517	4.132	4.039
10	 2	4.253	4.247	4.010	3.987
10	 3	4.830	4.740	4.564	4.476
10	 4	4.390	4.365	4.237	4.215
10	 5	4.968	4.931	4.782	4.764
10	 6	4.595	4.437	4.609	4.456
10	 7	4.726	4.705	4.684	4.678
11	 0	4.345	4.098	3.614	3.429
11	 1	4.644	4.569	3.989	3.948
11	 2	4.636	4.497	4.012	3.900
11	 3	4.066	3.994	3.561	3.489
11	 4	4.241	4.143	3.907	3.826
11	 5	4.350	4.317	3.927	3.893
11	 6	4.562	4.461	4.246	4.151
11	 7	4.458	4.370	4.194	4.094
12	 0	5.342	5.137	4.326	4.151
12	 1	5.708	5.502	4.964	4.781
12	 2	4.259	4.196	3.842	3.786
12	 3	5.408	5.336	4.772	4.699
12	 4	5.343	5.307	4.872	4.854
12	 5	5.142	5.122	4.647	4.606
12	 6	4.719	4.629	4.367	4.296
12	 7	4.878	4.786	4.552	4.455
13	 0	5.804	5.457	4.724	4.428
13	 1	6.019	5.825	5.208	5.052
13	 2	5.323	5.117	4.738	4.553
13	 3	5.177	5.162	4.693	4.669
13	 4	5.148	5.142	4.820	4.832
13	 5	5.338	5.276	5.021	4.940
13	 6	4.944	4.814	4.747	4.659
13	 7	5.544	5.413	5.292	5.206
14	 0	6.989	6.534	5.713	5.371
14	 1	7.450	7.180	6.274	6.071
14	 2	6.154	5.890	5.251	5.032
14	 3	6.508	6.408	5.584	5.478
14	 4	5.973	5.986	5.138	5.107
14	 5	6.493	6.357	5.798	5.681
14	 6	5.603	5.490	5.062	4.980
14	 7	5.997	5.935	5.463	5.422
15	 0	7.024	6.406	6.086	5.556
15	 1	5.349	5.133	4.840	4.667
15	 2	5.465	5.338	5.068	4.946
15	 3	5.564	5.500	5.191	5.111
15	 4	5.394	5.376	5.168	5.136
15	 5	5.427	5.335	5.149	5.039
15	 6	5.147	5.014	5.136	4.999
15	 7	5.688	5.719	5.606	5.564
16	 0	6.531	5.929	5.423	4.937
16	 1	6.127	5.907	5.447	5.258
16	 2	5.216	5.142	4.759	4.696
16	 3	5.149	5.086	4.691	4.602
16	 4	5.223	5.230	4.868	4.869
16	 5	5.832	5.635	5.385	5.213
16	 6	6.177	6.131	5.763	5.730
16	 7	6.435	6.361	6.181	6.126
17	 0	7.862	7.213	6.605	6.012
17	 1	5.677	5.457	5.040	4.864
17	 2	5.623	5.537	5.043	4.966
17	 3	4.858	4.833	4.452	4.436
17	 4	6.375	6.367	5.864	5.869
17	 5	6.172	6.034	5.783	5.675
17	 6	5.795	5.757	5.460	5.435
17	 7	6.183	6.164	5.918	5.906
18	 0	6.521	6.126	5.269	4.944
18	 1	6.521	6.298	5.721	5.524
18	 2	6.313	6.272	5.780	5.770
18	 3	5.182	5.133	4.772	4.725
18	 4	6.064	6.069	5.764	5.764
18	 5	6.135	6.069	5.800	5.749
18	 6	5.418	5.261	5.191	5.079
18	 7	5.828	5.685	5.711	5.590
19	 0	5.317	5.029	4.413	4.186
19	 1	4.951	4.798	4.406	4.292
19	 2	4.655	4.589	4.301	4.237
19	 3	4.725	4.639	4.403	4.342
19	 4	4.794	4.794	4.526	4.534
19	 5	4.841	4.747	4.524	4.438
19	 6	5.072	5.004	4.818	4.759
19	 7	5.409	5.373	5.210	5.168
20	 0	6.398	6.033	5.187	4.931
20	 1	5.269	5.090	4.637	4.479
20	 2	5.316	5.158	4.853	4.702
20	 3	5.226	5.233	4.775	4.774
20	 4	4.975	4.918	4.576	4.562
20	 5	5.401	5.251	4.893	4.765
20	 6	4.564	4.518	4.163	4.126
20	 7	5.138	5.064	4.835	4.788
21	 0	5.031	4.736	4.222	3.978
21	 1	4.575	4.419	4.005	3.866
21	 2	4.723	4.662	4.169	4.103
21	 3	4.771	4.775	4.303	4.313
21	 4	5.162	5.067	4.743	4.668
21	 5	5.063	4.961	4.637	4.557
21	 6	5.293	5.162	4.972	4.858
21	 7	5.275	5.235	5.004	4.967
22	 0	5.301	5.086	4.215	4.022
22	 1	5.390	5.228	4.618	4.489
22	 2	5.149	5.072	4.597	4.519
22	 3	4.541	4.515	4.122	4.103
22	 4	4.847	4.834	4.493	4.474
22	 5	5.119	5.095	4.717	4.703
22	 6	5.435	5.358	5.077	4.981
22	 7	5.150	5.088	4.907	4.835
23	 0	3.959	3.921	3.225	3.188
23	 1	4.034	3.956	3.567	3.501
23	 2	4.094	4.034	3.755	3.704
23	 3	3.980	3.884	3.667	3.573
23	 4	4.344	4.317	4.079	4.063
23	 5	4.716	4.549	4.521	4.364
23	 6	4.682	4.609	4.568	4.509
23	 7	4.932	4.876	4.958	4.902
24	 0	3.839	3.608	3.134	2.931
24	 1	4.490	4.425	3.906	3.853
24	 2	4.606	4.571	4.128	4.092
24	 3	4.130	4.085	3.824	3.789
24	 4	4.666	4.631	4.485	4.469
24	 5	5.448	5.347	5.210	5.126
24	 6	4.753	4.653	4.751	4.656
24	 7	5.389	5.319	5.349	5.303
25	 0	4.228	4.105	3.481	3.371
25	 1	4.646	4.476	4.086	3.913
25	 2	4.479	4.428	4.057	4.018
25	 3	4.901	4.859	4.535	4.496
25	 4	5.344	5.269	4.982	4.939
25	 5	5.476	5.372	5.101	4.994
25	 6	5.664	5.621	5.313	5.258
25	 7	5.652	5.634	5.408	5.395
26	 0	4.474	4.241	3.758	3.563
26	 1	4.949	4.824	4.303	4.188
26	 2	5.265	5.151	4.717	4.635
26	 3	5.794	5.764	5.232	5.213
26	 4	5.689	5.584	5.269	5.183
26	 5	5.242	5.095	5.066	4.951
26	 6	5.582	5.486	5.337	5.251
26	 7	5.979	5.899	5.894	5.822
27	 0	5.048	4.758	4.194	3.963
27	 1	4.708	4.492	4.150	3.958
27	 2	5.291	5.199	4.726	4.642
27	 3	4.996	4.970	4.531	4.509
27	 4	4.860	4.838	4.479	4.452
27	 5	4.958	4.888	4.543	4.490
27	 6	6.184	6.097	5.809	5.733
27	 7	5.639	5.546	5.386	5.314
28	 0	6.080	5.757	5.001	4.719
28	 1	5.388	5.287	4.738	4.648
28	 2	5.471	5.427	4.998	4.957
28	 3	5.753	5.622	5.359	5.244
28	 4	5.493	5.492	5.109	5.115
28	 5	6.306	6.139	5.896	5.754
28	 6	5.488	5.274	5.139	4.957
28	 7	5.441	5.402	5.313	5.290
29	 0	7.825	7.082	6.639	6.059
29	 1	6.341	6.004	5.701	5.429
29	 2	5.332	5.210	4.971	4.880
29	 3	5.792	5.792	5.467	5.461
29	 4	6.190	6.187	5.947	5.962
29	 5	4.982	4.873	4.862	4.750
29	 6	6.435	6.260	6.342	6.184
29	 7	6.557	6.421	6.461	6.357
30	 0	10.965	10.043	9.189	8.396
30	 1	7.474	7.208	6.629	6.398
30	 2	7.262	7.086	6.639	6.503
30	 3	6.304	6.278	5.945	5.927
30	 4	6.658	6.572	6.405	6.327
30	 5	7.017	6.876	6.807	6.667
30	 6	7.510	7.385	7.254	7.132
30	 7	8.549	8.338	8.310	8.097
31	 0	9.856	8.915	8.244	7.461
31	 1	9.419	9.032	7.947	7.615
31	 2	6.870	6.669	6.169	6.005
31	 3	6.727	6.668	6.077	6.013
31	 4	7.350	7.288	6.794	6.774
31	 5	6.970	6.732	6.557	6.331
31	 6	6.480	6.313	6.185	6.083
31	 7	7.455	7.378	7.283	7.219
