ch	  pt	mean	std	median	outliers	mean_w/o_out	std_w/o_out	samples#688	#689	#690	#691	#692	#693	#694	#695	#696	#697	#698	#699	#700	#701	#702	#703	#704	#705	#706	#707	#708	#709	#710	#711	#712	#713	#714	#715	#716	#717	#718	#719	#720	#721	#722	#723	#724	#725	#726	#727	#728	#729	#730	#731	#732	#733	#734	#735	#736	#737	#738	#739	#740	#741	#742	#743	#744	#745	#746	#747	#748	#749	#750	#751	#752	#753	#754	#755	#756	#757	#758	#759	#760	#761	#762	#763	#764	#765	#766	#767	#768	#769	#770	#771	#772	#773	#774	#775	#776	#777	#778	#779	#780	#781	#782	#783	#784	#785	#786	#787	#788	#789
 0	 707.78	   1.64	 708.0	   1	 707.72	  1.53	 100 0	   0	   0	   0	   0	   0	   0	   0	   0	   0	   0	   0	   0	   0	   0	   0	   0	   5	  23	  11	  30	  22	   4	   2	   2	   0	   1	   0	   0	   0	   0	   0	   0	   0	   0	   0	   0	   0	   0	   0	   0	   0	   0	   0	   0	   0	   0	   0	   0	   0	   0	   0	   0	   0	   0	   0	   0	   0	   0	   0	   0	   0	   0	   0	   0	   0	   0	   0	   0	   0	   0	   0	   0	   0	   0	   0	   0	   0	   0	   0	   0	   0	   0	   0	   0	   0	   0	   0	   0	   0	   0	   0	   0	   0	   0	   0	   0	   0	   0	   0	   0	   0
 1	 749.05	   1.50	 749.0	   0	 749.05	  1.50	 100 0	   0	   0	   0	   0	   0	   0	   0	   0	   0	   0	   0	   0	   0	   0	   0	   0	   0	   0	   0	   0	   0	   0	   0	   0	   0	   0	   0	   0	   0	   0	   0	   0	   0	   0	   0	   0	   0	   0	   0	   0	   0	   0	   0	   0	   0	   0	   0	   0	   0	   0	   0	   0	   0	   0	   0	   0	   0	   5	  10	  16	  36	  18	   9	   4	   2	   0	   0	   0	   0	   0	   0	   0	   0	   0	   0	   0	   0	   0	   0	   0	   0	   0	   0	   0	   0	   0	   0	   0	   0	   0	   0	   0	   0	   0	   0	   0	   0	   0	   0	   0	   0
 2	 731.86	   1.57	 732.0	   1	 731.91	  1.50	 100 0	   0	   0	   0	   0	   0	   0	   0	   0	   0	   0	   0	   0	   0	   0	   0	   0	   0	   0	   0	   0	   0	   0	   0	   0	   0	   0	   0	   0	   0	   0	   0	   0	   0	   0	   0	   0	   0	   0	   1	   0	   6	  15	  19	  16	  28	  15	   0	   0	   0	   0	   0	   0	   0	   0	   0	   0	   0	   0	   0	   0	   0	   0	   0	   0	   0	   0	   0	   0	   0	   0	   0	   0	   0	   0	   0	   0	   0	   0	   0	   0	   0	   0	   0	   0	   0	   0	   0	   0	   0	   0	   0	   0	   0	   0	   0	   0	   0	   0	   0	   0	   0
 3	 735.63	   2.14	 736.0	   5	 735.82	  1.72	 100 0	   0	   0	   0	   0	   0	   0	   0	   0	   0	   0	   0	   0	   0	   0	   0	   0	   0	   0	   0	   0	   0	   0	   0	   0	   0	   0	   0	   0	   0	   0	   0	   0	   0	   0	   0	   0	   0	   0	   0	   1	   0	   2	   1	   3	   7	  13	  13	  22	  24	  10	   1	   2	   1	   0	   0	   0	   0	   0	   0	   0	   0	   0	   0	   0	   0	   0	   0	   0	   0	   0	   0	   0	   0	   0	   0	   0	   0	   0	   0	   0	   0	   0	   0	   0	   0	   0	   0	   0	   0	   0	   0	   0	   0	   0	   0	   0	   0	   0	   0	   0	   0
 4	 759.80	   2.34	 760.0	   5	 759.87	  1.88	 100 0	   0	   0	   0	   0	   0	   0	   0	   0	   0	   0	   0	   0	   0	   0	   0	   0	   0	   0	   0	   0	   0	   0	   0	   0	   0	   0	   0	   0	   0	   0	   0	   0	   0	   0	   0	   0	   0	   0	   0	   0	   0	   0	   0	   0	   0	   0	   0	   0	   0	   0	   0	   0	   0	   0	   0	   0	   0	   0	   0	   0	   0	   0	   0	   1	   1	   0	   1	   3	  10	   8	  22	  11	  22	  13	   4	   2	   1	   0	   1	   0	   0	   0	   0	   0	   0	   0	   0	   0	   0	   0	   0	   0	   0	   0	   0	   0	   0	   0	   0	   0	   0
 5	 710.36	   3.12	 710.0	   1	 710.27	  3.01	 100 0	   0	   0	   0	   0	   0	   0	   0	   0	   0	   0	   0	   0	   0	   2	   0	   1	   6	   1	   2	   8	  20	  19	   2	  17	   9	   6	   1	   3	   1	   1	   1	   0	   0	   0	   0	   0	   0	   0	   0	   0	   0	   0	   0	   0	   0	   0	   0	   0	   0	   0	   0	   0	   0	   0	   0	   0	   0	   0	   0	   0	   0	   0	   0	   0	   0	   0	   0	   0	   0	   0	   0	   0	   0	   0	   0	   0	   0	   0	   0	   0	   0	   0	   0	   0	   0	   0	   0	   0	   0	   0	   0	   0	   0	   0	   0	   0	   0	   0	   0	   0	   0
 6	 779.05	   2.93	 779.0	   1	 778.95	  2.76	 100 0	   0	   0	   0	   0	   0	   0	   0	   0	   0	   0	   0	   0	   0	   0	   0	   0	   0	   0	   0	   0	   0	   0	   0	   0	   0	   0	   0	   0	   0	   0	   0	   0	   0	   0	   0	   0	   0	   0	   0	   0	   0	   0	   0	   0	   0	   0	   0	   0	   0	   0	   0	   0	   0	   0	   0	   0	   0	   0	   0	   0	   0	   0	   0	   0	   0	   0	   0	   0	   0	   0	   0	   0	   0	   0	   0	   0	   0	   0	   0	   0	   0	   0	   0	   1	   5	   3	   2	   3	  10	  16	  17	  13	  15	   8	   0	   4	   1	   1	   0	   0	   1
 7	 760.35	   3.91	 761.0	   7	 760.45	  3.06	 100 0	   0	   0	   0	   0	   0	   0	   0	   0	   0	   0	   0	   0	   0	   0	   0	   0	   0	   0	   0	   0	   0	   0	   0	   0	   0	   0	   0	   0	   0	   0	   0	   0	   0	   0	   0	   0	   0	   0	   0	   0	   0	   0	   0	   0	   0	   0	   0	   0	   0	   0	   0	   0	   0	   0	   0	   0	   0	   0	   0	   0	   0	   2	   1	   1	   1	   2	   2	   1	   6	  12	  15	   5	  22	   8	   6	   2	   4	   4	   1	   1	   1	   3	   0	   0	   0	   0	   0	   0	   0	   0	   0	   0	   0	   0	   0	   0	   0	   0	   0	   0	   0
 8	 757.08	   5.45	 757.0	  12	 756.64	  3.13	 100 0	   0	   0	   0	   0	   0	   0	   0	   0	   0	   0	   0	   0	   0	   0	   0	   0	   0	   0	   0	   0	   0	   0	   0	   0	   0	   0	   0	   0	   0	   0	   0	   0	   0	   0	   0	   0	   0	   0	   0	   0	   0	   0	   0	   0	   0	   0	   0	   0	   0	   0	   0	   0	   0	   0	   1	   0	   1	   0	   1	   2	   2	   2	   2	   3	   3	   7	   7	  13	  17	   8	  15	   2	   1	   2	   2	   1	   1	   3	   1	   0	   0	   0	   1	   0	   0	   0	   0	   1	   0	   0	   0	   0	   1	   0	   0	   0	   0	   0	   0	   0	   0
 9	 755.73	   3.75	 756.0	   4	 755.74	  3.29	 100 0	   0	   0	   0	   0	   0	   0	   0	   0	   0	   0	   0	   0	   0	   0	   0	   0	   0	   0	   0	   0	   0	   0	   0	   0	   0	   0	   0	   0	   0	   0	   0	   0	   0	   0	   0	   0	   0	   0	   0	   0	   0	   0	   0	   0	   0	   0	   0	   0	   0	   0	   0	   0	   0	   0	   0	   0	   1	   0	   1	   0	   2	   5	   3	   3	   8	  14	  11	  14	  15	   3	   4	   4	   3	   4	   3	   0	   2	   0	   0	   0	   0	   0	   0	   0	   0	   0	   0	   0	   0	   0	   0	   0	   0	   0	   0	   0	   0	   0	   0	   0	   0
10	 752.46	   3.62	 753.0	   0	 752.46	  3.62	 100 0	   0	   0	   0	   0	   0	   0	   0	   0	   0	   0	   0	   0	   0	   0	   0	   0	   0	   0	   0	   0	   0	   0	   0	   0	   0	   0	   0	   0	   0	   0	   0	   0	   0	   0	   0	   0	   0	   0	   0	   0	   0	   0	   0	   0	   0	   0	   0	   0	   0	   0	   0	   1	   0	   0	   0	   0	   1	   3	   4	   4	   5	  15	   2	   6	  23	  13	   5	   5	   6	   1	   4	   1	   0	   1	   0	   0	   0	   0	   0	   0	   0	   0	   0	   0	   0	   0	   0	   0	   0	   0	   0	   0	   0	   0	   0	   0	   0	   0	   0	   0	   0
11	 755.14	   3.00	 755.0	   0	 755.14	  3.00	 100 0	   0	   0	   0	   0	   0	   0	   0	   0	   0	   0	   0	   0	   0	   0	   0	   0	   0	   0	   0	   0	   0	   0	   0	   0	   0	   0	   0	   0	   0	   0	   0	   0	   0	   0	   0	   0	   0	   0	   0	   0	   0	   0	   0	   0	   0	   0	   0	   0	   0	   0	   0	   0	   0	   0	   0	   0	   0	   0	   2	   1	   2	   1	   6	   6	   6	  15	  12	  13	  19	   8	   3	   2	   2	   2	   0	   0	   0	   0	   0	   0	   0	   0	   0	   0	   0	   0	   0	   0	   0	   0	   0	   0	   0	   0	   0	   0	   0	   0	   0	   0	   0
12	 754.42	   3.16	 754.0	   2	 754.64	  2.77	 100 0	   0	   0	   0	   0	   0	   0	   0	   0	   0	   0	   0	   0	   0	   0	   0	   0	   0	   0	   0	   0	   0	   0	   0	   0	   0	   0	   0	   0	   0	   0	   0	   0	   0	   0	   0	   0	   0	   0	   0	   0	   0	   0	   0	   0	   0	   0	   0	   0	   0	   0	   0	   0	   0	   0	   1	   1	   0	   0	   0	   2	   3	   1	   5	   8	  12	  18	  12	  15	   9	   6	   2	   2	   2	   1	   0	   0	   0	   0	   0	   0	   0	   0	   0	   0	   0	   0	   0	   0	   0	   0	   0	   0	   0	   0	   0	   0	   0	   0	   0	   0	   0
13	 707.74	   2.91	 708.0	   1	 707.83	  2.79	 100 0	   0	   0	   0	   0	   0	   0	   0	   0	   0	   0	   1	   0	   0	   1	   8	   2	   8	  15	   8	  14	  19	  13	   1	   4	   4	   0	   1	   1	   0	   0	   0	   0	   0	   0	   0	   0	   0	   0	   0	   0	   0	   0	   0	   0	   0	   0	   0	   0	   0	   0	   0	   0	   0	   0	   0	   0	   0	   0	   0	   0	   0	   0	   0	   0	   0	   0	   0	   0	   0	   0	   0	   0	   0	   0	   0	   0	   0	   0	   0	   0	   0	   0	   0	   0	   0	   0	   0	   0	   0	   0	   0	   0	   0	   0	   0	   0	   0	   0	   0	   0	   0
14	 742.07	   2.57	 742.0	   0	 742.07	  2.57	 100 0	   0	   0	   0	   0	   0	   0	   0	   0	   0	   0	   0	   0	   0	   0	   0	   0	   0	   0	   0	   0	   0	   0	   0	   0	   0	   0	   0	   0	   0	   0	   0	   0	   0	   0	   0	   0	   0	   0	   0	   0	   0	   0	   0	   0	   0	   0	   0	   0	   2	   7	   7	  16	  16	   7	   8	  18	   9	   7	   3	   0	   0	   0	   0	   0	   0	   0	   0	   0	   0	   0	   0	   0	   0	   0	   0	   0	   0	   0	   0	   0	   0	   0	   0	   0	   0	   0	   0	   0	   0	   0	   0	   0	   0	   0	   0	   0	   0	   0	   0	   0	   0
15	 736.12	   2.33	 736.0	   0	 736.12	  2.33	 100 0	   0	   0	   0	   0	   0	   0	   0	   0	   0	   0	   0	   0	   0	   0	   0	   0	   0	   0	   0	   0	   0	   0	   0	   0	   0	   0	   0	   0	   0	   0	   0	   0	   0	   0	   0	   0	   0	   0	   0	   0	   0	   0	   1	   2	  12	  12	  18	  13	   9	  16	   8	   7	   2	   0	   0	   0	   0	   0	   0	   0	   0	   0	   0	   0	   0	   0	   0	   0	   0	   0	   0	   0	   0	   0	   0	   0	   0	   0	   0	   0	   0	   0	   0	   0	   0	   0	   0	   0	   0	   0	   0	   0	   0	   0	   0	   0	   0	   0	   0	   0	   0
16	 769.20	   1.81	 769.0	   0	 769.20	  1.81	 100 0	   0	   0	   0	   0	   0	   0	   0	   0	   0	   0	   0	   0	   0	   0	   0	   0	   0	   0	   0	   0	   0	   0	   0	   0	   0	   0	   0	   0	   0	   0	   0	   0	   0	   0	   0	   0	   0	   0	   0	   0	   0	   0	   0	   0	   0	   0	   0	   0	   0	   0	   0	   0	   0	   0	   0	   0	   0	   0	   0	   0	   0	   0	   0	   0	   0	   0	   0	   0	   0	   0	   0	   0	   0	   0	   0	   0	   2	   8	   7	  12	  29	  21	   9	   9	   3	   0	   0	   0	   0	   0	   0	   0	   0	   0	   0	   0	   0	   0	   0	   0	   0
17	 736.47	   2.02	 737.0	   2	 736.46	  1.91	 100 0	   0	   0	   0	   0	   0	   0	   0	   0	   0	   0	   0	   0	   0	   0	   0	   0	   0	   0	   0	   0	   0	   0	   0	   0	   0	   0	   0	   0	   0	   0	   0	   0	   0	   0	   0	   0	   0	   0	   0	   0	   0	   0	   0	   1	   7	  11	  12	  15	  23	  23	   0	   4	   3	   1	   0	   0	   0	   0	   0	   0	   0	   0	   0	   0	   0	   0	   0	   0	   0	   0	   0	   0	   0	   0	   0	   0	   0	   0	   0	   0	   0	   0	   0	   0	   0	   0	   0	   0	   0	   0	   0	   0	   0	   0	   0	   0	   0	   0	   0	   0	   0
18	 747.56	   2.03	 748.0	   3	 747.61	  1.85	 100 0	   0	   0	   0	   0	   0	   0	   0	   0	   0	   0	   0	   0	   0	   0	   0	   0	   0	   0	   0	   0	   0	   0	   0	   0	   0	   0	   0	   0	   0	   0	   0	   0	   0	   0	   0	   0	   0	   0	   0	   0	   0	   0	   0	   0	   0	   0	   0	   0	   0	   0	   0	   0	   0	   1	   1	   3	   8	  20	  16	  19	  19	   3	   7	   2	   1	   0	   0	   0	   0	   0	   0	   0	   0	   0	   0	   0	   0	   0	   0	   0	   0	   0	   0	   0	   0	   0	   0	   0	   0	   0	   0	   0	   0	   0	   0	   0	   0	   0	   0	   0	   0
19	 694.95	   2.70	 695.0	   0	 694.95	  2.70	 100 1	   2	   3	   3	   6	  12	  19	  15	   9	  13	  11	   1	   1	   3	   1	   0	   0	   0	   0	   0	   0	   0	   0	   0	   0	   0	   0	   0	   0	   0	   0	   0	   0	   0	   0	   0	   0	   0	   0	   0	   0	   0	   0	   0	   0	   0	   0	   0	   0	   0	   0	   0	   0	   0	   0	   0	   0	   0	   0	   0	   0	   0	   0	   0	   0	   0	   0	   0	   0	   0	   0	   0	   0	   0	   0	   0	   0	   0	   0	   0	   0	   0	   0	   0	   0	   0	   0	   0	   0	   0	   0	   0	   0	   0	   0	   0	   0	   0	   0	   0	   0	   0
20	 712.91	   3.07	 713.0	  16	 713.23	  1.88	 100 0	   0	   0	   0	   0	   0	   0	   0	   0	   0	   0	   0	   0	   0	   0	   1	   0	   1	   2	   1	   5	   3	   5	   4	  14	  23	  18	   6	   6	   5	   4	   0	   1	   1	   0	   0	   0	   0	   0	   0	   0	   0	   0	   0	   0	   0	   0	   0	   0	   0	   0	   0	   0	   0	   0	   0	   0	   0	   0	   0	   0	   0	   0	   0	   0	   0	   0	   0	   0	   0	   0	   0	   0	   0	   0	   0	   0	   0	   0	   0	   0	   0	   0	   0	   0	   0	   0	   0	   0	   0	   0	   0	   0	   0	   0	   0	   0	   0	   0	   0	   0	   0
21	 737.70	   3.27	 738.0	   1	 737.79	  3.17	 100 0	   0	   0	   0	   0	   0	   0	   0	   0	   0	   0	   0	   0	   0	   0	   0	   0	   0	   0	   0	   0	   0	   0	   0	   0	   0	   0	   0	   0	   0	   0	   0	   0	   0	   0	   0	   0	   0	   0	   0	   0	   1	   1	   2	   2	   6	   2	   6	  12	  14	  18	  10	   9	   7	   2	   1	   4	   3	   0	   0	   0	   0	   0	   0	   0	   0	   0	   0	   0	   0	   0	   0	   0	   0	   0	   0	   0	   0	   0	   0	   0	   0	   0	   0	   0	   0	   0	   0	   0	   0	   0	   0	   0	   0	   0	   0	   0	   0	   0	   0	   0	   0
22	 761.04	   3.21	 762.0	  20	 761.60	  1.78	 100 0	   0	   0	   0	   0	   0	   0	   0	   0	   0	   0	   0	   0	   0	   0	   0	   0	   0	   0	   0	   0	   0	   0	   0	   0	   0	   0	   0	   0	   0	   0	   0	   0	   0	   0	   0	   0	   0	   0	   0	   0	   0	   0	   0	   0	   0	   0	   0	   0	   0	   0	   0	   0	   0	   0	   0	   0	   0	   0	   0	   0	   0	   0	   1	   0	   1	   3	   2	   2	   5	   3	  11	   3	  17	  25	  14	   2	   2	   3	   5	   1	   0	   0	   0	   0	   0	   0	   0	   0	   0	   0	   0	   0	   0	   0	   0	   0	   0	   0	   0	   0	   0
23	 706.78	   4.87	 707.0	  10	 707.17	  3.63	 100 0	   0	   0	   0	   0	   0	   0	   1	   2	   2	   2	   2	   3	   2	   1	   4	   4	  10	  16	   8	  10	  11	   4	   4	   1	   3	   6	   1	   1	   0	   1	   0	   0	   0	   1	   0	   0	   0	   0	   0	   0	   0	   0	   0	   0	   0	   0	   0	   0	   0	   0	   0	   0	   0	   0	   0	   0	   0	   0	   0	   0	   0	   0	   0	   0	   0	   0	   0	   0	   0	   0	   0	   0	   0	   0	   0	   0	   0	   0	   0	   0	   0	   0	   0	   0	   0	   0	   0	   0	   0	   0	   0	   0	   0	   0	   0	   0	   0	   0	   0	   0	   0
24	 710.28	   3.21	 710.0	   0	 710.28	  3.21	 100 0	   0	   0	   0	   0	   0	   0	   0	   0	   0	   0	   0	   0	   0	   1	   1	   1	   2	   7	   6	   7	  19	  14	   6	  14	   8	   4	   2	   2	   6	   0	   0	   0	   0	   0	   0	   0	   0	   0	   0	   0	   0	   0	   0	   0	   0	   0	   0	   0	   0	   0	   0	   0	   0	   0	   0	   0	   0	   0	   0	   0	   0	   0	   0	   0	   0	   0	   0	   0	   0	   0	   0	   0	   0	   0	   0	   0	   0	   0	   0	   0	   0	   0	   0	   0	   0	   0	   0	   0	   0	   0	   0	   0	   0	   0	   0	   0	   0	   0	   0	   0	   0
25	 730.94	   2.83	 731.0	   1	 731.04	  2.66	 100 0	   0	   0	   0	   0	   0	   0	   0	   0	   0	   0	   0	   0	   0	   0	   0	   0	   0	   0	   0	   0	   0	   0	   0	   0	   0	   0	   0	   0	   0	   0	   0	   0	   1	   0	   0	   1	   2	   2	   4	   3	   9	  20	  22	   7	  19	   2	   3	   2	   0	   1	   2	   0	   0	   0	   0	   0	   0	   0	   0	   0	   0	   0	   0	   0	   0	   0	   0	   0	   0	   0	   0	   0	   0	   0	   0	   0	   0	   0	   0	   0	   0	   0	   0	   0	   0	   0	   0	   0	   0	   0	   0	   0	   0	   0	   0	   0	   0	   0	   0	   0	   0
26	 783.22	   2.40	 783.0	   9	 783.16	  1.83	 100 0	   0	   0	   0	   0	   0	   0	   0	   0	   0	   0	   0	   0	   0	   0	   0	   0	   0	   0	   0	   0	   0	   0	   0	   0	   0	   0	   0	   0	   0	   0	   0	   0	   0	   0	   0	   0	   0	   0	   0	   0	   0	   0	   0	   0	   0	   0	   0	   0	   0	   0	   0	   0	   0	   0	   0	   0	   0	   0	   0	   0	   0	   0	   0	   0	   0	   0	   0	   0	   0	   0	   0	   0	   0	   0	   0	   0	   0	   0	   0	   0	   0	   0	   0	   0	   0	   0	   0	   0	   1	   3	   1	   5	  12	  20	  10	  21	  10	  11	   1	   2	   3
27	 740.83	   2.24	 741.0	   5	 740.79	  1.93	 100 0	   0	   0	   0	   0	   0	   0	   0	   0	   0	   0	   0	   0	   0	   0	   0	   0	   0	   0	   0	   0	   0	   0	   0	   0	   0	   0	   0	   0	   0	   0	   0	   0	   0	   0	   0	   0	   0	   0	   0	   0	   0	   0	   0	   0	   0	   0	   2	   0	   4	  12	   4	  18	  26	  18	   3	   6	   4	   3	   0	   0	   0	   0	   0	   0	   0	   0	   0	   0	   0	   0	   0	   0	   0	   0	   0	   0	   0	   0	   0	   0	   0	   0	   0	   0	   0	   0	   0	   0	   0	   0	   0	   0	   0	   0	   0	   0	   0	   0	   0	   0	   0
28	 741.84	   1.93	 741.5	   0	 741.84	  1.93	 100 0	   0	   0	   0	   0	   0	   0	   0	   0	   0	   0	   0	   0	   0	   0	   0	   0	   0	   0	   0	   0	   0	   0	   0	   0	   0	   0	   0	   0	   0	   0	   0	   0	   0	   0	   0	   0	   0	   0	   0	   0	   0	   0	   0	   0	   0	   0	   0	   0	   2	   0	   6	  13	  29	  20	  10	   8	   8	   3	   1	   0	   0	   0	   0	   0	   0	   0	   0	   0	   0	   0	   0	   0	   0	   0	   0	   0	   0	   0	   0	   0	   0	   0	   0	   0	   0	   0	   0	   0	   0	   0	   0	   0	   0	   0	   0	   0	   0	   0	   0	   0	   0
29	 746.10	   1.64	 746.0	   0	 746.10	  1.64	 100 0	   0	   0	   0	   0	   0	   0	   0	   0	   0	   0	   0	   0	   0	   0	   0	   0	   0	   0	   0	   0	   0	   0	   0	   0	   0	   0	   0	   0	   0	   0	   0	   0	   0	   0	   0	   0	   0	   0	   0	   0	   0	   0	   0	   0	   0	   0	   0	   0	   0	   0	   0	   0	   0	   1	   4	  12	  19	  24	  21	  10	   8	   1	   0	   0	   0	   0	   0	   0	   0	   0	   0	   0	   0	   0	   0	   0	   0	   0	   0	   0	   0	   0	   0	   0	   0	   0	   0	   0	   0	   0	   0	   0	   0	   0	   0	   0	   0	   0	   0	   0	   0
30	 713.46	   1.35	 714.0	   1	 713.51	  1.28	 100 0	   0	   0	   0	   0	   0	   0	   0	   0	   0	   0	   0	   0	   0	   0	   0	   0	   0	   0	   0	   0	   1	   2	   5	  13	  22	  40	  13	   3	   1	   0	   0	   0	   0	   0	   0	   0	   0	   0	   0	   0	   0	   0	   0	   0	   0	   0	   0	   0	   0	   0	   0	   0	   0	   0	   0	   0	   0	   0	   0	   0	   0	   0	   0	   0	   0	   0	   0	   0	   0	   0	   0	   0	   0	   0	   0	   0	   0	   0	   0	   0	   0	   0	   0	   0	   0	   0	   0	   0	   0	   0	   0	   0	   0	   0	   0	   0	   0	   0	   0	   0	   0
31	 771.99	   1.55	 772.0	   0	 771.99	  1.55	 100 0	   0	   0	   0	   0	   0	   0	   0	   0	   0	   0	   0	   0	   0	   0	   0	   0	   0	   0	   0	   0	   0	   0	   0	   0	   0	   0	   0	   0	   0	   0	   0	   0	   0	   0	   0	   0	   0	   0	   0	   0	   0	   0	   0	   0	   0	   0	   0	   0	   0	   0	   0	   0	   0	   0	   0	   0	   0	   0	   0	   0	   0	   0	   0	   0	   0	   0	   0	   0	   0	   0	   0	   0	   0	   0	   0	   0	   0	   0	   0	   1	   5	  15	   9	  34	  19	  14	   2	   1	   0	   0	   0	   0	   0	   0	   0	   0	   0	   0	   0	   0	   0
