ch	pt	fine_thr	a_fit	b_fit
 0	 0	 0	211.865	0.410
 0	 0	 1	210.821	0.438
 0	 0	 2	209.832	0.396
 0	 0	 3	208.751	0.411
 0	 0	 4	207.797	0.392
 0	 0	 5	206.693	0.388
 0	 0	 6	205.702	0.426
 0	 0	 7	204.578	0.396
 0	 1	 0	211.839	0.335
 0	 1	 1	210.811	0.307
 0	 1	 2	209.816	0.309
 0	 1	 3	208.692	0.315
 0	 1	 4	207.732	0.329
 0	 1	 5	206.633	0.305
 0	 1	 6	205.660	0.304
 0	 1	 7	204.555	0.291
 0	 2	 0	211.853	0.243
 0	 2	 1	210.730	0.267
 0	 2	 2	209.777	0.270
 0	 2	 3	208.640	0.291
 0	 2	 4	207.672	0.279
 0	 2	 5	206.606	0.286
 0	 2	 6	205.583	0.287
 0	 2	 7	204.552	0.274
 0	 3	 0	211.820	0.233
 0	 3	 1	210.679	0.282
 0	 3	 2	209.725	0.273
 0	 3	 3	208.620	0.247
 0	 3	 4	207.653	0.254
 0	 3	 5	206.574	0.247
 0	 3	 6	205.590	0.258
 0	 3	 7	204.509	0.253
 0	 4	 0	211.768	0.267
 0	 4	 1	210.690	0.251
 0	 4	 2	209.707	0.246
 0	 4	 3	208.597	0.252
 0	 4	 4	207.698	0.263
 0	 4	 5	206.589	0.253
 0	 4	 6	205.610	0.248
 0	 4	 7	204.514	0.250
 0	 5	 0	211.781	0.225
 0	 5	 1	210.704	0.245
 0	 5	 2	209.700	0.243
 0	 5	 3	208.618	0.261
 0	 5	 4	207.687	0.239
 0	 5	 5	206.595	0.242
 0	 5	 6	205.587	0.244
 0	 5	 7	204.526	0.226
 0	 6	 0	211.773	0.253
 0	 6	 1	210.671	0.267
 0	 6	 2	209.707	0.267
 0	 6	 3	208.647	0.236
 0	 6	 4	207.645	0.225
 0	 6	 5	206.583	0.246
 0	 6	 6	205.646	0.210
 0	 6	 7	204.541	0.236
 0	 7	 0	211.820	0.250
 0	 7	 1	210.664	0.231
 0	 7	 2	209.750	0.221
 0	 7	 3	208.605	0.228
 0	 7	 4	207.655	0.239
 0	 7	 5	206.556	0.226
 0	 7	 6	205.595	0.256
 0	 7	 7	204.567	0.235
 1	 0	 0	221.361	0.332
 1	 0	 1	220.280	0.354
 1	 0	 2	219.274	0.326
 1	 0	 3	218.224	0.322
 1	 0	 4	217.303	0.325
 1	 0	 5	216.240	0.359
 1	 0	 6	215.261	0.328
 1	 0	 7	214.154	0.363
 1	 1	 0	221.432	0.320
 1	 1	 1	220.278	0.300
 1	 1	 2	219.271	0.297
 1	 1	 3	218.244	0.301
 1	 1	 4	217.260	0.295
 1	 1	 5	216.139	0.281
 1	 1	 6	215.179	0.287
 1	 1	 7	214.149	0.277
 1	 2	 0	221.397	0.294
 1	 2	 1	220.308	0.276
 1	 2	 2	219.303	0.284
 1	 2	 3	218.186	0.264
 1	 2	 4	217.292	0.267
 1	 2	 5	216.159	0.275
 1	 2	 6	215.211	0.306
 1	 2	 7	214.149	0.321
 1	 3	 0	221.369	0.287
 1	 3	 1	220.295	0.274
 1	 3	 2	219.280	0.279
 1	 3	 3	218.217	0.254
 1	 3	 4	217.256	0.259
 1	 3	 5	216.164	0.246
 1	 3	 6	215.240	0.287
 1	 3	 7	214.101	0.260
 1	 4	 0	221.404	0.271
 1	 4	 1	220.254	0.281
 1	 4	 2	219.265	0.268
 1	 4	 3	218.227	0.270
 1	 4	 4	217.286	0.270
 1	 4	 5	216.201	0.301
 1	 4	 6	215.246	0.285
 1	 4	 7	214.078	0.266
 1	 5	 0	221.436	0.285
 1	 5	 1	220.302	0.271
 1	 5	 2	219.280	0.262
 1	 5	 3	218.205	0.258
 1	 5	 4	217.266	0.255
 1	 5	 5	216.194	0.263
 1	 5	 6	215.196	0.281
 1	 5	 7	214.116	0.288
 1	 6	 0	221.388	0.263
 1	 6	 1	220.234	0.279
 1	 6	 2	219.274	0.274
 1	 6	 3	218.206	0.277
 1	 6	 4	217.299	0.272
 1	 6	 5	216.182	0.285
 1	 6	 6	215.246	0.275
 1	 6	 7	214.120	0.255
 1	 7	 0	221.392	0.287
 1	 7	 1	220.252	0.310
 1	 7	 2	219.242	0.294
 1	 7	 3	218.203	0.291
 1	 7	 4	217.282	0.298
 1	 7	 5	216.230	0.280
 1	 7	 6	215.214	0.313
 1	 7	 7	214.116	0.289
 2	 0	 0	219.680	0.386
 2	 0	 1	218.640	0.343
 2	 0	 2	217.728	0.375
 2	 0	 3	216.674	0.382
 2	 0	 4	215.775	0.377
 2	 0	 5	214.657	0.347
 2	 0	 6	213.716	0.352
 2	 0	 7	212.693	0.334
 2	 1	 0	219.671	0.313
 2	 1	 1	218.594	0.325
 2	 1	 2	217.732	0.333
 2	 1	 3	216.691	0.311
 2	 1	 4	215.717	0.342
 2	 1	 5	214.676	0.329
 2	 1	 6	213.744	0.320
 2	 1	 7	212.664	0.320
 2	 2	 0	219.648	0.287
 2	 2	 1	218.607	0.276
 2	 2	 2	217.728	0.290
 2	 2	 3	216.673	0.298
 2	 2	 4	215.735	0.311
 2	 2	 5	214.707	0.322
 2	 2	 6	213.739	0.307
 2	 2	 7	212.685	0.299
 2	 3	 0	219.677	0.286
 2	 3	 1	218.591	0.288
 2	 3	 2	217.687	0.295
 2	 3	 3	216.656	0.295
 2	 3	 4	215.748	0.310
 2	 3	 5	214.668	0.308
 2	 3	 6	213.713	0.311
 2	 3	 7	212.707	0.299
 2	 4	 0	219.641	0.284
 2	 4	 1	218.547	0.277
 2	 4	 2	217.685	0.289
 2	 4	 3	216.662	0.312
 2	 4	 4	215.684	0.289
 2	 4	 5	214.666	0.303
 2	 4	 6	213.709	0.282
 2	 4	 7	212.664	0.298
 2	 5	 0	219.646	0.282
 2	 5	 1	218.578	0.284
 2	 5	 2	217.723	0.273
 2	 5	 3	216.659	0.279
 2	 5	 4	215.736	0.278
 2	 5	 5	214.670	0.309
 2	 5	 6	213.723	0.288
 2	 5	 7	212.683	0.294
 2	 6	 0	219.646	0.286
 2	 6	 1	218.589	0.281
 2	 6	 2	217.720	0.280
 2	 6	 3	216.635	0.299
 2	 6	 4	215.701	0.301
 2	 6	 5	214.658	0.296
 2	 6	 6	213.742	0.295
 2	 6	 7	212.724	0.288
 2	 7	 0	219.651	0.304
 2	 7	 1	218.595	0.293
 2	 7	 2	217.703	0.311
 2	 7	 3	216.667	0.307
 2	 7	 4	215.696	0.308
 2	 7	 5	214.642	0.306
 2	 7	 6	213.739	0.279
 2	 7	 7	212.738	0.300
 3	 0	 0	219.245	0.368
 3	 0	 1	218.152	0.338
 3	 0	 2	217.218	0.381
 3	 0	 3	216.196	0.351
 3	 0	 4	215.208	0.374
 3	 0	 5	213.871	0.288
 3	 0	 6	213.159	0.387
 3	 0	 7	212.007	0.389
 3	 1	 0	219.233	0.330
 3	 1	 1	218.130	0.317
 3	 1	 2	217.227	0.315
 3	 1	 3	216.161	0.361
 3	 1	 4	215.112	0.288
 3	 1	 5	214.040	0.366
 3	 1	 6	213.131	0.348
 3	 1	 7	211.950	0.308
 3	 2	 0	219.207	0.299
 3	 2	 1	218.131	0.316
 3	 2	 2	217.225	0.301
 3	 2	 3	216.136	0.326
 3	 2	 4	215.154	0.319
 3	 2	 5	213.912	0.265
 3	 2	 6	213.124	0.286
 3	 2	 7	212.032	0.311
 3	 3	 0	219.230	0.307
 3	 3	 1	218.073	0.258
 3	 3	 2	217.251	0.291
 3	 3	 3	216.163	0.325
 3	 3	 4	215.143	0.278
 3	 3	 5	214.119	0.306
 3	 3	 6	213.112	0.334
 3	 3	 7	212.054	0.307
 3	 4	 0	219.190	0.282
 3	 4	 1	218.128	0.283
 3	 4	 2	217.242	0.320
 3	 4	 3	216.118	0.307
 3	 4	 4	215.113	0.291
 3	 4	 5	213.996	0.337
 3	 4	 6	213.046	0.340
 3	 4	 7	212.011	0.268
 3	 5	 0	219.161	0.292
 3	 5	 1	218.114	0.248
 3	 5	 2	217.203	0.290
 3	 5	 3	216.112	0.323
 3	 5	 4	215.121	0.285
 3	 5	 5	214.009	0.279
 3	 5	 6	213.097	0.270
 3	 5	 7	212.052	0.261
 3	 6	 0	219.195	0.304
 3	 6	 1	218.130	0.244
 3	 6	 2	217.197	0.292
 3	 6	 3	216.019	0.338
 3	 6	 4	215.124	0.285
 3	 6	 5	213.961	0.276
 3	 6	 6	213.101	0.294
 3	 6	 7	212.118	0.290
 3	 7	 0	219.155	0.277
 3	 7	 1	218.064	0.260
 3	 7	 2	217.239	0.296
 3	 7	 3	216.074	0.271
 3	 7	 4	215.083	0.297
 3	 7	 5	213.885	0.288
 3	 7	 6	213.094	0.267
 3	 7	 7	212.032	0.328
 4	 0	 0	225.363	0.382
 4	 0	 1	224.356	0.382
 4	 0	 2	223.443	0.383
 4	 0	 3	222.331	0.356
 4	 0	 4	221.414	0.389
 4	 0	 5	220.306	0.380
 4	 0	 6	219.345	0.379
 4	 0	 7	218.343	0.368
 4	 1	 0	225.365	0.335
 4	 1	 1	224.373	0.341
 4	 1	 2	223.410	0.311
 4	 1	 3	222.312	0.342
 4	 1	 4	221.360	0.335
 4	 1	 5	220.270	0.319
 4	 1	 6	219.334	0.311
 4	 1	 7	218.328	0.317
 4	 2	 0	225.398	0.327
 4	 2	 1	224.310	0.292
 4	 2	 2	223.413	0.317
 4	 2	 3	222.328	0.317
 4	 2	 4	221.358	0.292
 4	 2	 5	220.249	0.317
 4	 2	 6	219.351	0.279
 4	 2	 7	218.303	0.278
 4	 3	 0	225.381	0.310
 4	 3	 1	224.309	0.302
 4	 3	 2	223.405	0.304
 4	 3	 3	222.297	0.311
 4	 3	 4	221.370	0.324
 4	 3	 5	220.245	0.275
 4	 3	 6	219.315	0.294
 4	 3	 7	218.308	0.282
 4	 4	 0	225.396	0.291
 4	 4	 1	224.315	0.299
 4	 4	 2	223.386	0.289
 4	 4	 3	222.327	0.317
 4	 4	 4	221.374	0.281
 4	 4	 5	220.262	0.300
 4	 4	 6	219.307	0.282
 4	 4	 7	218.329	0.302
 4	 5	 0	225.488	0.296
 4	 5	 1	224.353	0.257
 4	 5	 2	223.392	0.302
 4	 5	 3	222.316	0.278
 4	 5	 4	221.363	0.274
 4	 5	 5	220.239	0.316
 4	 5	 6	219.304	0.304
 4	 5	 7	218.305	0.270
 4	 6	 0	225.402	0.285
 4	 6	 1	224.296	0.287
 4	 6	 2	223.364	0.303
 4	 6	 3	222.241	0.264
 4	 6	 4	221.330	0.267
 4	 6	 5	220.226	0.282
 4	 6	 6	219.375	0.273
 4	 6	 7	218.307	0.269
 4	 7	 0	225.412	0.292
 4	 7	 1	224.274	0.307
 4	 7	 2	223.375	0.301
 4	 7	 3	222.262	0.327
 4	 7	 4	221.365	0.289
 4	 7	 5	220.223	0.302
 4	 7	 6	219.384	0.290
 4	 7	 7	218.290	0.276
 5	 0	 0	224.368	0.435
 5	 0	 1	223.250	0.412
 5	 0	 2	222.287	0.407
 5	 0	 3	221.174	0.432
 5	 0	 4	220.225	0.437
 5	 0	 5	219.164	0.407
 5	 0	 6	218.228	0.411
 5	 0	 7	217.190	0.409
 5	 1	 0	224.423	0.387
 5	 1	 1	223.229	0.368
 5	 1	 2	222.271	0.355
 5	 1	 3	221.140	0.369
 5	 1	 4	220.241	0.377
 5	 1	 5	219.152	0.345
 5	 1	 6	218.201	0.338
 5	 1	 7	217.142	0.356
 5	 2	 0	224.445	0.349
 5	 2	 1	223.262	0.344
 5	 2	 2	222.259	0.349
 5	 2	 3	221.167	0.340
 5	 2	 4	220.239	0.322
 5	 2	 5	219.129	0.338
 5	 2	 6	218.224	0.339
 5	 2	 7	217.112	0.335
 5	 3	 0	224.330	0.316
 5	 3	 1	223.249	0.333
 5	 3	 2	222.241	0.331
 5	 3	 3	221.127	0.347
 5	 3	 4	220.207	0.323
 5	 3	 5	219.133	0.359
 5	 3	 6	218.204	0.324
 5	 3	 7	217.131	0.318
 5	 4	 0	224.325	0.348
 5	 4	 1	223.231	0.306
 5	 4	 2	222.267	0.342
 5	 4	 3	221.138	0.325
 5	 4	 4	220.179	0.286
 5	 4	 5	219.093	0.329
 5	 4	 6	218.152	0.296
 5	 4	 7	217.143	0.325
 5	 5	 0	224.304	0.324
 5	 5	 1	223.203	0.317
 5	 5	 2	222.215	0.296
 5	 5	 3	221.142	0.312
 5	 5	 4	220.182	0.298
 5	 5	 5	219.113	0.323
 5	 5	 6	218.191	0.283
 5	 5	 7	217.122	0.305
 5	 6	 0	224.327	0.328
 5	 6	 1	223.232	0.319
 5	 6	 2	222.214	0.332
 5	 6	 3	221.077	0.334
 5	 6	 4	220.188	0.315
 5	 6	 5	219.105	0.293
 5	 6	 6	218.159	0.317
 5	 6	 7	217.121	0.349
 5	 7	 0	224.283	0.322
 5	 7	 1	223.174	0.301
 5	 7	 2	222.225	0.328
 5	 7	 3	221.123	0.348
 5	 7	 4	220.201	0.343
 5	 7	 5	219.115	0.333
 5	 7	 6	218.132	0.303
 5	 7	 7	217.076	0.320
 6	 0	 0	225.296	0.463
 6	 0	 1	224.252	0.478
 6	 0	 2	223.302	0.473
 6	 0	 3	222.142	0.452
 6	 0	 4	221.270	0.445
 6	 0	 5	220.158	0.460
 6	 0	 6	219.218	0.434
 6	 0	 7	218.191	0.460
 6	 1	 0	225.274	0.401
 6	 1	 1	224.183	0.409
 6	 1	 2	223.307	0.396
 6	 1	 3	222.118	0.375
 6	 1	 4	221.292	0.382
 6	 1	 5	220.136	0.406
 6	 1	 6	219.184	0.389
 6	 1	 7	218.168	0.363
 6	 2	 0	225.292	0.361
 6	 2	 1	224.218	0.377
 6	 2	 2	223.337	0.338
 6	 2	 3	222.205	0.300
 6	 2	 4	221.258	0.361
 6	 2	 5	220.156	0.373
 6	 2	 6	219.163	0.354
 6	 2	 7	218.149	0.359
 6	 3	 0	225.296	0.356
 6	 3	 1	224.177	0.342
 6	 3	 2	223.246	0.356
 6	 3	 3	222.129	0.355
 6	 3	 4	221.300	0.386
 6	 3	 5	220.130	0.328
 6	 3	 6	219.194	0.362
 6	 3	 7	218.131	0.317
 6	 4	 0	225.284	0.330
 6	 4	 1	224.178	0.334
 6	 4	 2	223.169	0.324
 6	 4	 3	222.173	0.336
 6	 4	 4	221.250	0.362
 6	 4	 5	220.157	0.363
 6	 4	 6	219.256	0.325
 6	 4	 7	218.085	0.350
 6	 5	 0	225.378	0.357
 6	 5	 1	224.232	0.350
 6	 5	 2	223.192	0.358
 6	 5	 3	222.121	0.331
 6	 5	 4	221.158	0.307
 6	 5	 5	220.131	0.328
 6	 5	 6	219.163	0.333
 6	 5	 7	218.093	0.253
 6	 6	 0	225.311	0.310
 6	 6	 1	224.320	0.317
 6	 6	 2	223.148	0.296
 6	 6	 3	222.158	0.307
 6	 6	 4	221.174	0.301
 6	 6	 5	220.065	0.323
 6	 6	 6	219.355	0.297
 6	 6	 7	218.129	0.318
 6	 7	 0	225.288	0.343
 6	 7	 1	224.176	0.342
 6	 7	 2	223.194	0.313
 6	 7	 3	222.132	0.353
 6	 7	 4	221.195	0.328
 6	 7	 5	220.138	0.370
 6	 7	 6	219.200	0.332
 6	 7	 7	218.084	0.318
 7	 0	 0	221.282	0.473
 7	 0	 1	220.199	0.477
 7	 0	 2	219.271	0.449
 7	 0	 3	218.001	0.490
 7	 0	 4	217.136	0.458
 7	 0	 5	216.038	0.512
 7	 0	 6	215.033	0.522
 7	 0	 7	214.024	0.495
 7	 1	 0	221.166	0.425
 7	 1	 1	220.079	0.359
 7	 1	 2	219.179	0.395
 7	 1	 3	218.013	0.422
 7	 1	 4	217.137	0.423
 7	 1	 5	215.945	0.416
 7	 1	 6	215.007	0.444
 7	 1	 7	213.968	0.380
 7	 2	 0	221.209	0.369
 7	 2	 1	220.137	0.382
 7	 2	 2	219.198	0.369
 7	 2	 3	218.036	0.380
 7	 2	 4	217.091	0.388
 7	 2	 5	215.958	0.404
 7	 2	 6	215.012	0.402
 7	 2	 7	213.967	0.341
 7	 3	 0	221.228	0.372
 7	 3	 1	220.072	0.373
 7	 3	 2	219.166	0.397
 7	 3	 3	217.994	0.348
 7	 3	 4	217.092	0.344
 7	 3	 5	215.945	0.391
 7	 3	 6	214.985	0.372
 7	 3	 7	213.917	0.338
 7	 4	 0	221.162	0.377
 7	 4	 1	220.057	0.352
 7	 4	 2	219.107	0.356
 7	 4	 3	217.956	0.326
 7	 4	 4	217.100	0.364
 7	 4	 5	215.936	0.341
 7	 4	 6	214.954	0.361
 7	 4	 7	213.956	0.362
 7	 5	 0	221.220	0.364
 7	 5	 1	220.039	0.318
 7	 5	 2	219.093	0.340
 7	 5	 3	217.984	0.321
 7	 5	 4	217.076	0.341
 7	 5	 5	215.964	0.328
 7	 5	 6	214.975	0.338
 7	 5	 7	213.897	0.348
 7	 6	 0	221.198	0.345
 7	 6	 1	220.055	0.344
 7	 6	 2	219.054	0.289
 7	 6	 3	217.993	0.310
 7	 6	 4	217.053	0.350
 7	 6	 5	215.960	0.327
 7	 6	 6	215.031	0.293
 7	 6	 7	213.868	0.303
 7	 7	 0	221.197	0.361
 7	 7	 1	220.080	0.356
 7	 7	 2	218.994	0.323
 7	 7	 3	218.009	0.270
 7	 7	 4	217.070	0.339
 7	 7	 5	215.889	0.344
 7	 7	 6	215.015	0.339
 7	 7	 7	213.891	0.338
 8	 0	 0	220.497	0.470
 8	 0	 1	219.346	0.473
 8	 0	 2	218.414	0.447
 8	 0	 3	217.351	0.455
 8	 0	 4	216.313	0.458
 8	 0	 5	215.261	0.456
 8	 0	 6	214.274	0.489
 8	 0	 7	213.214	0.445
 8	 1	 0	220.459	0.398
 8	 1	 1	219.347	0.378
 8	 1	 2	218.417	0.373
 8	 1	 3	217.293	0.396
 8	 1	 4	216.267	0.429
 8	 1	 5	215.206	0.412
 8	 1	 6	214.192	0.427
 8	 1	 7	213.177	0.411
 8	 2	 0	220.397	0.398
 8	 2	 1	219.254	0.370
 8	 2	 2	218.395	0.397
 8	 2	 3	217.322	0.377
 8	 2	 4	216.277	0.396
 8	 2	 5	215.129	0.417
 8	 2	 6	214.215	0.421
 8	 2	 7	213.130	0.409
 8	 3	 0	220.422	0.421
 8	 3	 1	219.296	0.380
 8	 3	 2	218.353	0.398
 8	 3	 3	217.285	0.413
 8	 3	 4	216.244	0.402
 8	 3	 5	215.144	0.435
 8	 3	 6	214.194	0.408
 8	 3	 7	213.090	0.378
 8	 4	 0	220.317	0.425
 8	 4	 1	219.273	0.374
 8	 4	 2	218.327	0.402
 8	 4	 3	217.239	0.408
 8	 4	 4	216.287	0.396
 8	 4	 5	215.135	0.419
 8	 4	 6	214.220	0.421
 8	 4	 7	213.105	0.420
 8	 5	 0	220.358	0.435
 8	 5	 1	219.231	0.409
 8	 5	 2	218.335	0.419
 8	 5	 3	217.218	0.416
 8	 5	 4	216.224	0.412
 8	 5	 5	215.143	0.415
 8	 5	 6	214.163	0.413
 8	 5	 7	213.037	0.442
 8	 6	 0	220.349	0.444
 8	 6	 1	219.186	0.456
 8	 6	 2	218.305	0.466
 8	 6	 3	217.188	0.396
 8	 6	 4	216.248	0.481
 8	 6	 5	215.084	0.478
 8	 6	 6	214.132	0.470
 8	 6	 7	213.065	0.488
 8	 7	 0	220.308	0.502
 8	 7	 1	219.199	0.516
 8	 7	 2	218.287	0.476
 8	 7	 3	217.189	0.473
 8	 7	 4	216.186	0.481
 8	 7	 5	215.110	0.444
 8	 7	 6	214.116	0.468
 8	 7	 7	213.061	0.463
 9	 0	 0	226.046	0.421
 9	 0	 1	224.975	0.444
 9	 0	 2	224.080	0.420
 9	 0	 3	222.954	0.429
 9	 0	 4	222.076	0.419
 9	 0	 5	221.055	0.402
 9	 0	 6	220.016	0.424
 9	 0	 7	219.022	0.400
 9	 1	 0	226.068	0.380
 9	 1	 1	224.926	0.405
 9	 1	 2	223.990	0.349
 9	 1	 3	222.897	0.360
 9	 1	 4	222.050	0.418
 9	 1	 5	221.013	0.397
 9	 1	 6	220.031	0.395
 9	 1	 7	218.988	0.379
 9	 2	 0	226.030	0.389
 9	 2	 1	224.953	0.373
 9	 2	 2	223.994	0.395
 9	 2	 3	222.904	0.376
 9	 2	 4	221.992	0.357
 9	 2	 5	220.956	0.399
 9	 2	 6	219.992	0.372
 9	 2	 7	218.981	0.349
 9	 3	 0	226.005	0.402
 9	 3	 1	224.909	0.402
 9	 3	 2	223.981	0.370
 9	 3	 3	222.908	0.379
 9	 3	 4	222.005	0.383
 9	 3	 5	220.968	0.385
 9	 3	 6	219.957	0.333
 9	 3	 7	218.953	0.376
 9	 4	 0	226.001	0.419
 9	 4	 1	224.880	0.445
 9	 4	 2	223.925	0.391
 9	 4	 3	222.870	0.391
 9	 4	 4	221.992	0.391
 9	 4	 5	220.919	0.397
 9	 4	 6	219.927	0.392
 9	 4	 7	218.962	0.395
 9	 5	 0	225.988	0.449
 9	 5	 1	224.846	0.436
 9	 5	 2	223.951	0.470
 9	 5	 3	222.859	0.413
 9	 5	 4	221.984	0.419
 9	 5	 5	220.895	0.399
 9	 5	 6	219.931	0.394
 9	 5	 7	218.908	0.421
 9	 6	 0	225.918	0.436
 9	 6	 1	224.854	0.447
 9	 6	 2	223.893	0.460
 9	 6	 3	222.869	0.440
 9	 6	 4	221.956	0.476
 9	 6	 5	220.894	0.427
 9	 6	 6	219.952	0.457
 9	 6	 7	218.897	0.437
 9	 7	 0	225.909	0.478
 9	 7	 1	224.869	0.464
 9	 7	 2	223.934	0.510
 9	 7	 3	222.876	0.480
 9	 7	 4	221.894	0.512
 9	 7	 5	220.885	0.466
 9	 7	 6	219.921	0.458
 9	 7	 7	218.835	0.445
10	 0	 0	220.083	0.430
10	 0	 1	218.966	0.417
10	 0	 2	218.035	0.382
10	 0	 3	217.051	0.391
10	 0	 4	216.082	0.434
10	 0	 5	214.943	0.390
10	 0	 6	214.014	0.424
10	 0	 7	212.955	0.426
10	 1	 0	219.988	0.389
10	 1	 1	218.978	0.328
10	 1	 2	218.054	0.344
10	 1	 3	217.014	0.346
10	 1	 4	216.026	0.385
10	 1	 5	214.959	0.377
10	 1	 6	213.965	0.346
10	 1	 7	212.896	0.396
10	 2	 0	219.958	0.384
10	 2	 1	218.960	0.335
10	 2	 2	218.038	0.341
10	 2	 3	216.981	0.354
10	 2	 4	216.022	0.364
10	 2	 5	214.919	0.339
10	 2	 6	213.991	0.384
10	 2	 7	212.907	0.341
10	 3	 0	219.967	0.360
10	 3	 1	218.897	0.359
10	 3	 2	218.017	0.365
10	 3	 3	216.959	0.358
10	 3	 4	215.980	0.378
10	 3	 5	214.889	0.382
10	 3	 6	213.990	0.382
10	 3	 7	212.910	0.384
10	 4	 0	219.884	0.373
10	 4	 1	218.930	0.382
10	 4	 2	218.014	0.394
10	 4	 3	216.952	0.408
10	 4	 4	215.937	0.436
10	 4	 5	214.900	0.409
10	 4	 6	213.956	0.369
10	 4	 7	212.932	0.371
10	 5	 0	219.952	0.402
10	 5	 1	218.976	0.396
10	 5	 2	217.972	0.399
10	 5	 3	217.028	0.409
10	 5	 4	215.987	0.393
10	 5	 5	214.908	0.375
10	 5	 6	213.931	0.392
10	 5	 7	212.934	0.383
10	 6	 0	219.944	0.401
10	 6	 1	218.894	0.422
10	 6	 2	218.005	0.419
10	 6	 3	216.926	0.412
10	 6	 4	215.970	0.425
10	 6	 5	214.921	0.424
10	 6	 6	213.890	0.439
10	 6	 7	212.909	0.440
10	 7	 0	219.938	0.405
10	 7	 1	218.856	0.432
10	 7	 2	217.925	0.448
10	 7	 3	216.937	0.462
10	 7	 4	215.988	0.457
10	 7	 5	214.894	0.447
10	 7	 6	213.923	0.432
10	 7	 7	212.898	0.499
11	 0	 0	219.110	0.382
11	 0	 1	218.121	0.393
11	 0	 2	217.184	0.389
11	 0	 3	216.084	0.411
11	 0	 4	215.218	0.381
11	 0	 5	214.144	0.374
11	 0	 6	213.216	0.370
11	 0	 7	212.159	0.356
11	 1	 0	219.119	0.332
11	 1	 1	218.084	0.332
11	 1	 2	217.169	0.331
11	 1	 3	216.066	0.367
11	 1	 4	215.225	0.369
11	 1	 5	214.173	0.337
11	 1	 6	213.220	0.341
11	 1	 7	212.143	0.333
11	 2	 0	219.111	0.344
11	 2	 1	218.083	0.301
11	 2	 2	217.146	0.297
11	 2	 3	216.071	0.347
11	 2	 4	215.224	0.353
11	 2	 5	214.148	0.347
11	 2	 6	213.169	0.345
11	 2	 7	212.143	0.323
11	 3	 0	219.108	0.336
11	 3	 1	218.052	0.340
11	 3	 2	217.111	0.309
11	 3	 3	216.012	0.378
11	 3	 4	215.163	0.366
11	 3	 5	214.131	0.338
11	 3	 6	213.162	0.275
11	 3	 7	212.149	0.346
11	 4	 0	219.035	0.363
11	 4	 1	218.083	0.333
11	 4	 2	217.093	0.335
11	 4	 3	216.018	0.334
11	 4	 4	215.227	0.365
11	 4	 5	214.115	0.361
11	 4	 6	213.219	0.341
11	 4	 7	212.107	0.325
11	 5	 0	219.097	0.339
11	 5	 1	218.063	0.405
11	 5	 2	217.091	0.373
11	 5	 3	216.017	0.376
11	 5	 4	215.209	0.345
11	 5	 5	214.092	0.361
11	 5	 6	213.150	0.346
11	 5	 7	212.105	0.337
11	 6	 0	219.054	0.362
11	 6	 1	218.060	0.366
11	 6	 2	217.071	0.368
11	 6	 3	215.986	0.379
11	 6	 4	215.201	0.377
11	 6	 5	214.100	0.394
11	 6	 6	213.150	0.367
11	 6	 7	212.059	0.383
11	 7	 0	219.076	0.383
11	 7	 1	218.053	0.385
11	 7	 2	217.099	0.417
11	 7	 3	215.936	0.403
11	 7	 4	215.171	0.403
11	 7	 5	214.123	0.413
11	 7	 6	213.135	0.408
11	 7	 7	212.070	0.373
12	 0	 0	225.627	0.377
12	 0	 1	224.492	0.379
12	 0	 2	223.534	0.377
12	 0	 3	222.299	0.370
12	 0	 4	221.417	0.379
12	 0	 5	220.257	0.351
12	 0	 6	219.350	0.356
12	 0	 7	218.204	0.331
12	 1	 0	225.605	0.343
12	 1	 1	224.466	0.358
12	 1	 2	223.464	0.335
12	 1	 3	222.283	0.318
12	 1	 4	221.364	0.336
12	 1	 5	220.255	0.339
12	 1	 6	219.299	0.323
12	 1	 7	218.190	0.343
12	 2	 0	225.640	0.321
12	 2	 1	224.425	0.329
12	 2	 2	223.446	0.341
12	 2	 3	222.307	0.360
12	 2	 4	221.400	0.349
12	 2	 5	220.242	0.341
12	 2	 6	219.342	0.314
12	 2	 7	218.156	0.318
12	 3	 0	225.653	0.358
12	 3	 1	224.490	0.330
12	 3	 2	223.461	0.361
12	 3	 3	222.312	0.313
12	 3	 4	221.330	0.348
12	 3	 5	220.248	0.324
12	 3	 6	219.294	0.313
12	 3	 7	218.128	0.338
12	 4	 0	225.619	0.360
12	 4	 1	224.413	0.365
12	 4	 2	223.426	0.355
12	 4	 3	222.258	0.342
12	 4	 4	221.335	0.336
12	 4	 5	220.200	0.344
12	 4	 6	219.243	0.340
12	 4	 7	218.083	0.353
12	 5	 0	225.511	0.373
12	 5	 1	224.407	0.396
12	 5	 2	223.414	0.377
12	 5	 3	222.247	0.374
12	 5	 4	221.384	0.368
12	 5	 5	220.184	0.423
12	 5	 6	219.232	0.350
12	 5	 7	218.113	0.334
12	 6	 0	225.540	0.397
12	 6	 1	224.419	0.409
12	 6	 2	223.393	0.382
12	 6	 3	222.263	0.392
12	 6	 4	221.321	0.396
12	 6	 5	220.197	0.399
12	 6	 6	219.202	0.380
12	 6	 7	218.060	0.387
12	 7	 0	225.574	0.409
12	 7	 1	224.380	0.439
12	 7	 2	223.391	0.442
12	 7	 3	222.228	0.435
12	 7	 4	221.311	0.438
12	 7	 5	220.133	0.437
12	 7	 6	219.201	0.412
12	 7	 7	218.104	0.400
13	 0	 0	219.867	0.354
13	 0	 1	218.762	0.355
13	 0	 2	217.909	0.376
13	 0	 3	216.782	0.360
13	 0	 4	215.863	0.379
13	 0	 5	214.808	0.363
13	 0	 6	213.785	0.348
13	 0	 7	212.739	0.344
13	 1	 0	219.856	0.355
13	 1	 1	218.766	0.312
13	 1	 2	217.847	0.309
13	 1	 3	216.762	0.343
13	 1	 4	215.870	0.353
13	 1	 5	214.800	0.338
13	 1	 6	213.772	0.332
13	 1	 7	212.692	0.356
13	 2	 0	219.835	0.315
13	 2	 1	218.768	0.306
13	 2	 2	217.873	0.318
13	 2	 3	216.771	0.314
13	 2	 4	215.819	0.326
13	 2	 5	214.776	0.348
13	 2	 6	213.767	0.324
13	 2	 7	212.699	0.363
13	 3	 0	219.840	0.334
13	 3	 1	218.772	0.347
13	 3	 2	217.873	0.371
13	 3	 3	216.751	0.380
13	 3	 4	215.830	0.377
13	 3	 5	214.790	0.368
13	 3	 6	213.745	0.359
13	 3	 7	212.687	0.362
13	 4	 0	219.823	0.379
13	 4	 1	218.828	0.321
13	 4	 2	217.853	0.393
13	 4	 3	216.751	0.417
13	 4	 4	215.829	0.408
13	 4	 5	214.767	0.404
13	 4	 6	213.736	0.385
13	 4	 7	212.728	0.415
13	 5	 0	219.852	0.426
13	 5	 1	218.770	0.443
13	 5	 2	217.903	0.423
13	 5	 3	216.757	0.419
13	 5	 4	215.876	0.402
13	 5	 5	214.776	0.437
13	 5	 6	213.731	0.409
13	 5	 7	212.694	0.419
13	 6	 0	219.858	0.490
13	 6	 1	218.776	0.450
13	 6	 2	217.842	0.426
13	 6	 3	216.805	0.483
13	 6	 4	215.864	0.450
13	 6	 5	214.781	0.478
13	 6	 6	213.759	0.459
13	 6	 7	212.715	0.465
13	 7	 0	219.855	0.513
13	 7	 1	218.847	0.505
13	 7	 2	217.842	0.487
13	 7	 3	216.819	0.497
13	 7	 4	215.884	0.481
13	 7	 5	214.832	0.513
13	 7	 6	213.813	0.512
13	 7	 7	212.749	0.500
14	 0	 0	223.722	0.355
14	 0	 1	222.654	0.356
14	 0	 2	221.707	0.341
14	 0	 3	220.646	0.354
14	 0	 4	219.764	0.368
14	 0	 5	218.697	0.343
14	 0	 6	217.797	0.376
14	 0	 7	216.761	0.370
14	 1	 0	223.688	0.354
14	 1	 1	222.638	0.364
14	 1	 2	221.681	0.362
14	 1	 3	220.613	0.355
14	 1	 4	219.734	0.342
14	 1	 5	218.679	0.337
14	 1	 6	217.795	0.330
14	 1	 7	216.693	0.357
14	 2	 0	223.690	0.364
14	 2	 1	222.618	0.360
14	 2	 2	221.703	0.359
14	 2	 3	220.552	0.367
14	 2	 4	219.718	0.346
14	 2	 5	218.666	0.343
14	 2	 6	217.731	0.337
14	 2	 7	216.698	0.365
14	 3	 0	223.666	0.370
14	 3	 1	222.600	0.390
14	 3	 2	221.693	0.409
14	 3	 3	220.537	0.368
14	 3	 4	219.663	0.374
14	 3	 5	218.669	0.344
14	 3	 6	217.723	0.356
14	 3	 7	216.747	0.391
14	 4	 0	223.623	0.424
14	 4	 1	222.538	0.403
14	 4	 2	221.683	0.405
14	 4	 3	220.542	0.391
14	 4	 4	219.683	0.403
14	 4	 5	218.658	0.381
14	 4	 6	217.725	0.417
14	 4	 7	216.686	0.407
14	 5	 0	223.662	0.440
14	 5	 1	222.564	0.454
14	 5	 2	221.651	0.472
14	 5	 3	220.504	0.455
14	 5	 4	219.675	0.401
14	 5	 5	218.626	0.446
14	 5	 6	217.745	0.429
14	 5	 7	216.686	0.469
14	 6	 0	223.631	0.466
14	 6	 1	222.591	0.465
14	 6	 2	221.640	0.468
14	 6	 3	220.560	0.479
14	 6	 4	219.680	0.459
14	 6	 5	218.637	0.460
14	 6	 6	217.732	0.469
14	 6	 7	216.657	0.477
14	 7	 0	223.627	0.538
14	 7	 1	222.581	0.519
14	 7	 2	221.567	0.526
14	 7	 3	220.505	0.517
14	 7	 4	219.646	0.508
14	 7	 5	218.653	0.507
14	 7	 6	217.707	0.486
14	 7	 7	216.606	0.544
15	 0	 0	213.806	0.352
15	 0	 1	212.797	0.376
15	 0	 2	211.885	0.322
15	 0	 3	210.813	0.365
15	 0	 4	209.915	0.360
15	 0	 5	208.834	0.352
15	 0	 6	207.862	0.351
15	 0	 7	206.791	0.340
15	 1	 0	213.875	0.330
15	 1	 1	212.790	0.355
15	 1	 2	211.839	0.355
15	 1	 3	210.761	0.342
15	 1	 4	209.926	0.349
15	 1	 5	208.805	0.380
15	 1	 6	207.905	0.294
15	 1	 7	206.780	0.341
15	 2	 0	213.844	0.328
15	 2	 1	212.798	0.318
15	 2	 2	211.845	0.350
15	 2	 3	210.744	0.355
15	 2	 4	209.928	0.306
15	 2	 5	208.757	0.361
15	 2	 6	207.860	0.357
15	 2	 7	206.751	0.362
15	 3	 0	213.842	0.362
15	 3	 1	212.776	0.366
15	 3	 2	211.832	0.408
15	 3	 3	210.758	0.362
15	 3	 4	209.879	0.376
15	 3	 5	208.737	0.362
15	 3	 6	207.849	0.330
15	 3	 7	206.773	0.384
15	 4	 0	213.855	0.374
15	 4	 1	212.804	0.379
15	 4	 2	211.873	0.339
15	 4	 3	210.742	0.385
15	 4	 4	209.902	0.375
15	 4	 5	208.763	0.396
15	 4	 6	207.841	0.408
15	 4	 7	206.782	0.373
15	 5	 0	213.801	0.398
15	 5	 1	212.723	0.410
15	 5	 2	211.879	0.445
15	 5	 3	210.716	0.423
15	 5	 4	209.864	0.368
15	 5	 5	208.753	0.444
15	 5	 6	207.776	0.444
15	 5	 7	206.730	0.441
15	 6	 0	213.842	0.476
15	 6	 1	212.749	0.445
15	 6	 2	211.793	0.462
15	 6	 3	210.705	0.465
15	 6	 4	209.875	0.475
15	 6	 5	208.763	0.482
15	 6	 6	207.775	0.416
15	 6	 7	206.708	0.458
15	 7	 0	213.830	0.481
15	 7	 1	212.797	0.473
15	 7	 2	211.867	0.493
15	 7	 3	210.698	0.466
15	 7	 4	209.819	0.499
15	 7	 5	208.767	0.501
15	 7	 6	207.805	0.476
15	 7	 7	206.705	0.480
16	 0	 0	219.245	0.368
16	 0	 1	218.103	0.347
16	 0	 2	217.138	0.364
16	 0	 3	216.135	0.401
16	 0	 4	215.259	0.341
16	 0	 5	214.246	0.360
16	 0	 6	213.266	0.334
16	 0	 7	212.221	0.372
16	 1	 0	219.238	0.316
16	 1	 1	218.152	0.330
16	 1	 2	217.290	0.327
16	 1	 3	216.123	0.320
16	 1	 4	215.266	0.342
16	 1	 5	214.247	0.324
16	 1	 6	213.219	0.311
16	 1	 7	212.231	0.313
16	 2	 0	219.201	0.291
16	 2	 1	218.127	0.305
16	 2	 2	217.254	0.321
16	 2	 3	216.084	0.269
16	 2	 4	215.255	0.339
16	 2	 5	214.182	0.326
16	 2	 6	213.238	0.303
16	 2	 7	212.223	0.334
16	 3	 0	219.182	0.298
16	 3	 1	218.122	0.320
16	 3	 2	217.298	0.306
16	 3	 3	216.143	0.323
16	 3	 4	215.226	0.282
16	 3	 5	214.155	0.294
16	 3	 6	213.220	0.272
16	 3	 7	212.248	0.318
16	 4	 0	219.204	0.309
16	 4	 1	218.113	0.287
16	 4	 2	217.269	0.304
16	 4	 3	216.103	0.292
16	 4	 4	215.218	0.304
16	 4	 5	214.202	0.310
16	 4	 6	213.246	0.285
16	 4	 7	212.206	0.289
16	 5	 0	219.079	0.253
16	 5	 1	218.147	0.298
16	 5	 2	217.293	0.288
16	 5	 3	216.116	0.343
16	 5	 4	215.223	0.329
16	 5	 5	214.191	0.294
16	 5	 6	213.245	0.307
16	 5	 7	212.236	0.297
16	 6	 0	219.089	0.316
16	 6	 1	218.075	0.258
16	 6	 2	217.255	0.282
16	 6	 3	216.090	0.330
16	 6	 4	215.227	0.308
16	 6	 5	214.179	0.319
16	 6	 6	213.230	0.313
16	 6	 7	212.217	0.304
16	 7	 0	219.070	0.322
16	 7	 1	218.089	0.317
16	 7	 2	217.250	0.332
16	 7	 3	216.093	0.352
16	 7	 4	215.224	0.316
16	 7	 5	214.142	0.312
16	 7	 6	213.219	0.295
16	 7	 7	212.193	0.304
17	 0	 0	221.898	0.330
17	 0	 1	220.846	0.366
17	 0	 2	219.855	0.348
17	 0	 3	218.799	0.310
17	 0	 4	217.930	0.365
17	 0	 5	216.849	0.352
17	 0	 6	215.877	0.388
17	 0	 7	214.779	0.323
17	 1	 0	221.925	0.335
17	 1	 1	220.827	0.321
17	 1	 2	219.860	0.299
17	 1	 3	218.780	0.310
17	 1	 4	217.874	0.339
17	 1	 5	216.846	0.344
17	 1	 6	215.893	0.311
17	 1	 7	214.746	0.321
17	 2	 0	221.872	0.317
17	 2	 1	220.832	0.346
17	 2	 2	219.852	0.339
17	 2	 3	218.778	0.310
17	 2	 4	217.919	0.354
17	 2	 5	216.836	0.315
17	 2	 6	215.839	0.316
17	 2	 7	214.773	0.337
17	 3	 0	221.933	0.271
17	 3	 1	220.791	0.315
17	 3	 2	219.854	0.340
17	 3	 3	218.800	0.291
17	 3	 4	217.889	0.310
17	 3	 5	216.851	0.321
17	 3	 6	215.844	0.294
17	 3	 7	214.777	0.316
17	 4	 0	221.957	0.265
17	 4	 1	220.818	0.326
17	 4	 2	219.869	0.257
17	 4	 3	218.778	0.302
17	 4	 4	217.878	0.307
17	 4	 5	216.824	0.320
17	 4	 6	215.815	0.317
17	 4	 7	214.760	0.315
17	 5	 0	221.894	0.336
17	 5	 1	220.813	0.316
17	 5	 2	219.845	0.337
17	 5	 3	218.831	0.313
17	 5	 4	217.881	0.308
17	 5	 5	216.845	0.275
17	 5	 6	215.814	0.284
17	 5	 7	214.745	0.303
17	 6	 0	221.932	0.348
17	 6	 1	220.809	0.322
17	 6	 2	219.844	0.318
17	 6	 3	218.784	0.312
17	 6	 4	217.914	0.296
17	 6	 5	216.800	0.278
17	 6	 6	215.806	0.313
17	 6	 7	214.760	0.315
17	 7	 0	221.915	0.346
17	 7	 1	220.823	0.300
17	 7	 2	219.796	0.337
17	 7	 3	218.795	0.316
17	 7	 4	217.839	0.348
17	 7	 5	216.830	0.330
17	 7	 6	215.852	0.310
17	 7	 7	214.734	0.316
18	 0	 0	217.424	0.376
18	 0	 1	216.394	0.373
18	 0	 2	215.447	0.394
18	 0	 3	214.358	0.395
18	 0	 4	213.507	0.363
18	 0	 5	212.447	0.382
18	 0	 6	211.538	0.390
18	 0	 7	210.486	0.376
18	 1	 0	217.425	0.324
18	 1	 1	216.417	0.331
18	 1	 2	215.450	0.331
18	 1	 3	214.336	0.310
18	 1	 4	213.472	0.321
18	 1	 5	212.413	0.342
18	 1	 6	211.556	0.342
18	 1	 7	210.488	0.319
18	 2	 0	217.434	0.319
18	 2	 1	216.338	0.319
18	 2	 2	215.439	0.318
18	 2	 3	214.343	0.326
18	 2	 4	213.472	0.315
18	 2	 5	212.451	0.326
18	 2	 6	211.553	0.322
18	 2	 7	210.471	0.338
18	 3	 0	217.421	0.305
18	 3	 1	216.357	0.322
18	 3	 2	215.396	0.316
18	 3	 3	214.335	0.310
18	 3	 4	213.511	0.311
18	 3	 5	212.457	0.322
18	 3	 6	211.535	0.299
18	 3	 7	210.423	0.340
18	 4	 0	217.439	0.323
18	 4	 1	216.370	0.322
18	 4	 2	215.390	0.314
18	 4	 3	214.317	0.326
18	 4	 4	213.486	0.297
18	 4	 5	212.449	0.321
18	 4	 6	211.585	0.304
18	 4	 7	210.431	0.323
18	 5	 0	217.423	0.327
18	 5	 1	216.409	0.338
18	 5	 2	215.404	0.324
18	 5	 3	214.348	0.318
18	 5	 4	213.506	0.311
18	 5	 5	212.425	0.315
18	 5	 6	211.520	0.314
18	 5	 7	210.434	0.321
18	 6	 0	217.417	0.308
18	 6	 1	216.321	0.309
18	 6	 2	215.420	0.322
18	 6	 3	214.360	0.332
18	 6	 4	213.472	0.312
18	 6	 5	212.483	0.334
18	 6	 6	211.555	0.319
18	 6	 7	210.432	0.327
18	 7	 0	217.433	0.304
18	 7	 1	216.383	0.336
18	 7	 2	215.384	0.342
18	 7	 3	214.357	0.334
18	 7	 4	213.486	0.313
18	 7	 5	212.501	0.331
18	 7	 6	211.492	0.320
18	 7	 7	210.471	0.344
19	 0	 0	225.438	0.400
19	 0	 1	224.388	0.402
19	 0	 2	223.493	0.423
19	 0	 3	222.434	0.405
19	 0	 4	221.556	0.390
19	 0	 5	220.563	0.383
19	 0	 6	219.545	0.427
19	 0	 7	218.613	0.456
19	 1	 0	225.461	0.358
19	 1	 1	224.380	0.458
19	 1	 2	223.487	0.350
19	 1	 3	222.410	0.367
19	 1	 4	221.528	0.363
19	 1	 5	220.523	0.356
19	 1	 6	219.541	0.353
19	 1	 7	218.597	0.327
19	 2	 0	225.467	0.339
19	 2	 1	224.394	0.398
19	 2	 2	223.385	0.352
19	 2	 3	222.355	0.378
19	 2	 4	221.560	0.348
19	 2	 5	220.515	0.340
19	 2	 6	219.598	0.321
19	 2	 7	218.573	0.388
19	 3	 0	225.394	0.346
19	 3	 1	224.373	0.323
19	 3	 2	223.359	0.366
19	 3	 3	222.374	0.341
19	 3	 4	221.488	0.347
19	 3	 5	220.452	0.323
19	 3	 6	219.586	0.348
19	 3	 7	218.535	0.315
19	 4	 0	225.360	0.284
19	 4	 1	224.434	0.372
19	 4	 2	223.437	0.395
19	 4	 3	222.377	0.346
19	 4	 4	221.543	0.334
19	 4	 5	220.454	0.336
19	 4	 6	219.566	0.312
19	 4	 7	218.583	0.331
19	 5	 0	225.391	0.326
19	 5	 1	224.425	0.372
19	 5	 2	223.409	0.319
19	 5	 3	222.387	0.338
19	 5	 4	221.515	0.387
19	 5	 5	220.454	0.332
19	 5	 6	219.547	0.302
19	 5	 7	218.494	0.293
19	 6	 0	225.353	0.382
19	 6	 1	224.377	0.358
19	 6	 2	223.382	0.339
19	 6	 3	222.394	0.309
19	 6	 4	221.491	0.309
19	 6	 5	220.434	0.308
19	 6	 6	219.526	0.321
19	 6	 7	218.493	0.317
19	 7	 0	225.343	0.375
19	 7	 1	224.401	0.313
19	 7	 2	223.397	0.325
19	 7	 3	222.354	0.311
19	 7	 4	221.514	0.318
19	 7	 5	220.439	0.323
19	 7	 6	219.536	0.298
19	 7	 7	218.502	0.298
20	 0	 0	226.624	0.466
20	 0	 1	225.689	0.461
20	 0	 2	224.725	0.468
20	 0	 3	223.679	0.481
20	 0	 4	222.811	0.455
20	 0	 5	221.709	0.489
20	 0	 6	220.755	0.575
20	 0	 7	219.766	0.625
20	 1	 0	226.634	0.434
20	 1	 1	225.710	0.608
20	 1	 2	224.671	0.383
20	 1	 3	223.642	0.435
20	 1	 4	222.775	0.385
20	 1	 5	221.659	0.410
20	 1	 6	220.773	0.418
20	 1	 7	219.693	0.385
20	 2	 0	226.576	0.398
20	 2	 1	225.630	0.510
20	 2	 2	224.734	0.417
20	 2	 3	223.651	0.396
20	 2	 4	222.748	0.364
20	 2	 5	221.688	0.413
20	 2	 6	220.789	0.345
20	 2	 7	219.734	0.521
20	 3	 0	226.607	0.373
20	 3	 1	225.627	0.379
20	 3	 2	224.672	0.381
20	 3	 3	223.680	0.350
20	 3	 4	222.703	0.377
20	 3	 5	221.653	0.373
20	 3	 6	220.751	0.415
20	 3	 7	219.724	0.345
20	 4	 0	226.595	0.346
20	 4	 1	225.670	0.407
20	 4	 2	224.674	0.491
20	 4	 3	223.631	0.377
20	 4	 4	222.786	0.358
20	 4	 5	221.682	0.379
20	 4	 6	220.724	0.353
20	 4	 7	219.711	0.432
20	 5	 0	226.643	0.357
20	 5	 1	225.667	0.509
20	 5	 2	224.618	0.360
20	 5	 3	223.614	0.351
20	 5	 4	222.751	0.425
20	 5	 5	221.702	0.342
20	 5	 6	220.759	0.341
20	 5	 7	219.670	0.323
20	 6	 0	226.697	0.485
20	 6	 1	225.664	0.413
20	 6	 2	224.643	0.377
20	 6	 3	223.635	0.343
20	 6	 4	222.729	0.362
20	 6	 5	221.660	0.384
20	 6	 6	220.768	0.349
20	 6	 7	219.633	0.349
20	 7	 0	226.681	0.452
20	 7	 1	225.581	0.394
20	 7	 2	224.654	0.381
20	 7	 3	223.605	0.361
20	 7	 4	222.731	0.359
20	 7	 5	221.689	0.378
20	 7	 6	220.711	0.342
20	 7	 7	219.693	0.341
21	 0	 0	221.467	0.403
21	 0	 1	220.422	0.399
21	 0	 2	219.509	0.395
21	 0	 3	218.464	0.387
21	 0	 4	217.577	0.373
21	 0	 5	216.590	0.388
21	 0	 6	215.573	0.388
21	 0	 7	214.575	0.390
21	 1	 0	221.477	0.365
21	 1	 1	220.417	0.337
21	 1	 2	219.477	0.322
21	 1	 3	218.399	0.341
21	 1	 4	217.569	0.338
21	 1	 5	216.546	0.351
21	 1	 6	215.532	0.344
21	 1	 7	214.561	0.367
21	 2	 0	221.450	0.340
21	 2	 1	220.362	0.317
21	 2	 2	219.435	0.339
21	 2	 3	218.395	0.303
21	 2	 4	217.564	0.341
21	 2	 5	216.584	0.318
21	 2	 6	215.564	0.347
21	 2	 7	214.504	0.345
21	 3	 0	221.425	0.315
21	 3	 1	220.354	0.314
21	 3	 2	219.433	0.308
21	 3	 3	218.433	0.306
21	 3	 4	217.583	0.310
21	 3	 5	216.541	0.323
21	 3	 6	215.583	0.317
21	 3	 7	214.464	0.332
21	 4	 0	221.390	0.311
21	 4	 1	220.411	0.308
21	 4	 2	219.468	0.312
21	 4	 3	218.445	0.306
21	 4	 4	217.550	0.314
21	 4	 5	216.538	0.318
21	 4	 6	215.586	0.326
21	 4	 7	214.483	0.331
21	 5	 0	221.445	0.326
21	 5	 1	220.374	0.292
21	 5	 2	219.420	0.291
21	 5	 3	218.441	0.311
21	 5	 4	217.580	0.293
21	 5	 5	216.571	0.337
21	 5	 6	215.524	0.311
21	 5	 7	214.499	0.333
21	 6	 0	221.375	0.340
21	 6	 1	220.355	0.340
21	 6	 2	219.416	0.333
21	 6	 3	218.424	0.329
21	 6	 4	217.516	0.303
21	 6	 5	216.488	0.322
21	 6	 6	215.526	0.314
21	 6	 7	214.550	0.292
21	 7	 0	221.407	0.310
21	 7	 1	220.361	0.314
21	 7	 2	219.459	0.336
21	 7	 3	218.414	0.309
21	 7	 4	217.522	0.314
21	 7	 5	216.501	0.319
21	 7	 6	215.534	0.330
21	 7	 7	214.493	0.301
22	 0	 0	215.471	0.439
22	 0	 1	214.429	0.414
22	 0	 2	213.417	0.389
22	 0	 3	212.459	0.409
22	 0	 4	211.611	0.420
22	 0	 5	210.527	0.424
22	 0	 6	209.610	0.428
22	 0	 7	208.548	0.466
22	 1	 0	215.472	0.376
22	 1	 1	214.371	0.361
22	 1	 2	213.480	0.354
22	 1	 3	212.417	0.371
22	 1	 4	211.600	0.361
22	 1	 5	210.546	0.380
22	 1	 6	209.543	0.366
22	 1	 7	208.506	0.391
22	 2	 0	215.454	0.351
22	 2	 1	214.388	0.398
22	 2	 2	213.445	0.333
22	 2	 3	212.386	0.346
22	 2	 4	211.548	0.353
22	 2	 5	210.574	0.351
22	 2	 6	209.549	0.357
22	 2	 7	208.566	0.374
22	 3	 0	215.404	0.336
22	 3	 1	214.413	0.344
22	 3	 2	213.423	0.318
22	 3	 3	212.378	0.326
22	 3	 4	211.533	0.358
22	 3	 5	210.500	0.358
22	 3	 6	209.561	0.331
22	 3	 7	208.490	0.349
22	 4	 0	215.432	0.343
22	 4	 1	214.352	0.358
22	 4	 2	213.449	0.329
22	 4	 3	212.408	0.320
22	 4	 4	211.530	0.359
22	 4	 5	210.515	0.340
22	 4	 6	209.544	0.337
22	 4	 7	208.525	0.363
22	 5	 0	215.390	0.353
22	 5	 1	214.392	0.333
22	 5	 2	213.493	0.305
22	 5	 3	212.351	0.356
22	 5	 4	211.564	0.333
22	 5	 5	210.525	0.356
22	 5	 6	209.564	0.357
22	 5	 7	208.508	0.358
22	 6	 0	215.367	0.329
22	 6	 1	214.361	0.342
22	 6	 2	213.428	0.309
22	 6	 3	212.445	0.339
22	 6	 4	211.522	0.353
22	 6	 5	210.484	0.343
22	 6	 6	209.561	0.331
22	 6	 7	208.524	0.334
22	 7	 0	215.388	0.343
22	 7	 1	214.318	0.348
22	 7	 2	213.456	0.325
22	 7	 3	212.409	0.351
22	 7	 4	211.543	0.324
22	 7	 5	210.470	0.337
22	 7	 6	209.562	0.337
22	 7	 7	208.474	0.320
23	 0	 0	231.733	0.467
23	 0	 1	230.700	0.462
23	 0	 2	229.746	0.421
23	 0	 3	228.762	0.450
23	 0	 4	227.899	0.477
23	 0	 5	226.796	0.456
23	 0	 6	225.797	0.457
23	 0	 7	224.767	0.450
23	 1	 0	231.777	0.367
23	 1	 1	230.719	0.403
23	 1	 2	229.764	0.372
23	 1	 3	228.733	0.393
23	 1	 4	227.814	0.401
23	 1	 5	226.796	0.398
23	 1	 6	225.825	0.395
23	 1	 7	224.742	0.415
23	 2	 0	231.746	0.377
23	 2	 1	230.673	0.360
23	 2	 2	229.718	0.342
23	 2	 3	228.681	0.381
23	 2	 4	227.789	0.399
23	 2	 5	226.772	0.397
23	 2	 6	225.832	0.369
23	 2	 7	224.731	0.376
23	 3	 0	231.750	0.386
23	 3	 1	230.686	0.378
23	 3	 2	229.712	0.385
23	 3	 3	228.743	0.369
23	 3	 4	227.760	0.370
23	 3	 5	226.739	0.410
23	 3	 6	225.769	0.385
23	 3	 7	224.760	0.384
23	 4	 0	231.675	0.356
23	 4	 1	230.614	0.344
23	 4	 2	229.709	0.326
23	 4	 3	228.742	0.346
23	 4	 4	227.779	0.364
23	 4	 5	226.715	0.348
23	 4	 6	225.747	0.360
23	 4	 7	224.696	0.355
23	 5	 0	231.697	0.382
23	 5	 1	230.650	0.332
23	 5	 2	229.756	0.372
23	 5	 3	228.738	0.348
23	 5	 4	227.713	0.324
23	 5	 5	226.694	0.341
23	 5	 6	225.785	0.374
23	 5	 7	224.708	0.358
23	 6	 0	231.665	0.372
23	 6	 1	230.653	0.352
23	 6	 2	229.694	0.351
23	 6	 3	228.667	0.355
23	 6	 4	227.745	0.330
23	 6	 5	226.705	0.347
23	 6	 6	225.771	0.368
23	 6	 7	224.702	0.335
23	 7	 0	231.657	0.378
23	 7	 1	230.657	0.380
23	 7	 2	229.712	0.320
23	 7	 3	228.721	0.332
23	 7	 4	227.761	0.374
23	 7	 5	226.749	0.368
23	 7	 6	225.768	0.350
23	 7	 7	224.704	0.365
24	 0	 0	225.996	0.520
24	 0	 1	225.071	0.508
24	 0	 2	224.057	0.483
24	 0	 3	223.108	0.503
24	 0	 4	222.228	0.520
24	 0	 5	221.172	0.508
24	 0	 6	220.272	0.520
24	 0	 7	219.343	0.494
24	 1	 0	226.020	0.423
24	 1	 1	225.023	0.424
24	 1	 2	224.004	0.423
24	 1	 3	223.095	0.424
24	 1	 4	222.148	0.421
24	 1	 5	221.205	0.423
24	 1	 6	220.228	0.446
24	 1	 7	219.264	0.467
24	 2	 0	225.992	0.382
24	 2	 1	224.961	0.373
24	 2	 2	224.015	0.395
24	 2	 3	223.064	0.396
24	 2	 4	222.172	0.388
24	 2	 5	221.151	0.402
24	 2	 6	220.276	0.376
24	 2	 7	219.265	0.343
24	 3	 0	226.004	0.365
24	 3	 1	224.993	0.375
24	 3	 2	223.986	0.379
24	 3	 3	223.056	0.378
24	 3	 4	222.133	0.412
24	 3	 5	221.162	0.399
24	 3	 6	220.202	0.368
24	 3	 7	219.262	0.359
24	 4	 0	225.978	0.353
24	 4	 1	225.007	0.393
24	 4	 2	224.016	0.382
24	 4	 3	223.076	0.386
24	 4	 4	222.149	0.347
24	 4	 5	221.173	0.350
24	 4	 6	220.166	0.374
24	 4	 7	219.229	0.356
24	 5	 0	226.004	0.356
24	 5	 1	224.969	0.359
24	 5	 2	223.964	0.366
24	 5	 3	223.060	0.362
24	 5	 4	222.173	0.371
24	 5	 5	221.172	0.356
24	 5	 6	220.240	0.366
24	 5	 7	219.240	0.346
24	 6	 0	225.980	0.349
24	 6	 1	224.988	0.388
24	 6	 2	223.980	0.358
24	 6	 3	223.021	0.374
24	 6	 4	222.144	0.341
24	 6	 5	221.119	0.358
24	 6	 6	220.230	0.399
24	 6	 7	219.250	0.332
24	 7	 0	225.970	0.376
24	 7	 1	224.987	0.372
24	 7	 2	224.012	0.327
24	 7	 3	223.070	0.389
24	 7	 4	222.147	0.360
24	 7	 5	221.152	0.380
24	 7	 6	220.226	0.365
24	 7	 7	219.241	0.391
25	 0	 0	226.628	0.447
25	 0	 1	225.583	0.455
25	 0	 2	224.566	0.459
25	 0	 3	223.524	0.442
25	 0	 4	222.565	0.435
25	 0	 5	221.535	0.458
25	 0	 6	220.531	0.436
25	 0	 7	219.446	0.450
25	 1	 0	226.620	0.368
25	 1	 1	225.538	0.385
25	 1	 2	224.567	0.363
25	 1	 3	223.497	0.384
25	 1	 4	222.602	0.383
25	 1	 5	221.496	0.388
25	 1	 6	220.455	0.381
25	 1	 7	219.410	0.379
25	 2	 0	226.607	0.378
25	 2	 1	225.552	0.342
25	 2	 2	224.590	0.398
25	 2	 3	223.445	0.365
25	 2	 4	222.522	0.350
25	 2	 5	221.453	0.374
25	 2	 6	220.475	0.369
25	 2	 7	219.411	0.374
25	 3	 0	226.616	0.342
25	 3	 1	225.514	0.366
25	 3	 2	224.582	0.370
25	 3	 3	223.411	0.341
25	 3	 4	222.519	0.344
25	 3	 5	221.430	0.346
25	 3	 6	220.456	0.356
25	 3	 7	219.445	0.339
25	 4	 0	226.608	0.350
25	 4	 1	225.535	0.334
25	 4	 2	224.550	0.338
25	 4	 3	223.463	0.325
25	 4	 4	222.537	0.323
25	 4	 5	221.445	0.353
25	 4	 6	220.461	0.341
25	 4	 7	219.464	0.335
25	 5	 0	226.574	0.330
25	 5	 1	225.487	0.351
25	 5	 2	224.562	0.346
25	 5	 3	223.501	0.321
25	 5	 4	222.518	0.333
25	 5	 5	221.481	0.326
25	 5	 6	220.445	0.353
25	 5	 7	219.431	0.358
25	 6	 0	226.597	0.334
25	 6	 1	225.549	0.346
25	 6	 2	224.544	0.356
25	 6	 3	223.529	0.335
25	 6	 4	222.508	0.332
25	 6	 5	221.406	0.335
25	 6	 6	220.466	0.347
25	 6	 7	219.441	0.328
25	 7	 0	226.581	0.343
25	 7	 1	225.515	0.347
25	 7	 2	224.506	0.345
25	 7	 3	223.528	0.345
25	 7	 4	222.553	0.350
25	 7	 5	221.437	0.330
25	 7	 6	220.414	0.358
25	 7	 7	219.395	0.343
26	 0	 0	217.575	0.423
26	 0	 1	216.527	0.434
26	 0	 2	215.419	0.406
26	 0	 3	214.480	0.421
26	 0	 4	213.582	0.428
26	 0	 5	212.602	0.424
26	 0	 6	211.604	0.422
26	 0	 7	210.561	0.392
26	 1	 0	217.579	0.360
26	 1	 1	216.554	0.339
26	 1	 2	215.490	0.352
26	 1	 3	214.393	0.340
26	 1	 4	213.517	0.324
26	 1	 5	212.501	0.355
26	 1	 6	211.617	0.373
26	 1	 7	210.585	0.358
26	 2	 0	217.593	0.332
26	 2	 1	216.420	0.344
26	 2	 2	215.497	0.330
26	 2	 3	214.487	0.365
26	 2	 4	213.595	0.336
26	 2	 5	212.531	0.354
26	 2	 6	211.587	0.348
26	 2	 7	210.556	0.348
26	 3	 0	217.513	0.328
26	 3	 1	216.519	0.337
26	 3	 2	215.465	0.325
26	 3	 3	214.491	0.329
26	 3	 4	213.553	0.322
26	 3	 5	212.483	0.345
26	 3	 6	211.586	0.321
26	 3	 7	210.478	0.304
26	 4	 0	217.517	0.307
26	 4	 1	216.455	0.325
26	 4	 2	215.482	0.290
26	 4	 3	214.453	0.336
26	 4	 4	213.521	0.298
26	 4	 5	212.537	0.320
26	 4	 6	211.567	0.315
26	 4	 7	210.540	0.330
26	 5	 0	217.580	0.316
26	 5	 1	216.492	0.337
26	 5	 2	215.427	0.314
26	 5	 3	214.432	0.309
26	 5	 4	213.518	0.331
26	 5	 5	212.514	0.321
26	 5	 6	211.618	0.321
26	 5	 7	210.470	0.330
26	 6	 0	217.527	0.320
26	 6	 1	216.406	0.311
26	 6	 2	215.385	0.299
26	 6	 3	214.515	0.319
26	 6	 4	213.420	0.306
26	 6	 5	212.522	0.336
26	 6	 6	211.644	0.307
26	 6	 7	210.534	0.328
26	 7	 0	217.574	0.317
26	 7	 1	216.479	0.318
26	 7	 2	215.466	0.322
26	 7	 3	214.405	0.306
26	 7	 4	213.560	0.316
26	 7	 5	212.525	0.328
26	 7	 6	211.491	0.322
26	 7	 7	210.588	0.333
27	 0	 0	226.086	0.420
27	 0	 1	225.064	0.400
27	 0	 2	224.056	0.414
27	 0	 3	222.969	0.387
27	 0	 4	222.048	0.416
27	 0	 5	220.989	0.392
27	 0	 6	220.033	0.360
27	 0	 7	219.037	0.380
27	 1	 0	226.079	0.363
27	 1	 1	225.040	0.353
27	 1	 2	224.034	0.361
27	 1	 3	222.963	0.352
27	 1	 4	222.032	0.329
27	 1	 5	221.000	0.364
27	 1	 6	219.984	0.346
27	 1	 7	218.994	0.326
27	 2	 0	226.074	0.269
27	 2	 1	225.018	0.299
27	 2	 2	224.032	0.341
27	 2	 3	222.961	0.305
27	 2	 4	222.061	0.308
27	 2	 5	221.031	0.328
27	 2	 6	220.048	0.333
27	 2	 7	219.002	0.325
27	 3	 0	226.068	0.302
27	 3	 1	225.028	0.295
27	 3	 2	224.019	0.318
27	 3	 3	222.937	0.267
27	 3	 4	222.040	0.267
27	 3	 5	221.004	0.325
27	 3	 6	220.020	0.341
27	 3	 7	218.967	0.310
27	 4	 0	226.055	0.273
27	 4	 1	225.026	0.272
27	 4	 2	224.007	0.345
27	 4	 3	222.973	0.296
27	 4	 4	222.055	0.279
27	 4	 5	220.976	0.302
27	 4	 6	219.968	0.298
27	 4	 7	218.971	0.310
27	 5	 0	226.062	0.310
27	 5	 1	225.011	0.358
27	 5	 2	224.007	0.285
27	 5	 3	222.911	0.299
27	 5	 4	222.040	0.342
27	 5	 5	220.974	0.311
27	 5	 6	219.994	0.284
27	 5	 7	218.957	0.282
27	 6	 0	226.038	0.308
27	 6	 1	225.014	0.301
27	 6	 2	224.000	0.308
27	 6	 3	222.938	0.303
27	 6	 4	222.021	0.341
27	 6	 5	220.989	0.340
27	 6	 6	219.980	0.283
27	 6	 7	218.938	0.278
27	 7	 0	226.064	0.309
27	 7	 1	225.051	0.305
27	 7	 2	224.002	0.325
27	 7	 3	222.878	0.305
27	 7	 4	222.013	0.301
27	 7	 5	220.991	0.325
27	 7	 6	220.015	0.284
27	 7	 7	218.988	0.286
28	 0	 0	219.411	0.371
28	 0	 1	218.346	0.353
28	 0	 2	217.535	0.352
28	 0	 3	216.507	0.375
28	 0	 4	215.703	0.352
28	 0	 5	214.613	0.364
28	 0	 6	213.732	0.349
28	 0	 7	212.716	0.398
28	 1	 0	219.357	0.313
28	 1	 1	218.327	0.318
28	 1	 2	217.509	0.331
28	 1	 3	216.475	0.341
28	 1	 4	215.684	0.361
28	 1	 5	214.597	0.361
28	 1	 6	213.763	0.317
28	 1	 7	212.708	0.345
28	 2	 0	219.349	0.270
28	 2	 1	218.293	0.299
28	 2	 2	217.582	0.316
28	 2	 3	216.442	0.310
28	 2	 4	215.722	0.305
28	 2	 5	214.625	0.327
28	 2	 6	213.708	0.309
28	 2	 7	212.680	0.331
28	 3	 0	219.362	0.314
28	 3	 1	218.287	0.306
28	 3	 2	217.535	0.304
28	 3	 3	216.467	0.328
28	 3	 4	215.623	0.294
28	 3	 5	214.605	0.314
28	 3	 6	213.765	0.288
28	 3	 7	212.661	0.312
28	 4	 0	219.374	0.305
28	 4	 1	218.313	0.259
28	 4	 2	217.584	0.300
28	 4	 3	216.510	0.312
28	 4	 4	215.660	0.315
28	 4	 5	214.583	0.310
28	 4	 6	213.654	0.301
28	 4	 7	212.647	0.287
28	 5	 0	219.364	0.300
28	 5	 1	218.346	0.286
28	 5	 2	217.557	0.291
28	 5	 3	216.471	0.316
28	 5	 4	215.661	0.297
28	 5	 5	214.561	0.301
28	 5	 6	213.686	0.290
28	 5	 7	212.702	0.286
28	 6	 0	219.364	0.300
28	 6	 1	218.406	0.298
28	 6	 2	217.560	0.275
28	 6	 3	216.470	0.291
28	 6	 4	215.659	0.296
28	 6	 5	214.616	0.306
28	 6	 6	213.646	0.294
28	 6	 7	212.690	0.306
28	 7	 0	219.356	0.293
28	 7	 1	218.375	0.310
28	 7	 2	217.522	0.296
28	 7	 3	216.526	0.290
28	 7	 4	215.664	0.302
28	 7	 5	214.540	0.307
28	 7	 6	213.702	0.292
28	 7	 7	212.677	0.304
29	 0	 0	207.661	0.370
29	 0	 1	206.603	0.373
29	 0	 2	205.679	0.375
29	 0	 3	204.585	0.378
29	 0	 4	203.674	0.359
29	 0	 5	202.686	0.337
29	 0	 6	201.775	0.338
29	 0	 7	200.753	0.351
29	 1	 0	207.713	0.324
29	 1	 1	206.634	0.309
29	 1	 2	205.648	0.331
29	 1	 3	204.578	0.341
29	 1	 4	203.722	0.300
29	 1	 5	202.651	0.292
29	 1	 6	201.782	0.304
29	 1	 7	200.716	0.338
29	 2	 0	207.714	0.312
29	 2	 1	206.593	0.318
29	 2	 2	205.612	0.310
29	 2	 3	204.556	0.302
29	 2	 4	203.677	0.308
29	 2	 5	202.669	0.300
29	 2	 6	201.736	0.293
29	 2	 7	200.725	0.295
29	 3	 0	207.622	0.296
29	 3	 1	206.587	0.291
29	 3	 2	205.670	0.312
29	 3	 3	204.548	0.298
29	 3	 4	203.704	0.280
29	 3	 5	202.679	0.270
29	 3	 6	201.791	0.322
29	 3	 7	200.725	0.301
29	 4	 0	207.687	0.291
29	 4	 1	206.610	0.284
29	 4	 2	205.649	0.269
29	 4	 3	204.543	0.284
29	 4	 4	203.730	0.284
29	 4	 5	202.721	0.287
29	 4	 6	201.772	0.300
29	 4	 7	200.773	0.300
29	 5	 0	207.662	0.280
29	 5	 1	206.610	0.306
29	 5	 2	205.643	0.293
29	 5	 3	204.589	0.295
29	 5	 4	203.704	0.287
29	 5	 5	202.674	0.280
29	 5	 6	201.787	0.274
29	 5	 7	200.779	0.310
29	 6	 0	207.708	0.294
29	 6	 1	206.675	0.290
29	 6	 2	205.612	0.295
29	 6	 3	204.581	0.283
29	 6	 4	203.694	0.294
29	 6	 5	202.740	0.258
29	 6	 6	201.812	0.238
29	 6	 7	200.792	0.288
29	 7	 0	207.747	0.272
29	 7	 1	206.622	0.312
29	 7	 2	205.687	0.313
29	 7	 3	204.592	0.317
29	 7	 4	203.726	0.302
29	 7	 5	202.713	0.290
29	 7	 6	201.747	0.272
29	 7	 7	200.782	0.311
30	 0	 0	213.491	0.348
30	 0	 1	212.488	0.361
30	 0	 2	211.538	0.359
30	 0	 3	210.488	0.364
30	 0	 4	209.577	0.369
30	 0	 5	208.497	0.374
30	 0	 6	207.577	0.375
30	 0	 7	206.508	0.369
30	 1	 0	213.489	0.314
30	 1	 1	212.473	0.330
30	 1	 2	211.496	0.328
30	 1	 3	210.505	0.335
30	 1	 4	209.610	0.336
30	 1	 5	208.530	0.344
30	 1	 6	207.500	0.335
30	 1	 7	206.500	0.332
30	 2	 0	213.474	0.308
30	 2	 1	212.479	0.303
30	 2	 2	211.493	0.326
30	 2	 3	210.436	0.304
30	 2	 4	209.626	0.317
30	 2	 5	208.532	0.306
30	 2	 6	207.526	0.305
30	 2	 7	206.472	0.305
30	 3	 0	213.477	0.310
30	 3	 1	212.474	0.308
30	 3	 2	211.472	0.315
30	 3	 3	210.486	0.309
30	 3	 4	209.574	0.324
30	 3	 5	208.503	0.308
30	 3	 6	207.529	0.324
30	 3	 7	206.494	0.316
30	 4	 0	213.499	0.308
30	 4	 1	212.435	0.293
30	 4	 2	211.520	0.312
30	 4	 3	210.468	0.314
30	 4	 4	209.567	0.306
30	 4	 5	208.504	0.335
30	 4	 6	207.525	0.292
30	 4	 7	206.502	0.281
30	 5	 0	213.488	0.298
30	 5	 1	212.538	0.310
30	 5	 2	211.410	0.299
30	 5	 3	210.443	0.299
30	 5	 4	209.585	0.296
30	 5	 5	208.477	0.308
30	 5	 6	207.526	0.288
30	 5	 7	206.505	0.287
30	 6	 0	213.476	0.281
30	 6	 1	212.471	0.314
30	 6	 2	211.491	0.300
30	 6	 3	210.429	0.296
30	 6	 4	209.555	0.302
30	 6	 5	208.472	0.312
30	 6	 6	207.526	0.305
30	 6	 7	206.502	0.298
30	 7	 0	213.508	0.294
30	 7	 1	212.477	0.305
30	 7	 2	211.517	0.332
30	 7	 3	210.420	0.320
30	 7	 4	209.618	0.310
30	 7	 5	208.471	0.325
30	 7	 6	207.520	0.322
30	 7	 7	206.508	0.316
31	 0	 0	216.792	0.378
31	 0	 1	215.716	0.386
31	 0	 2	214.769	0.386
31	 0	 3	213.845	0.394
31	 0	 4	212.839	0.372
31	 0	 5	211.821	0.378
31	 0	 6	210.882	0.377
31	 0	 7	209.771	0.364
31	 1	 0	216.795	0.317
31	 1	 1	215.811	0.349
31	 1	 2	214.784	0.337
31	 1	 3	213.743	0.314
31	 1	 4	212.820	0.334
31	 1	 5	211.781	0.336
31	 1	 6	210.920	0.333
31	 1	 7	209.824	0.311
31	 2	 0	216.775	0.333
31	 2	 1	215.709	0.289
31	 2	 2	214.793	0.329
31	 2	 3	213.726	0.289
31	 2	 4	212.804	0.303
31	 2	 5	211.885	0.291
31	 2	 6	210.932	0.301
31	 2	 7	209.867	0.327
31	 3	 0	216.821	0.309
31	 3	 1	215.687	0.317
31	 3	 2	214.794	0.300
31	 3	 3	213.725	0.295
31	 3	 4	212.819	0.285
31	 3	 5	211.762	0.310
31	 3	 6	210.823	0.301
31	 3	 7	209.763	0.296
31	 4	 0	216.773	0.315
31	 4	 1	215.704	0.280
31	 4	 2	214.809	0.281
31	 4	 3	213.766	0.279
31	 4	 4	212.828	0.301
31	 4	 5	211.765	0.297
31	 4	 6	210.825	0.301
31	 4	 7	209.769	0.306
31	 5	 0	216.811	0.282
31	 5	 1	215.679	0.287
31	 5	 2	214.770	0.291
31	 5	 3	213.703	0.316
31	 5	 4	212.803	0.327
31	 5	 5	211.783	0.295
31	 5	 6	210.821	0.319
31	 5	 7	209.720	0.299
31	 6	 0	216.812	0.331
31	 6	 1	215.710	0.305
31	 6	 2	214.797	0.259
31	 6	 3	213.726	0.264
31	 6	 4	212.853	0.297
31	 6	 5	211.791	0.288
31	 6	 6	210.831	0.303
31	 6	 7	209.755	0.301
31	 7	 0	216.784	0.313
31	 7	 1	215.728	0.313
31	 7	 2	214.793	0.288
31	 7	 3	213.692	0.297
31	 7	 4	212.861	0.300
31	 7	 5	211.783	0.274
31	 7	 6	210.813	0.316
31	 7	 7	209.738	0.317
