ch	pt	fine_thr	a_fit	b_fit
 0	 0	 0	222.760	0.831
 0	 0	 1	221.695	0.883
 0	 0	 2	220.599	0.804
 0	 0	 3	219.465	0.870
 0	 0	 4	218.530	1.019
 0	 0	 5	217.467	0.720
 0	 0	 6	216.484	0.765
 0	 0	 7	215.243	0.943
 0	 1	 0	222.728	0.928
 0	 1	 1	221.614	1.003
 0	 1	 2	220.564	0.855
 0	 1	 3	219.488	0.899
 0	 1	 4	218.447	1.080
 0	 1	 5	217.359	1.134
 0	 1	 6	216.456	0.818
 0	 1	 7	215.301	0.934
 0	 2	 0	222.666	1.196
 0	 2	 1	221.596	1.121
 0	 2	 2	220.609	1.227
 0	 2	 3	219.517	0.912
 0	 2	 4	218.491	1.150
 0	 2	 5	217.419	1.041
 0	 2	 6	216.413	1.327
 0	 2	 7	215.270	0.988
 0	 3	 0	222.831	1.230
 0	 3	 1	221.701	1.125
 0	 3	 2	220.639	1.082
 0	 3	 3	219.540	1.217
 0	 3	 4	218.517	1.431
 0	 3	 5	217.433	1.164
 0	 3	 6	216.533	1.228
 0	 3	 7	215.283	1.365
 0	 4	 0	222.836	1.366
 0	 4	 1	221.670	1.437
 0	 4	 2	220.720	1.166
 0	 4	 3	219.551	1.285
 0	 4	 4	218.645	1.225
 0	 4	 5	217.509	1.508
 0	 4	 6	216.551	1.197
 0	 4	 7	215.414	1.346
 0	 5	 0	222.785	1.510
 0	 5	 1	221.759	1.170
 0	 5	 2	220.704	1.391
 0	 5	 3	219.565	1.205
 0	 5	 4	218.630	1.068
 0	 5	 5	217.495	1.232
 0	 5	 6	216.492	1.475
 0	 5	 7	215.348	1.496
 0	 6	 0	222.723	1.373
 0	 6	 1	221.617	1.097
 0	 6	 2	220.612	0.942
 0	 6	 3	219.483	0.917
 0	 6	 4	218.493	1.156
 0	 6	 5	217.425	0.972
 0	 6	 6	216.403	1.137
 0	 6	 7	215.355	1.387
 0	 7	 0	222.715	0.962
 0	 7	 1	221.615	1.234
 0	 7	 2	220.591	0.902
 0	 7	 3	219.406	1.539
 0	 7	 4	218.466	0.971
 0	 7	 5	217.385	1.105
 0	 7	 6	216.469	0.923
 0	 7	 7	215.299	1.198
 1	 0	 0	218.819	0.878
 1	 0	 1	217.893	0.853
 1	 0	 2	216.863	0.897
 1	 0	 3	215.819	0.991
 1	 0	 4	214.860	1.097
 1	 0	 5	213.833	0.865
 1	 0	 6	212.990	0.862
 1	 0	 7	211.856	0.919
 1	 1	 0	218.778	1.206
 1	 1	 1	217.846	1.105
 1	 1	 2	216.824	1.027
 1	 1	 3	215.820	1.033
 1	 1	 4	214.897	1.310
 1	 1	 5	213.890	1.139
 1	 1	 6	212.921	1.025
 1	 1	 7	211.843	1.139
 1	 2	 0	218.815	1.326
 1	 2	 1	217.791	1.269
 1	 2	 2	216.916	1.312
 1	 2	 3	215.890	1.178
 1	 2	 4	214.934	1.358
 1	 2	 5	213.850	1.185
 1	 2	 6	212.898	1.338
 1	 2	 7	211.801	1.038
 1	 3	 0	218.759	1.481
 1	 3	 1	217.820	1.248
 1	 3	 2	216.892	1.400
 1	 3	 3	215.772	1.342
 1	 3	 4	214.914	1.593
 1	 3	 5	213.789	1.375
 1	 3	 6	212.958	1.336
 1	 3	 7	211.847	1.461
 1	 4	 0	218.773	1.545
 1	 4	 1	217.872	1.427
 1	 4	 2	216.905	1.488
 1	 4	 3	215.806	1.514
 1	 4	 4	214.907	1.479
 1	 4	 5	213.884	1.495
 1	 4	 6	212.868	1.388
 1	 4	 7	211.867	1.489
 1	 5	 0	218.855	1.536
 1	 5	 1	217.845	1.319
 1	 5	 2	216.949	1.513
 1	 5	 3	215.851	1.415
 1	 5	 4	214.891	1.448
 1	 5	 5	213.851	1.345
 1	 5	 6	212.964	1.561
 1	 5	 7	211.852	1.641
 1	 6	 0	218.880	1.532
 1	 6	 1	217.800	1.307
 1	 6	 2	216.869	1.362
 1	 6	 3	215.875	1.375
 1	 6	 4	214.941	1.459
 1	 6	 5	213.887	1.346
 1	 6	 6	212.934	1.373
 1	 6	 7	211.973	1.619
 1	 7	 0	218.895	1.369
 1	 7	 1	217.929	1.478
 1	 7	 2	216.908	1.259
 1	 7	 3	215.892	1.734
 1	 7	 4	214.960	1.292
 1	 7	 5	213.935	1.471
 1	 7	 6	212.900	1.314
 1	 7	 7	211.938	1.509
 2	 0	 0	224.663	1.141
 2	 0	 1	223.616	0.949
 2	 0	 2	222.597	1.008
 2	 0	 3	221.503	1.111
 2	 0	 4	220.696	1.270
 2	 0	 5	219.511	0.983
 2	 0	 6	218.545	0.973
 2	 0	 7	217.489	1.031
 2	 1	 0	224.705	1.331
 2	 1	 1	223.563	1.263
 2	 1	 2	222.656	1.264
 2	 1	 3	221.528	1.284
 2	 1	 4	220.644	1.598
 2	 1	 5	219.485	1.269
 2	 1	 6	218.570	1.208
 2	 1	 7	217.473	1.224
 2	 2	 0	224.678	1.467
 2	 2	 1	223.625	1.501
 2	 2	 2	222.633	1.450
 2	 2	 3	221.548	1.481
 2	 2	 4	220.630	1.629
 2	 2	 5	219.499	1.333
 2	 2	 6	218.521	1.440
 2	 2	 7	217.564	1.365
 2	 3	 0	224.704	1.590
 2	 3	 1	223.580	1.423
 2	 3	 2	222.607	1.531
 2	 3	 3	221.588	1.538
 2	 3	 4	220.577	1.615
 2	 3	 5	219.652	1.466
 2	 3	 6	218.611	1.475
 2	 3	 7	217.470	1.603
 2	 4	 0	224.697	1.654
 2	 4	 1	223.619	1.539
 2	 4	 2	222.603	1.577
 2	 4	 3	221.501	1.729
 2	 4	 4	220.558	1.539
 2	 4	 5	219.559	1.594
 2	 4	 6	218.649	1.448
 2	 4	 7	217.548	1.534
 2	 5	 0	224.734	1.892
 2	 5	 1	223.674	1.650
 2	 5	 2	222.682	1.602
 2	 5	 3	221.648	1.809
 2	 5	 4	220.652	1.764
 2	 5	 5	219.634	1.729
 2	 5	 6	218.614	1.696
 2	 5	 7	217.535	1.832
 2	 6	 0	224.733	1.665
 2	 6	 1	223.649	1.650
 2	 6	 2	222.601	1.655
 2	 6	 3	221.539	1.864
 2	 6	 4	220.587	1.749
 2	 6	 5	219.571	1.647
 2	 6	 6	218.607	1.721
 2	 6	 7	217.494	1.806
 2	 7	 0	224.776	1.652
 2	 7	 1	223.683	1.576
 2	 7	 2	222.676	1.482
 2	 7	 3	221.488	2.112
 2	 7	 4	220.573	1.630
 2	 7	 5	219.488	1.753
 2	 7	 6	218.636	1.515
 2	 7	 7	217.479	1.817
 3	 0	 0	225.261	1.545
 3	 0	 1	224.180	1.305
 3	 0	 2	223.110	1.405
 3	 0	 3	221.924	1.449
 3	 0	 4	221.046	1.663
 3	 0	 5	219.978	1.366
 3	 0	 6	218.948	1.304
 3	 0	 7	217.771	1.371
 3	 1	 0	225.300	1.697
 3	 1	 1	224.111	1.677
 3	 1	 2	223.105	1.666
 3	 1	 3	221.950	1.665
 3	 1	 4	221.039	2.133
 3	 1	 5	219.922	1.793
 3	 1	 6	218.944	1.589
 3	 1	 7	217.787	1.651
 3	 2	 0	225.165	1.952
 3	 2	 1	224.134	2.021
 3	 2	 2	223.043	1.922
 3	 2	 3	222.030	1.951
 3	 2	 4	221.019	2.143
 3	 2	 5	219.870	1.833
 3	 2	 6	218.929	1.922
 3	 2	 7	217.819	1.795
 3	 3	 0	225.254	2.008
 3	 3	 1	224.109	1.956
 3	 3	 2	223.035	2.011
 3	 3	 3	221.995	2.057
 3	 3	 4	220.980	2.315
 3	 3	 5	219.941	1.935
 3	 3	 6	218.986	1.895
 3	 3	 7	217.715	2.166
 3	 4	 0	225.202	2.393
 3	 4	 1	224.065	2.095
 3	 4	 2	223.067	2.152
 3	 4	 3	221.899	2.312
 3	 4	 4	221.052	2.178
 3	 4	 5	219.885	2.151
 3	 4	 6	218.920	1.968
 3	 4	 7	217.772	2.091
 3	 5	 0	225.224	2.507
 3	 5	 1	224.115	2.222
 3	 5	 2	223.106	2.179
 3	 5	 3	222.050	2.301
 3	 5	 4	221.110	2.271
 3	 5	 5	220.012	2.227
 3	 5	 6	218.851	2.277
 3	 5	 7	217.806	2.458
 3	 6	 0	225.245	2.281
 3	 6	 1	224.170	2.091
 3	 6	 2	223.052	2.223
 3	 6	 3	222.045	2.493
 3	 6	 4	220.992	2.342
 3	 6	 5	220.005	2.113
 3	 6	 6	218.873	2.258
 3	 6	 7	217.802	2.400
 3	 7	 0	225.274	2.083
 3	 7	 1	224.133	2.018
 3	 7	 2	223.100	1.973
 3	 7	 3	221.877	2.857
 3	 7	 4	221.023	2.250
 3	 7	 5	219.875	2.275
 3	 7	 6	218.970	2.028
 3	 7	 7	217.807	2.371
 4	 0	 0	225.110	1.927
 4	 0	 1	224.100	1.732
 4	 0	 2	223.137	1.862
 4	 0	 3	222.013	1.991
 4	 0	 4	221.113	2.253
 4	 0	 5	219.942	1.771
 4	 0	 6	219.080	1.752
 4	 0	 7	217.906	1.893
 4	 1	 0	225.163	2.388
 4	 1	 1	224.051	2.259
 4	 1	 2	223.162	2.317
 4	 1	 3	222.013	2.330
 4	 1	 4	221.114	3.008
 4	 1	 5	219.790	2.407
 4	 1	 6	219.022	2.134
 4	 1	 7	217.934	2.254
 4	 2	 0	225.008	2.862
 4	 2	 1	223.992	2.807
 4	 2	 2	223.016	2.816
 4	 2	 3	222.062	2.724
 4	 2	 4	221.049	2.952
 4	 2	 5	219.897	2.584
 4	 2	 6	218.992	2.739
 4	 2	 7	217.973	2.437
 4	 3	 0	225.227	2.797
 4	 3	 1	224.046	2.724
 4	 3	 2	223.028	2.799
 4	 3	 3	222.074	2.922
 4	 3	 4	220.963	3.390
 4	 3	 5	219.929	2.737
 4	 3	 6	219.094	2.654
 4	 3	 7	217.810	3.031
 4	 4	 0	225.160	3.711
 4	 4	 1	223.989	3.010
 4	 4	 2	223.121	3.035
 4	 4	 3	221.914	3.320
 4	 4	 4	221.053	3.310
 4	 4	 5	219.880	3.206
 4	 4	 6	219.010	2.807
 4	 4	 7	217.896	2.919
 4	 5	 0	225.177	3.760
 4	 5	 1	224.065	3.108
 4	 5	 2	223.129	2.958
 4	 5	 3	222.180	3.313
 4	 5	 4	221.179	3.243
 4	 5	 5	220.099	3.198
 4	 5	 6	218.947	3.146
 4	 5	 7	218.009	3.520
 4	 6	 0	225.133	3.220
 4	 6	 1	224.156	3.045
 4	 6	 2	223.121	3.028
 4	 6	 3	222.171	3.543
 4	 6	 4	220.958	3.267
 4	 6	 5	220.073	3.027
 4	 6	 6	218.956	3.172
 4	 6	 7	217.948	3.398
 4	 7	 0	225.183	2.790
 4	 7	 1	223.945	2.828
 4	 7	 2	223.227	2.714
 4	 7	 3	221.979	3.863
 4	 7	 4	221.057	3.023
 4	 7	 5	219.858	3.097
 4	 7	 6	219.122	2.800
 4	 7	 7	218.024	3.309
 5	 0	 0	218.372	2.320
 5	 0	 1	217.330	2.360
 5	 0	 2	216.452	2.464
 5	 0	 3	215.513	2.589
 5	 0	 4	214.453	3.007
 5	 0	 5	213.461	2.330
 5	 0	 6	212.568	2.158
 5	 0	 7	211.476	2.437
 5	 1	 0	218.176	3.570
 5	 1	 1	217.422	3.242
 5	 1	 2	216.319	3.193
 5	 1	 3	215.309	3.224
 5	 1	 4	214.523	4.092
 5	 1	 5	213.510	3.187
 5	 1	 6	212.462	3.007
 5	 1	 7	211.481	3.128
 5	 2	 0	218.400	4.232
 5	 2	 1	217.209	3.890
 5	 2	 2	216.643	3.967
 5	 2	 3	215.367	3.754
 5	 2	 4	214.530	4.225
 5	 2	 5	213.345	3.861
 5	 2	 6	212.580	3.866
 5	 2	 7	211.393	3.486
 5	 3	 0	218.250	4.725
 5	 3	 1	217.298	3.843
 5	 3	 2	216.407	4.012
 5	 3	 3	215.385	4.487
 5	 3	 4	214.586	4.603
 5	 3	 5	213.342	3.999
 5	 3	 6	212.493	4.175
 5	 3	 7	211.514	4.249
 5	 4	 0	218.208	4.717
 5	 4	 1	217.457	4.644
 5	 4	 2	216.401	4.551
 5	 4	 3	215.428	4.474
 5	 4	 4	214.413	4.715
 5	 4	 5	213.511	4.700
 5	 4	 6	212.429	4.359
 5	 4	 7	211.521	4.433
 5	 5	 0	218.643	4.941
 5	 5	 1	217.312	4.288
 5	 5	 2	216.556	4.642
 5	 5	 3	215.446	4.711
 5	 5	 4	214.426	4.686
 5	 5	 5	213.411	4.541
 5	 5	 6	212.620	5.026
 5	 5	 7	211.396	5.167
 5	 6	 0	218.412	4.960
 5	 6	 1	217.376	4.357
 5	 6	 2	216.361	4.554
 5	 6	 3	215.420	4.409
 5	 6	 4	214.578	4.780
 5	 6	 5	213.467	4.627
 5	 6	 6	212.661	4.439
 5	 6	 7	211.648	5.235
 5	 7	 0	218.440	4.306
 5	 7	 1	217.624	4.656
 5	 7	 2	216.429	4.179
 5	 7	 3	215.573	5.106
 5	 7	 4	214.456	4.559
 5	 7	 5	213.601	4.455
 5	 7	 6	212.525	4.421
 5	 7	 7	211.579	4.814
 6	 0	 0	229.001	3.715
 6	 0	 1	227.922	3.334
 6	 0	 2	227.094	3.468
 6	 0	 3	225.868	3.615
 6	 0	 4	225.105	4.381
 6	 0	 5	223.846	3.204
 6	 0	 6	222.772	3.367
 6	 0	 7	221.866	3.121
 6	 1	 0	229.028	4.687
 6	 1	 1	227.881	4.400
 6	 1	 2	227.164	4.842
 6	 1	 3	225.980	4.726
 6	 1	 4	225.225	5.876
 6	 1	 5	224.029	4.879
 6	 1	 6	223.156	4.655
 6	 1	 7	222.075	4.711
 6	 2	 0	229.068	5.928
 6	 2	 1	228.157	5.993
 6	 2	 2	227.071	5.872
 6	 2	 3	226.214	5.764
 6	 2	 4	225.248	6.017
 6	 2	 5	224.133	5.630
 6	 2	 6	223.173	5.631
 6	 2	 7	222.247	5.539
 6	 3	 0	229.338	6.400
 6	 3	 1	228.302	5.978
 6	 3	 2	227.238	6.250
 6	 3	 3	226.230	6.031
 6	 3	 4	225.233	6.289
 6	 3	 5	224.227	6.117
 6	 3	 6	223.244	5.957
 6	 3	 7	222.056	5.999
 6	 4	 0	229.218	6.765
 6	 4	 1	228.143	6.261
 6	 4	 2	227.240	6.434
 6	 4	 3	226.094	6.350
 6	 4	 4	225.433	6.723
 6	 4	 5	224.197	6.353
 6	 4	 6	223.367	6.281
 6	 4	 7	222.045	6.271
 6	 5	 0	229.194	6.738
 6	 5	 1	228.246	6.291
 6	 5	 2	227.283	6.309
 6	 5	 3	226.329	6.462
 6	 5	 4	225.348	6.414
 6	 5	 5	224.325	6.618
 6	 5	 6	223.280	6.557
 6	 5	 7	222.300	6.997
 6	 6	 0	229.304	6.485
 6	 6	 1	228.352	6.182
 6	 6	 2	227.233	6.326
 6	 6	 3	226.477	6.739
 6	 6	 4	225.342	6.334
 6	 6	 5	224.281	6.088
 6	 6	 6	223.284	6.482
 6	 6	 7	222.186	6.557
 6	 7	 0	229.461	5.922
 6	 7	 1	228.284	5.685
 6	 7	 2	227.461	6.171
 6	 7	 3	226.083	6.980
 6	 7	 4	225.240	6.409
 6	 7	 5	224.269	6.420
 6	 7	 6	223.440	6.021
 6	 7	 7	222.221	6.231
 7	 0	 0	217.762	4.469
 7	 0	 1	216.695	4.368
 7	 0	 2	215.790	4.620
 7	 0	 3	214.831	4.819
 7	 0	 4	213.816	5.583
 7	 0	 5	212.670	4.449
 7	 0	 6	211.740	4.290
 7	 0	 7	210.671	4.586
 7	 1	 0	217.512	6.569
 7	 1	 1	216.670	6.205
 7	 1	 2	215.590	6.144
 7	 1	 3	214.640	6.052
 7	 1	 4	213.836	7.294
 7	 1	 5	212.793	5.927
 7	 1	 6	211.640	5.411
 7	 1	 7	210.633	5.693
 7	 2	 0	217.809	7.662
 7	 2	 1	216.681	7.051
 7	 2	 2	215.974	7.282
 7	 2	 3	214.742	7.126
 7	 2	 4	213.988	7.571
 7	 2	 5	212.793	6.678
 7	 2	 6	211.919	6.798
 7	 2	 7	210.821	6.339
 7	 3	 0	217.750	8.363
 7	 3	 1	216.691	7.299
 7	 3	 2	215.786	7.684
 7	 3	 3	214.803	7.974
 7	 3	 4	214.016	8.119
 7	 3	 5	212.715	7.214
 7	 3	 6	211.907	7.049
 7	 3	 7	210.862	6.970
 7	 4	 0	217.694	8.697
 7	 4	 1	216.867	8.069
 7	 4	 2	215.813	8.328
 7	 4	 3	214.796	7.983
 7	 4	 4	213.787	8.341
 7	 4	 5	212.899	8.065
 7	 4	 6	211.808	7.494
 7	 4	 7	210.908	7.266
 7	 5	 0	218.101	9.167
 7	 5	 1	216.781	8.195
 7	 5	 2	215.944	8.193
 7	 5	 3	214.955	8.470
 7	 5	 4	213.855	8.128
 7	 5	 5	212.928	8.147
 7	 5	 6	212.057	8.102
 7	 5	 7	210.957	8.571
 7	 6	 0	217.825	8.856
 7	 6	 1	216.713	8.368
 7	 6	 2	215.694	8.166
 7	 6	 3	214.941	8.423
 7	 6	 4	213.919	8.547
 7	 6	 5	212.920	8.037
 7	 6	 6	212.059	7.610
 7	 6	 7	211.084	8.487
 7	 7	 0	217.824	8.296
 7	 7	 1	216.887	8.160
 7	 7	 2	215.782	7.907
 7	 7	 3	215.081	8.959
 7	 7	 4	213.754	8.102
 7	 7	 5	212.969	7.676
 7	 7	 6	211.852	7.700
 7	 7	 7	210.957	7.957
 8	 0	 0	217.965	4.533
 8	 0	 1	216.930	4.439
 8	 0	 2	215.981	4.770
 8	 0	 3	215.051	4.864
 8	 0	 4	214.133	5.770
 8	 0	 5	213.017	4.532
 8	 0	 6	212.042	4.399
 8	 0	 7	211.050	4.704
 8	 1	 0	217.826	6.704
 8	 1	 1	217.087	6.424
 8	 1	 2	215.963	6.356
 8	 1	 3	214.933	6.206
 8	 1	 4	214.315	7.462
 8	 1	 5	213.203	6.235
 8	 1	 6	212.022	5.669
 8	 1	 7	211.128	5.975
 8	 2	 0	218.251	7.704
 8	 2	 1	217.170	7.315
 8	 2	 2	216.439	7.388
 8	 2	 3	215.145	7.226
 8	 2	 4	214.435	7.725
 8	 2	 5	213.230	6.887
 8	 2	 6	212.389	6.950
 8	 2	 7	211.302	6.602
 8	 3	 0	218.205	8.167
 8	 3	 1	217.114	7.368
 8	 3	 2	216.203	7.657
 8	 3	 3	215.227	7.773
 8	 3	 4	214.528	7.988
 8	 3	 5	213.145	7.244
 8	 3	 6	212.405	7.132
 8	 3	 7	211.405	7.057
 8	 4	 0	218.129	8.308
 8	 4	 1	217.331	7.871
 8	 4	 2	216.238	8.153
 8	 4	 3	215.270	7.827
 8	 4	 4	214.337	8.193
 8	 4	 5	213.349	7.948
 8	 4	 6	212.297	7.544
 8	 4	 7	211.421	7.265
 8	 5	 0	218.497	8.576
 8	 5	 1	217.183	7.870
 8	 5	 2	216.423	7.885
 8	 5	 3	215.348	8.122
 8	 5	 4	214.362	7.979
 8	 5	 5	213.374	7.947
 8	 5	 6	212.540	7.911
 8	 5	 7	211.475	8.420
 8	 6	 0	218.264	8.389
 8	 6	 1	217.183	8.026
 8	 6	 2	216.148	7.928
 8	 6	 3	215.418	7.982
 8	 6	 4	214.480	8.139
 8	 6	 5	213.410	7.759
 8	 6	 6	212.599	7.456
 8	 6	 7	211.716	8.233
 8	 7	 0	218.326	7.941
 8	 7	 1	217.329	7.910
 8	 7	 2	216.294	7.639
 8	 7	 3	215.561	8.462
 8	 7	 4	214.257	7.907
 8	 7	 5	213.427	7.490
 8	 7	 6	212.351	7.540
 8	 7	 7	211.549	7.909
 9	 0	 0	221.762	3.252
 9	 0	 1	220.769	3.237
 9	 0	 2	219.783	3.121
 9	 0	 3	218.813	3.233
 9	 0	 4	217.848	4.027
 9	 0	 5	216.755	3.153
 9	 0	 6	215.900	2.968
 9	 0	 7	214.871	3.171
 9	 1	 0	221.661	4.551
 9	 1	 1	220.724	3.988
 9	 1	 2	219.840	4.321
 9	 1	 3	218.713	4.098
 9	 1	 4	217.773	5.204
 9	 1	 5	216.738	4.102
 9	 1	 6	215.857	3.909
 9	 1	 7	214.753	3.968
 9	 2	 0	221.586	5.102
 9	 2	 1	220.591	5.263
 9	 2	 2	219.804	4.773
 9	 2	 3	218.789	4.849
 9	 2	 4	217.982	5.114
 9	 2	 5	216.709	4.803
 9	 2	 6	215.812	4.583
 9	 2	 7	214.842	4.651
 9	 3	 0	221.697	5.934
 9	 3	 1	220.585	5.256
 9	 3	 2	219.740	5.203
 9	 3	 3	218.786	5.643
 9	 3	 4	217.800	5.682
 9	 3	 5	216.682	5.282
 9	 3	 6	215.893	5.211
 9	 3	 7	214.727	5.218
 9	 4	 0	221.584	6.444
 9	 4	 1	220.650	5.473
 9	 4	 2	219.714	5.779
 9	 4	 3	218.683	5.601
 9	 4	 4	217.699	6.143
 9	 4	 5	216.797	5.748
 9	 4	 6	215.712	5.695
 9	 4	 7	214.674	5.454
 9	 5	 0	221.796	6.272
 9	 5	 1	220.678	5.654
 9	 5	 2	219.818	5.529
 9	 5	 3	218.858	6.075
 9	 5	 4	217.867	6.136
 9	 5	 5	216.792	6.218
 9	 5	 6	215.900	5.744
 9	 5	 7	214.824	6.912
 9	 6	 0	221.750	6.285
 9	 6	 1	220.684	5.592
 9	 6	 2	219.771	5.655
 9	 6	 3	218.888	6.201
 9	 6	 4	217.849	5.809
 9	 6	 5	216.759	5.796
 9	 6	 6	215.973	5.594
 9	 6	 7	214.960	6.280
 9	 7	 0	221.879	5.574
 9	 7	 1	220.715	5.273
 9	 7	 2	219.877	5.474
 9	 7	 3	218.830	6.554
 9	 7	 4	217.866	5.660
 9	 7	 5	216.733	5.432
 9	 7	 6	215.919	5.654
 9	 7	 7	214.828	5.873
10	 0	 0	229.168	2.842
10	 0	 1	228.067	2.476
10	 0	 2	227.184	2.592
10	 0	 3	225.963	2.704
10	 0	 4	225.106	3.370
10	 0	 5	223.873	2.461
10	 0	 6	222.924	2.579
10	 0	 7	221.850	2.414
10	 1	 0	229.161	3.600
10	 1	 1	227.943	3.286
10	 1	 2	227.137	3.630
10	 1	 3	225.977	3.584
10	 1	 4	225.152	4.673
10	 1	 5	224.047	3.693
10	 1	 6	223.042	3.572
10	 1	 7	221.942	3.483
10	 2	 0	229.168	4.740
10	 2	 1	228.150	4.747
10	 2	 2	227.084	4.525
10	 2	 3	226.076	4.554
10	 2	 4	225.201	4.770
10	 2	 5	223.976	4.301
10	 2	 6	223.012	4.354
10	 2	 7	222.025	4.284
10	 3	 0	229.316	5.150
10	 3	 1	228.212	4.786
10	 3	 2	227.240	5.140
10	 3	 3	226.177	4.887
10	 3	 4	225.153	5.250
10	 3	 5	224.035	5.008
10	 3	 6	223.083	4.846
10	 3	 7	221.891	4.791
10	 4	 0	229.324	5.777
10	 4	 1	228.143	5.121
10	 4	 2	227.255	5.419
10	 4	 3	226.122	5.414
10	 4	 4	225.344	5.689
10	 4	 5	224.046	5.182
10	 4	 6	223.190	5.270
10	 4	 7	221.876	5.149
10	 5	 0	229.291	5.827
10	 5	 1	228.238	5.163
10	 5	 2	227.345	5.281
10	 5	 3	226.208	5.499
10	 5	 4	225.254	5.410
10	 5	 5	224.196	5.537
10	 5	 6	223.256	5.675
10	 5	 7	222.074	6.215
10	 6	 0	229.387	5.604
10	 6	 1	228.337	5.166
10	 6	 2	227.329	5.244
10	 6	 3	226.487	6.035
10	 6	 4	225.285	5.459
10	 6	 5	224.199	4.955
10	 6	 6	223.190	5.441
10	 6	 7	222.127	5.679
10	 7	 0	229.517	4.917
10	 7	 1	228.290	4.574
10	 7	 2	227.471	5.161
10	 7	 3	226.157	6.240
10	 7	 4	225.320	5.442
10	 7	 5	224.168	5.278
10	 7	 6	223.352	4.967
10	 7	 7	222.034	5.406
11	 0	 0	223.469	2.216
11	 0	 1	222.429	2.163
11	 0	 2	221.498	2.148
11	 0	 3	220.385	2.362
11	 0	 4	219.596	2.765
11	 0	 5	218.456	2.017
11	 0	 6	217.577	1.956
11	 0	 7	216.488	2.241
11	 1	 0	223.440	2.956
11	 1	 1	222.260	2.900
11	 1	 2	221.509	2.840
11	 1	 3	220.428	2.831
11	 1	 4	219.433	3.599
11	 1	 5	218.348	2.934
11	 1	 6	217.587	2.541
11	 1	 7	216.384	2.727
11	 2	 0	223.249	3.631
11	 2	 1	222.301	3.611
11	 2	 2	221.299	3.510
11	 2	 3	220.383	3.169
11	 2	 4	219.534	3.483
11	 2	 5	218.408	3.137
11	 2	 6	217.408	3.341
11	 2	 7	216.459	3.128
11	 3	 0	223.322	3.878
11	 3	 1	222.318	3.358
11	 3	 2	221.354	3.555
11	 3	 3	220.410	3.738
11	 3	 4	219.287	3.992
11	 3	 5	218.401	3.484
11	 3	 6	217.485	3.510
11	 3	 7	216.292	3.757
11	 4	 0	223.172	4.442
11	 4	 1	222.212	3.802
11	 4	 2	221.278	3.827
11	 4	 3	220.202	3.941
11	 4	 4	219.340	4.002
11	 4	 5	218.345	3.857
11	 4	 6	217.466	3.701
11	 4	 7	216.309	3.910
11	 5	 0	223.306	4.435
11	 5	 1	222.293	3.875
11	 5	 2	221.365	3.930
11	 5	 3	220.473	4.088
11	 5	 4	219.513	3.983
11	 5	 5	218.443	4.086
11	 5	 6	217.357	4.000
11	 5	 7	216.382	4.829
11	 6	 0	223.443	4.074
11	 6	 1	222.336	3.845
11	 6	 2	221.371	3.735
11	 6	 3	220.441	4.156
11	 6	 4	219.307	4.002
11	 6	 5	218.465	3.826
11	 6	 6	217.491	3.848
11	 6	 7	216.474	4.241
11	 7	 0	223.421	3.743
11	 7	 1	222.305	3.711
11	 7	 2	221.559	3.544
11	 7	 3	220.315	4.649
11	 7	 4	219.434	3.703
11	 7	 5	218.302	3.895
11	 7	 6	217.599	3.610
11	 7	 7	216.386	4.230
12	 0	 0	225.814	1.952
12	 0	 1	224.706	1.715
12	 0	 2	223.833	1.879
12	 0	 3	222.735	2.031
12	 0	 4	221.944	2.421
12	 0	 5	220.886	1.704
12	 0	 6	219.958	1.661
12	 0	 7	218.877	1.832
12	 1	 0	225.746	2.373
12	 1	 1	224.696	2.325
12	 1	 2	223.810	2.297
12	 1	 3	222.625	2.321
12	 1	 4	221.883	3.113
12	 1	 5	220.701	2.486
12	 1	 6	219.931	2.208
12	 1	 7	218.927	2.265
12	 2	 0	225.539	3.002
12	 2	 1	224.644	2.839
12	 2	 2	223.622	2.907
12	 2	 3	222.764	2.672
12	 2	 4	221.833	3.107
12	 2	 5	220.739	2.753
12	 2	 6	219.824	2.648
12	 2	 7	218.921	2.556
12	 3	 0	225.671	2.908
12	 3	 1	224.632	2.745
12	 3	 2	223.692	2.809
12	 3	 3	222.704	2.996
12	 3	 4	221.734	3.403
12	 3	 5	220.742	2.797
12	 3	 6	219.862	2.677
12	 3	 7	218.774	2.995
12	 4	 0	225.737	3.827
12	 4	 1	224.606	3.052
12	 4	 2	223.686	3.147
12	 4	 3	222.572	3.547
12	 4	 4	221.852	3.512
12	 4	 5	220.682	3.259
12	 4	 6	219.871	2.951
12	 4	 7	218.784	3.061
12	 5	 0	225.703	3.897
12	 5	 1	224.660	3.203
12	 5	 2	223.728	2.987
12	 5	 3	222.796	3.226
12	 5	 4	221.826	3.353
12	 5	 5	220.853	3.206
12	 5	 6	219.836	3.350
12	 5	 7	218.864	3.928
12	 6	 0	225.646	3.441
12	 6	 1	224.738	3.031
12	 6	 2	223.657	3.197
12	 6	 3	222.881	3.756
12	 6	 4	221.754	3.517
12	 6	 5	220.961	3.147
12	 6	 6	219.887	3.275
12	 6	 7	218.802	3.875
12	 7	 0	225.742	2.950
12	 7	 1	224.650	2.893
12	 7	 2	223.750	2.865
12	 7	 3	222.583	4.197
12	 7	 4	221.850	3.273
12	 7	 5	220.728	3.175
12	 7	 6	219.979	2.983
12	 7	 7	218.929	3.543
13	 0	 0	220.268	1.414
13	 0	 1	219.307	1.465
13	 0	 2	218.462	1.362
13	 0	 3	217.400	1.619
13	 0	 4	216.350	1.813
13	 0	 5	215.297	1.366
13	 0	 6	214.380	1.178
13	 0	 7	213.342	1.454
13	 1	 0	220.241	2.142
13	 1	 1	219.348	2.114
13	 1	 2	218.311	1.911
13	 1	 3	217.256	1.866
13	 1	 4	216.405	2.548
13	 1	 5	215.312	2.103
13	 1	 6	214.353	1.760
13	 1	 7	213.370	1.910
13	 2	 0	220.350	2.695
13	 2	 1	219.174	2.472
13	 2	 2	218.452	2.434
13	 2	 3	217.284	2.241
13	 2	 4	216.487	2.503
13	 2	 5	215.312	2.359
13	 2	 6	214.447	2.474
13	 2	 7	213.290	2.070
13	 3	 0	220.361	2.958
13	 3	 1	219.267	2.354
13	 3	 2	218.375	2.496
13	 3	 3	217.339	2.869
13	 3	 4	216.426	2.858
13	 3	 5	215.182	2.643
13	 3	 6	214.419	2.659
13	 3	 7	213.340	2.691
13	 4	 0	220.287	3.090
13	 4	 1	219.344	2.898
13	 4	 2	218.390	2.647
13	 4	 3	217.317	2.862
13	 4	 4	216.389	2.919
13	 4	 5	215.345	2.953
13	 4	 6	214.369	2.816
13	 4	 7	213.318	2.822
13	 5	 0	220.466	3.132
13	 5	 1	219.244	2.553
13	 5	 2	218.486	2.846
13	 5	 3	217.338	2.758
13	 5	 4	216.480	2.717
13	 5	 5	215.316	2.889
13	 5	 6	214.493	3.020
13	 5	 7	213.284	3.431
13	 6	 0	220.412	2.929
13	 6	 1	219.319	2.580
13	 6	 2	218.446	2.467
13	 6	 3	217.393	2.544
13	 6	 4	216.497	2.802
13	 6	 5	215.394	2.667
13	 6	 6	214.470	2.651
13	 6	 7	213.540	3.175
13	 7	 0	220.465	2.524
13	 7	 1	219.543	2.625
13	 7	 2	218.435	2.428
13	 7	 3	217.404	3.189
13	 7	 4	216.530	2.529
13	 7	 5	215.433	2.774
13	 7	 6	214.443	2.638
13	 7	 7	213.417	2.880
14	 0	 0	229.813	0.846
14	 0	 1	228.786	0.743
14	 0	 2	227.802	0.751
14	 0	 3	226.749	0.850
14	 0	 4	225.865	1.362
14	 0	 5	224.861	0.855
14	 0	 6	224.022	0.889
14	 0	 7	222.929	0.777
14	 1	 0	229.739	1.140
14	 1	 1	228.704	0.948
14	 1	 2	227.838	1.155
14	 1	 3	226.798	1.148
14	 1	 4	225.959	1.622
14	 1	 5	224.926	1.148
14	 1	 6	224.008	1.129
14	 1	 7	222.918	1.095
14	 2	 0	229.756	1.303
14	 2	 1	228.716	1.386
14	 2	 2	227.817	1.264
14	 2	 3	226.833	1.505
14	 2	 4	225.949	1.476
14	 2	 5	224.895	1.446
14	 2	 6	223.978	1.128
14	 2	 7	222.912	1.268
14	 3	 0	229.823	1.479
14	 3	 1	228.778	1.542
14	 3	 2	227.861	1.552
14	 3	 3	226.831	1.481
14	 3	 4	225.919	1.670
14	 3	 5	224.947	1.513
14	 3	 6	224.012	1.413
14	 3	 7	223.061	1.375
14	 4	 0	229.759	1.779
14	 4	 1	228.786	1.287
14	 4	 2	227.861	1.659
14	 4	 3	226.872	1.529
14	 4	 4	225.985	1.826
14	 4	 5	224.921	1.487
14	 4	 6	223.941	1.565
14	 4	 7	222.958	1.411
14	 5	 0	229.816	1.590
14	 5	 1	228.866	1.478
14	 5	 2	227.970	1.463
14	 5	 3	226.882	1.665
14	 5	 4	226.069	1.766
14	 5	 5	225.013	1.817
14	 5	 6	224.171	1.619
14	 5	 7	223.052	1.943
14	 6	 0	229.839	1.618
14	 6	 1	228.856	1.614
14	 6	 2	227.979	1.702
14	 6	 3	226.971	2.261
14	 6	 4	226.115	1.708
14	 6	 5	225.066	1.626
14	 6	 6	224.156	1.645
14	 6	 7	223.137	1.810
14	 7	 0	229.946	1.530
14	 7	 1	228.895	1.497
14	 7	 2	228.091	1.649
14	 7	 3	226.891	2.031
14	 7	 4	226.088	1.799
14	 7	 5	225.123	1.549
14	 7	 6	224.205	1.582
14	 7	 7	223.060	1.953
15	 0	 0	232.003	1.174
15	 0	 1	230.923	1.090
15	 0	 2	229.971	1.202
15	 0	 3	228.973	1.128
15	 0	 4	228.101	1.402
15	 0	 5	226.974	1.128
15	 0	 6	226.038	1.055
15	 0	 7	224.981	1.049
15	 1	 0	232.012	1.361
15	 1	 1	230.905	1.255
15	 1	 2	229.983	1.416
15	 1	 3	228.940	1.326
15	 1	 4	228.050	1.667
15	 1	 5	227.089	1.316
15	 1	 6	226.140	1.425
15	 1	 7	224.959	1.277
15	 2	 0	232.041	1.434
15	 2	 1	230.994	1.644
15	 2	 2	230.040	1.505
15	 2	 3	229.026	1.516
15	 2	 4	227.953	1.719
15	 2	 5	227.031	1.480
15	 2	 6	226.104	1.534
15	 2	 7	225.012	1.616
15	 3	 0	232.080	1.660
15	 3	 1	230.905	1.582
15	 3	 2	230.168	1.859
15	 3	 3	228.969	1.662
15	 3	 4	228.065	1.666
15	 3	 5	227.058	1.709
15	 3	 6	226.129	1.627
15	 3	 7	225.035	1.431
15	 4	 0	232.118	1.797
15	 4	 1	230.944	1.491
15	 4	 2	230.163	1.640
15	 4	 3	229.014	1.865
15	 4	 4	228.176	1.903
15	 4	 5	227.062	1.631
15	 4	 6	226.185	1.802
15	 4	 7	224.982	1.623
15	 5	 0	232.112	1.838
15	 5	 1	230.982	1.760
15	 5	 2	230.150	1.743
15	 5	 3	229.056	1.822
15	 5	 4	228.224	1.867
15	 5	 5	227.185	1.921
15	 5	 6	226.139	1.607
15	 5	 7	225.124	1.934
15	 6	 0	232.117	1.818
15	 6	 1	231.000	1.769
15	 6	 2	230.185	1.671
15	 6	 3	229.177	2.133
15	 6	 4	228.234	1.847
15	 6	 5	227.127	1.770
15	 6	 6	226.170	1.809
15	 6	 7	225.093	1.861
15	 7	 0	232.208	1.781
15	 7	 1	231.114	1.597
15	 7	 2	230.150	1.844
15	 7	 3	229.173	1.955
15	 7	 4	228.338	1.743
15	 7	 5	227.168	1.635
15	 7	 6	226.210	1.803
15	 7	 7	225.149	1.960
16	 0	 0	227.246	0.902
16	 0	 1	226.254	0.750
16	 0	 2	225.344	0.849
16	 0	 3	224.239	0.787
16	 0	 4	223.173	1.170
16	 0	 5	222.157	0.860
16	 0	 6	221.154	0.796
16	 0	 7	220.149	0.790
16	 1	 0	227.303	0.920
16	 1	 1	226.212	0.829
16	 1	 2	225.243	1.010
16	 1	 3	224.239	0.958
16	 1	 4	223.184	1.305
16	 1	 5	222.153	0.896
16	 1	 6	221.137	0.992
16	 1	 7	220.185	0.917
16	 2	 0	227.202	1.096
16	 2	 1	226.197	1.207
16	 2	 2	225.287	1.114
16	 2	 3	224.188	1.137
16	 2	 4	223.224	1.182
16	 2	 5	222.115	1.166
16	 2	 6	221.163	0.950
16	 2	 7	220.123	1.072
16	 3	 0	227.218	1.186
16	 3	 1	226.243	1.139
16	 3	 2	225.227	1.221
16	 3	 3	224.249	1.177
16	 3	 4	223.224	1.256
16	 3	 5	222.094	1.229
16	 3	 6	221.128	1.088
16	 3	 7	220.122	0.964
16	 4	 0	227.304	1.363
16	 4	 1	226.241	1.049
16	 4	 2	225.187	1.270
16	 4	 3	224.205	1.174
16	 4	 4	223.168	1.310
16	 4	 5	222.115	1.238
16	 4	 6	221.194	1.133
16	 4	 7	220.060	1.146
16	 5	 0	227.189	1.445
16	 5	 1	226.203	1.149
16	 5	 2	225.215	1.114
16	 5	 3	224.166	1.379
16	 5	 4	223.129	1.411
16	 5	 5	222.130	1.286
16	 5	 6	221.129	1.243
16	 5	 7	220.042	1.592
16	 6	 0	227.259	1.279
16	 6	 1	226.177	1.228
16	 6	 2	225.243	1.239
16	 6	 3	224.245	1.548
16	 6	 4	223.158	1.267
16	 6	 5	222.194	1.180
16	 6	 6	221.153	1.197
16	 6	 7	220.142	1.360
16	 7	 0	227.320	1.102
16	 7	 1	226.208	1.076
16	 7	 2	225.233	1.198
16	 7	 3	224.086	1.755
16	 7	 4	223.133	1.268
16	 7	 5	222.128	1.077
16	 7	 6	221.185	1.102
16	 7	 7	220.106	1.398
17	 0	 0	231.757	1.139
17	 0	 1	230.717	1.044
17	 0	 2	229.724	1.107
17	 0	 3	228.653	1.189
17	 0	 4	227.747	1.562
17	 0	 5	226.578	1.061
17	 0	 6	225.646	1.044
17	 0	 7	224.583	1.067
17	 1	 0	231.802	1.413
17	 1	 1	230.720	1.234
17	 1	 2	229.680	1.425
17	 1	 3	228.633	1.305
17	 1	 4	227.743	1.813
17	 1	 5	226.699	1.275
17	 1	 6	225.717	1.326
17	 1	 7	224.632	1.203
17	 2	 0	231.882	1.468
17	 2	 1	230.761	1.515
17	 2	 2	229.731	1.445
17	 2	 3	228.677	1.472
17	 2	 4	227.742	1.711
17	 2	 5	226.668	1.472
17	 2	 6	225.697	1.458
17	 2	 7	224.681	1.533
17	 3	 0	231.853	1.615
17	 3	 1	230.817	1.511
17	 3	 2	229.776	1.717
17	 3	 3	228.698	1.623
17	 3	 4	227.681	1.583
17	 3	 5	226.676	1.601
17	 3	 6	225.730	1.498
17	 3	 7	224.678	1.310
17	 4	 0	231.872	1.773
17	 4	 1	230.846	1.483
17	 4	 2	229.877	1.571
17	 4	 3	228.686	1.686
17	 4	 4	227.749	1.771
17	 4	 5	226.679	1.451
17	 4	 6	225.759	1.681
17	 4	 7	224.671	1.557
17	 5	 0	231.868	1.729
17	 5	 1	230.812	1.595
17	 5	 2	229.851	1.573
17	 5	 3	228.766	1.632
17	 5	 4	227.729	1.619
17	 5	 5	226.800	1.808
17	 5	 6	225.803	1.482
17	 5	 7	224.706	1.842
17	 6	 0	231.850	1.710
17	 6	 1	230.879	1.655
17	 6	 2	229.864	1.550
17	 6	 3	228.839	2.225
17	 6	 4	227.807	1.704
17	 6	 5	226.711	1.651
17	 6	 6	225.761	1.508
17	 6	 7	224.699	1.730
17	 7	 0	231.875	1.628
17	 7	 1	230.805	1.438
17	 7	 2	229.907	1.704
17	 7	 3	228.831	2.014
17	 7	 4	227.874	1.713
17	 7	 5	226.843	1.463
17	 7	 6	225.780	1.620
17	 7	 7	224.702	1.828
18	 0	 0	212.960	1.601
18	 0	 1	212.027	1.447
18	 0	 2	210.976	1.529
18	 0	 3	209.962	1.591
18	 0	 4	208.432	2.346
18	 0	 5	207.506	1.609
18	 0	 6	206.544	1.541
18	 0	 7	205.521	1.551
18	 1	 0	212.945	2.721
18	 1	 1	211.980	2.040
18	 1	 2	210.871	2.138
18	 1	 3	209.965	2.247
18	 1	 4	208.446	3.140
18	 1	 5	207.486	2.151
18	 1	 6	206.524	2.009
18	 1	 7	205.544	1.996
18	 2	 0	212.878	2.590
18	 2	 1	212.051	2.394
18	 2	 2	210.889	2.684
18	 2	 3	209.529	2.524
18	 2	 4	208.462	3.073
18	 2	 5	207.496	2.648
18	 2	 6	206.506	2.367
18	 2	 7	205.577	2.260
18	 3	 0	212.937	2.941
18	 3	 1	212.033	2.603
18	 3	 2	211.057	2.814
18	 3	 3	209.463	2.876
18	 3	 4	208.389	3.248
18	 3	 5	207.530	2.816
18	 3	 6	206.535	2.743
18	 3	 7	205.634	2.726
18	 4	 0	212.998	3.034
18	 4	 1	211.938	2.956
18	 4	 2	210.953	2.944
18	 4	 3	209.386	3.048
18	 4	 4	208.496	3.277
18	 4	 5	207.447	2.986
18	 4	 6	206.570	2.931
18	 4	 7	205.594	2.767
18	 5	 0	212.997	3.410
18	 5	 1	211.989	3.017
18	 5	 2	211.101	2.927
18	 5	 3	209.455	3.231
18	 5	 4	208.493	3.128
18	 5	 5	207.465	3.191
18	 5	 6	206.528	2.922
18	 5	 7	205.604	3.391
18	 6	 0	212.940	3.276
18	 6	 1	211.986	2.927
18	 6	 2	210.922	2.945
18	 6	 3	209.455	3.130
18	 6	 4	208.297	3.413
18	 6	 5	207.439	3.357
18	 6	 6	206.565	2.826
18	 6	 7	205.563	3.421
18	 7	 0	212.960	2.856
18	 7	 1	211.901	2.975
18	 7	 2	211.109	2.729
18	 7	 3	209.424	3.702
18	 7	 4	208.422	3.087
18	 7	 5	207.462	2.726
18	 7	 6	206.600	2.813
18	 7	 7	205.575	3.163
19	 0	 0	219.788	2.073
19	 0	 1	218.906	2.043
19	 0	 2	217.963	2.076
19	 0	 3	216.886	2.172
19	 0	 4	216.015	3.166
19	 0	 5	215.039	2.050
19	 0	 6	214.000	1.773
19	 0	 7	213.037	2.028
19	 1	 0	219.757	3.191
19	 1	 1	218.953	2.711
19	 1	 2	217.838	2.696
19	 1	 3	216.708	2.630
19	 1	 4	215.974	3.897
19	 1	 5	215.081	2.865
19	 1	 6	214.080	2.367
19	 1	 7	213.085	2.606
19	 2	 0	219.899	3.596
19	 2	 1	218.700	3.464
19	 2	 2	218.059	3.195
19	 2	 3	216.888	3.123
19	 2	 4	216.098	3.605
19	 2	 5	215.049	3.417
19	 2	 6	214.140	3.174
19	 2	 7	213.045	2.985
19	 3	 0	219.831	3.957
19	 3	 1	218.702	3.201
19	 3	 2	217.862	3.364
19	 3	 3	216.848	3.951
19	 3	 4	216.088	3.870
19	 3	 5	214.978	3.478
19	 3	 6	214.062	3.489
19	 3	 7	213.014	3.564
19	 4	 0	219.691	4.049
19	 4	 1	218.913	3.774
19	 4	 2	217.861	3.700
19	 4	 3	216.884	3.788
19	 4	 4	215.861	4.067
19	 4	 5	215.113	3.795
19	 4	 6	214.035	3.656
19	 4	 7	213.039	3.617
19	 5	 0	219.954	4.127
19	 5	 1	218.814	3.492
19	 5	 2	217.968	3.722
19	 5	 3	216.957	3.868
19	 5	 4	216.033	3.926
19	 5	 5	214.945	3.854
19	 5	 6	214.138	3.972
19	 5	 7	212.929	4.609
19	 6	 0	219.900	4.052
19	 6	 1	218.820	3.414
19	 6	 2	217.762	3.550
19	 6	 3	216.893	3.751
19	 6	 4	216.085	3.856
19	 6	 5	215.067	3.742
19	 6	 6	214.120	3.525
19	 6	 7	213.255	4.405
19	 7	 0	219.925	3.458
19	 7	 1	219.025	3.626
19	 7	 2	217.788	3.384
19	 7	 3	216.921	4.662
19	 7	 4	216.079	3.620
19	 7	 5	215.045	3.719
19	 7	 6	214.059	3.561
19	 7	 7	213.114	4.013
20	 0	 0	223.148	2.551
20	 0	 1	222.154	2.428
20	 0	 2	221.052	2.418
20	 0	 3	220.008	2.518
20	 0	 4	219.188	3.575
20	 0	 5	218.155	2.371
20	 0	 6	217.170	2.206
20	 0	 7	216.112	2.406
20	 1	 0	223.011	3.475
20	 1	 1	221.952	3.032
20	 1	 2	221.101	3.167
20	 1	 3	220.003	3.109
20	 1	 4	219.066	4.544
20	 1	 5	217.993	3.248
20	 1	 6	217.172	2.716
20	 1	 7	216.091	2.844
20	 2	 0	222.854	3.910
20	 2	 1	222.004	4.010
20	 2	 2	220.966	3.755
20	 2	 3	220.043	3.402
20	 2	 4	219.127	3.965
20	 2	 5	218.045	3.516
20	 2	 6	216.994	3.561
20	 2	 7	216.115	3.289
20	 3	 0	222.972	4.253
20	 3	 1	222.054	3.689
20	 3	 2	220.937	3.844
20	 3	 3	219.995	4.268
20	 3	 4	218.922	4.388
20	 3	 5	217.999	3.916
20	 3	 6	217.046	3.728
20	 3	 7	215.942	3.901
20	 4	 0	222.867	4.876
20	 4	 1	221.871	4.083
20	 4	 2	220.885	4.044
20	 4	 3	219.843	4.296
20	 4	 4	218.928	4.506
20	 4	 5	218.014	4.189
20	 4	 6	216.992	4.024
20	 4	 7	215.933	4.075
20	 5	 0	222.966	4.703
20	 5	 1	221.968	4.068
20	 5	 2	220.949	4.117
20	 5	 3	220.067	4.563
20	 5	 4	219.103	4.347
20	 5	 5	218.102	4.505
20	 5	 6	216.969	4.178
20	 5	 7	216.046	5.258
20	 6	 0	223.053	4.432
20	 6	 1	221.969	4.029
20	 6	 2	220.937	3.913
20	 6	 3	220.098	4.718
20	 6	 4	218.955	4.169
20	 6	 5	218.011	4.076
20	 6	 6	217.054	3.982
20	 6	 7	216.098	4.703
20	 7	 0	223.076	3.916
20	 7	 1	221.929	3.778
20	 7	 2	221.072	3.742
20	 7	 3	219.925	5.424
20	 7	 4	218.954	3.926
20	 7	 5	217.903	3.973
20	 7	 6	217.147	3.761
20	 7	 7	215.918	4.494
21	 0	 0	216.537	2.884
21	 0	 1	215.485	2.766
21	 0	 2	214.568	2.926
21	 0	 3	213.629	2.968
21	 0	 4	212.646	3.982
21	 0	 5	211.718	2.924
21	 0	 6	210.654	2.672
21	 0	 7	209.702	2.981
21	 1	 0	216.278	4.459
21	 1	 1	215.417	3.817
21	 1	 2	214.454	3.565
21	 1	 3	213.564	3.841
21	 1	 4	212.712	5.397
21	 1	 5	211.777	3.946
21	 1	 6	210.615	3.420
21	 1	 7	209.580	3.602
21	 2	 0	216.484	4.928
21	 2	 1	215.408	4.310
21	 2	 2	214.721	4.681
21	 2	 3	213.520	4.095
21	 2	 4	212.696	5.054
21	 2	 5	211.628	4.366
21	 2	 6	210.672	4.446
21	 2	 7	209.728	3.931
21	 3	 0	216.426	5.066
21	 3	 1	215.411	4.276
21	 3	 2	214.534	4.609
21	 3	 3	213.434	5.157
21	 3	 4	212.785	5.520
21	 3	 5	211.599	4.712
21	 3	 6	210.689	4.559
21	 3	 7	209.740	4.577
21	 4	 0	216.285	5.301
21	 4	 1	215.594	5.360
21	 4	 2	214.516	5.078
21	 4	 3	213.560	5.273
21	 4	 4	212.635	5.358
21	 4	 5	211.705	5.360
21	 4	 6	210.613	4.714
21	 4	 7	209.713	4.917
21	 5	 0	216.607	5.831
21	 5	 1	215.577	4.779
21	 5	 2	214.637	5.231
21	 5	 3	213.522	5.323
21	 5	 4	212.661	5.113
21	 5	 5	211.636	5.038
21	 5	 6	210.769	5.396
21	 5	 7	209.645	5.694
21	 6	 0	216.434	5.693
21	 6	 1	215.492	4.928
21	 6	 2	214.447	5.048
21	 6	 3	213.518	5.184
21	 6	 4	212.691	5.725
21	 6	 5	211.560	5.025
21	 6	 6	210.736	4.765
21	 6	 7	209.822	5.952
21	 7	 0	216.460	4.918
21	 7	 1	215.621	5.369
21	 7	 2	214.436	4.740
21	 7	 3	213.788	6.537
21	 7	 4	212.516	5.141
21	 7	 5	211.705	5.022
21	 7	 6	210.640	4.754
21	 7	 7	209.785	5.595
22	 0	 0	226.348	3.836
22	 0	 1	225.224	3.246
22	 0	 2	224.363	3.787
22	 0	 3	223.138	4.075
22	 0	 4	222.542	6.016
22	 0	 5	221.207	3.350
22	 0	 6	220.199	3.205
22	 0	 7	218.960	3.395
22	 1	 0	226.480	5.581
22	 1	 1	225.124	4.667
22	 1	 2	224.453	5.099
22	 1	 3	223.107	5.085
22	 1	 4	222.784	8.011
22	 1	 5	220.993	5.216
22	 1	 6	220.302	4.631
22	 1	 7	219.173	4.795
22	 2	 0	226.223	6.677
22	 2	 1	225.369	6.757
22	 2	 2	224.350	6.338
22	 2	 3	223.438	6.091
22	 2	 4	222.631	7.095
22	 2	 5	221.273	6.314
22	 2	 6	220.095	5.770
22	 2	 7	219.345	5.662
22	 3	 0	226.564	7.432
22	 3	 1	225.518	6.681
22	 3	 2	224.462	7.028
22	 3	 3	223.442	7.284
22	 3	 4	222.470	7.667
22	 3	 5	221.290	6.802
22	 3	 6	220.273	6.380
22	 3	 7	219.052	6.547
22	 4	 0	226.560	8.292
22	 4	 1	225.247	6.921
22	 4	 2	224.510	7.278
22	 4	 3	223.259	7.688
22	 4	 4	222.656	8.388
22	 4	 5	221.301	7.399
22	 4	 6	220.430	7.063
22	 4	 7	219.102	6.726
22	 5	 0	226.495	7.857
22	 5	 1	225.439	7.092
22	 5	 2	224.448	7.073
22	 5	 3	223.558	7.700
22	 5	 4	222.611	7.607
22	 5	 5	221.501	7.774
22	 5	 6	220.287	7.347
22	 5	 7	219.557	8.762
22	 6	 0	226.467	7.692
22	 6	 1	225.480	6.987
22	 6	 2	224.443	6.987
22	 6	 3	224.062	8.658
22	 6	 4	222.450	7.734
22	 6	 5	221.579	6.965
22	 6	 6	220.327	6.977
22	 6	 7	219.412	7.958
22	 7	 0	226.574	6.668
22	 7	 1	225.256	6.327
22	 7	 2	224.536	6.765
22	 7	 3	223.376	9.073
22	 7	 4	222.473	7.418
22	 7	 5	221.092	6.886
22	 7	 6	220.480	6.495
22	 7	 7	219.471	7.899
23	 0	 0	221.973	5.459
23	 0	 1	220.935	4.776
23	 0	 2	219.979	5.236
23	 0	 3	218.993	5.087
23	 0	 4	218.198	7.880
23	 0	 5	216.871	5.164
23	 0	 6	216.014	4.582
23	 0	 7	214.954	4.809
23	 1	 0	221.648	8.406
23	 1	 1	220.878	6.257
23	 1	 2	219.938	7.103
23	 1	 3	218.856	6.977
23	 1	 4	218.200	10.524
23	 1	 5	216.890	6.751
23	 1	 6	215.911	6.206
23	 1	 7	214.836	6.149
23	 2	 0	221.829	8.806
23	 2	 1	220.927	8.750
23	 2	 2	220.060	7.863
23	 2	 3	219.058	8.096
23	 2	 4	218.242	9.345
23	 2	 5	216.849	8.289
23	 2	 6	215.955	7.298
23	 2	 7	214.868	7.345
23	 3	 0	221.897	10.135
23	 3	 1	220.861	8.714
23	 3	 2	219.910	9.049
23	 3	 3	218.997	9.742
23	 3	 4	218.096	9.914
23	 3	 5	216.941	8.940
23	 3	 6	216.011	8.285
23	 3	 7	214.799	7.847
23	 4	 0	221.912	10.688
23	 4	 1	220.765	8.788
23	 4	 2	219.997	9.621
23	 4	 3	218.910	9.697
23	 4	 4	218.035	10.756
23	 4	 5	217.081	9.436
23	 4	 6	215.941	8.837
23	 4	 7	214.811	8.239
23	 5	 0	222.021	10.554
23	 5	 1	220.919	9.570
23	 5	 2	219.971	9.184
23	 5	 3	219.167	10.209
23	 5	 4	218.138	10.102
23	 5	 5	217.205	9.988
23	 5	 6	216.021	9.137
23	 5	 7	215.380	11.051
23	 6	 0	221.934	10.394
23	 6	 1	220.864	9.557
23	 6	 2	219.881	9.294
23	 6	 3	219.778	11.694
23	 6	 4	218.076	10.013
23	 6	 5	216.899	9.228
23	 6	 6	216.013	8.680
23	 6	 7	215.374	10.452
23	 7	 0	221.947	9.141
23	 7	 1	220.835	8.615
23	 7	 2	220.002	9.177
23	 7	 3	219.287	11.876
23	 7	 4	218.012	9.676
23	 7	 5	216.844	8.445
23	 7	 6	216.029	8.761
23	 7	 7	215.235	10.227
24	 0	 0	227.592	5.641
24	 0	 1	226.572	4.965
24	 0	 2	225.712	5.439
24	 0	 3	224.516	5.510
24	 0	 4	224.137	8.190
24	 0	 5	222.721	4.938
24	 0	 6	221.626	4.860
24	 0	 7	220.556	4.959
24	 1	 0	227.647	7.823
24	 1	 1	226.533	6.654
24	 1	 2	225.852	7.249
24	 1	 3	224.567	7.166
24	 1	 4	224.397	10.723
24	 1	 5	222.804	7.505
24	 1	 6	221.921	6.730
24	 1	 7	220.804	6.824
24	 2	 0	227.556	9.228
24	 2	 1	227.010	9.306
24	 2	 2	225.774	8.707
24	 2	 3	224.949	8.610
24	 2	 4	224.144	9.476
24	 2	 5	222.964	8.718
24	 2	 6	221.874	8.224
24	 2	 7	221.199	8.082
24	 3	 0	228.009	10.189
24	 3	 1	226.988	8.907
24	 3	 2	225.930	9.443
24	 3	 3	225.061	9.739
24	 3	 4	223.983	10.091
24	 3	 5	223.090	9.555
24	 3	 6	222.033	8.879
24	 3	 7	220.778	8.798
24	 4	 0	227.887	10.744
24	 4	 1	226.750	9.647
24	 4	 2	225.947	9.795
24	 4	 3	224.913	10.153
24	 4	 4	224.327	10.823
24	 4	 5	222.975	9.832
24	 4	 6	222.116	9.538
24	 4	 7	220.800	9.141
24	 5	 0	227.913	10.491
24	 5	 1	227.010	9.653
24	 5	 2	225.934	9.515
24	 5	 3	225.182	10.244
24	 5	 4	224.231	10.108
24	 5	 5	223.232	10.399
24	 5	 6	222.090	9.946
24	 5	 7	221.330	10.746
24	 6	 0	227.919	10.407
24	 6	 1	227.110	9.464
24	 6	 2	225.832	9.590
24	 6	 3	225.912	11.360
24	 6	 4	224.121	10.153
24	 6	 5	223.204	9.237
24	 6	 6	222.075	9.487
24	 6	 7	221.214	10.193
24	 7	 0	228.041	9.081
24	 7	 1	226.772	8.977
24	 7	 2	226.038	9.267
24	 7	 3	225.137	11.812
24	 7	 4	224.058	9.907
24	 7	 5	222.907	9.373
24	 7	 6	222.232	9.035
24	 7	 7	221.432	10.542
25	 0	 0	223.532	3.876
25	 0	 1	222.446	3.382
25	 0	 2	221.528	3.670
25	 0	 3	220.370	3.739
25	 0	 4	219.714	5.953
25	 0	 5	218.571	3.561
25	 0	 6	217.613	3.124
25	 0	 7	216.470	3.369
25	 1	 0	223.313	5.769
25	 1	 1	222.340	4.490
25	 1	 2	221.527	4.875
25	 1	 3	220.368	4.690
25	 1	 4	219.617	7.780
25	 1	 5	218.399	4.771
25	 1	 6	217.658	4.206
25	 1	 7	216.427	4.307
25	 2	 0	223.304	6.083
25	 2	 1	222.467	6.325
25	 2	 2	221.422	5.474
25	 2	 3	220.406	5.401
25	 2	 4	219.745	6.454
25	 2	 5	218.480	5.672
25	 2	 6	217.524	5.186
25	 2	 7	216.501	5.132
25	 3	 0	223.414	7.017
25	 3	 1	222.413	6.015
25	 3	 2	221.398	6.031
25	 3	 3	220.470	6.768
25	 3	 4	219.474	7.029
25	 3	 5	218.439	6.199
25	 3	 6	217.488	5.729
25	 3	 7	216.323	5.820
25	 4	 0	223.359	7.909
25	 4	 1	222.217	6.134
25	 4	 2	221.403	6.669
25	 4	 3	220.277	6.804
25	 4	 4	219.519	7.765
25	 4	 5	218.503	6.710
25	 4	 6	217.499	6.390
25	 4	 7	216.342	5.980
25	 5	 0	223.447	7.341
25	 5	 1	222.365	6.406
25	 5	 2	221.371	6.337
25	 5	 3	220.561	7.114
25	 5	 4	219.652	7.177
25	 5	 5	218.635	7.252
25	 5	 6	217.450	6.421
25	 5	 7	216.660	7.773
25	 6	 0	223.503	7.073
25	 6	 1	222.432	6.404
25	 6	 2	221.351	6.292
25	 6	 3	220.944	8.275
25	 6	 4	219.498	6.995
25	 6	 5	218.479	6.588
25	 6	 6	217.518	6.134
25	 6	 7	216.624	6.949
25	 7	 0	223.517	6.112
25	 7	 1	222.223	5.696
25	 7	 2	221.433	6.079
25	 7	 3	220.527	8.784
25	 7	 4	219.541	6.638
25	 7	 5	218.326	5.966
25	 7	 6	217.640	6.106
25	 7	 7	216.488	7.056
26	 0	 0	211.689	2.961
26	 0	 1	210.771	2.727
26	 0	 2	209.710	2.805
26	 0	 3	208.676	2.721
26	 0	 4	207.814	4.022
26	 0	 5	206.843	2.829
26	 0	 6	205.846	2.640
26	 0	 7	204.817	2.566
26	 1	 0	211.612	5.130
26	 1	 1	210.679	3.425
26	 1	 2	209.565	3.681
26	 1	 3	208.681	3.787
26	 1	 4	207.904	5.340
26	 1	 5	206.857	3.681
26	 1	 6	205.786	3.277
26	 1	 7	204.731	3.199
26	 2	 0	211.676	4.880
26	 2	 1	210.791	4.306
26	 2	 2	209.663	4.548
26	 2	 3	208.636	4.243
26	 2	 4	207.762	4.937
26	 2	 5	206.853	4.322
26	 2	 6	205.809	3.804
26	 2	 7	204.850	3.627
26	 3	 0	211.680	5.260
26	 3	 1	210.698	4.714
26	 3	 2	209.643	4.833
26	 3	 3	208.684	5.024
26	 3	 4	207.878	5.330
26	 3	 5	206.869	4.557
26	 3	 6	205.829	4.344
26	 3	 7	204.823	4.464
26	 4	 0	211.621	5.453
26	 4	 1	210.741	5.173
26	 4	 2	209.628	5.025
26	 4	 3	208.724	5.133
26	 4	 4	207.874	5.192
26	 4	 5	206.854	4.847
26	 4	 6	205.912	4.594
26	 4	 7	204.923	4.290
26	 5	 0	211.735	5.986
26	 5	 1	210.751	5.142
26	 5	 2	209.800	5.100
26	 5	 3	208.738	5.306
26	 5	 4	207.863	5.084
26	 5	 5	206.859	5.128
26	 5	 6	205.825	4.564
26	 5	 7	204.899	5.033
26	 6	 0	211.794	5.682
26	 6	 1	210.725	5.070
26	 6	 2	209.591	4.871
26	 6	 3	208.795	5.133
26	 6	 4	207.776	5.351
26	 6	 5	206.765	5.093
26	 6	 6	205.821	4.497
26	 6	 7	204.991	5.467
26	 7	 0	211.748	4.987
26	 7	 1	210.716	5.055
26	 7	 2	209.736	4.818
26	 7	 3	208.935	6.215
26	 7	 4	207.815	4.867
26	 7	 5	206.840	4.566
26	 7	 6	205.928	4.409
26	 7	 7	204.880	4.928
27	 0	 0	225.514	2.399
27	 0	 1	224.501	2.008
27	 0	 2	223.414	2.282
27	 0	 3	222.403	2.423
27	 0	 4	221.543	3.506
27	 0	 5	220.502	2.128
27	 0	 6	219.482	1.971
27	 0	 7	218.371	2.181
27	 1	 0	225.542	2.935
27	 1	 1	224.404	2.711
27	 1	 2	223.445	2.672
27	 1	 3	222.376	2.777
27	 1	 4	221.494	4.403
27	 1	 5	220.318	2.984
27	 1	 6	219.431	2.466
27	 1	 7	218.357	2.617
27	 2	 0	225.305	3.546
27	 2	 1	224.378	3.541
27	 2	 2	223.273	3.395
27	 2	 3	222.420	3.092
27	 2	 4	221.465	3.764
27	 2	 5	220.337	3.284
27	 2	 6	219.345	3.128
27	 2	 7	218.410	2.838
27	 3	 0	225.459	3.550
27	 3	 1	224.411	3.305
27	 3	 2	223.321	3.331
27	 3	 3	222.434	3.708
27	 3	 4	221.317	4.327
27	 3	 5	220.333	3.313
27	 3	 6	219.381	3.039
27	 3	 7	218.200	3.470
27	 4	 0	225.449	4.767
27	 4	 1	224.266	3.578
27	 4	 2	223.334	3.741
27	 4	 3	222.164	4.187
27	 4	 4	221.420	4.333
27	 4	 5	220.218	3.935
27	 4	 6	219.353	3.349
27	 4	 7	218.201	3.493
27	 5	 0	225.416	4.492
27	 5	 1	224.420	3.652
27	 5	 2	223.348	3.655
27	 5	 3	222.450	3.915
27	 5	 4	221.520	3.847
27	 5	 5	220.420	3.975
27	 5	 6	219.234	3.788
27	 5	 7	218.381	4.408
27	 6	 0	225.386	4.001
27	 6	 1	224.437	3.521
27	 6	 2	223.319	3.586
27	 6	 3	222.651	4.732
27	 6	 4	221.334	4.129
27	 6	 5	220.502	3.589
27	 6	 6	219.328	3.567
27	 6	 7	218.280	4.195
27	 7	 0	225.454	3.324
27	 7	 1	224.268	3.287
27	 7	 2	223.434	3.241
27	 7	 3	222.256	5.392
27	 7	 4	221.372	3.692
27	 7	 5	220.205	3.494
27	 7	 6	219.445	3.111
27	 7	 7	218.324	4.098
28	 0	 0	222.817	1.449
28	 0	 1	221.785	1.585
28	 0	 2	220.756	1.401
28	 0	 3	219.691	1.574
28	 0	 4	218.831	2.225
28	 0	 5	217.843	1.326
28	 0	 6	216.944	1.365
28	 0	 7	215.836	1.579
28	 1	 0	222.749	2.047
28	 1	 1	221.661	1.999
28	 1	 2	220.836	1.878
28	 1	 3	219.755	1.915
28	 1	 4	218.781	2.665
28	 1	 5	217.794	2.142
28	 1	 6	216.882	1.570
28	 1	 7	215.819	1.825
28	 2	 0	222.645	2.589
28	 2	 1	221.689	2.433
28	 2	 2	220.665	2.460
28	 2	 3	219.792	2.118
28	 2	 4	218.853	2.444
28	 2	 5	217.720	2.241
28	 2	 6	216.803	2.397
28	 2	 7	215.812	2.111
28	 3	 0	222.741	2.597
28	 3	 1	221.682	2.257
28	 3	 2	220.654	2.382
28	 3	 3	219.751	2.569
28	 3	 4	218.655	2.869
28	 3	 5	217.734	2.336
28	 3	 6	216.846	2.409
28	 3	 7	215.690	2.569
28	 4	 0	222.623	2.826
28	 4	 1	221.610	2.682
28	 4	 2	220.688	2.479
28	 4	 3	219.584	2.744
28	 4	 4	218.735	2.797
28	 4	 5	217.785	2.732
28	 4	 6	216.836	2.554
28	 4	 7	215.753	2.706
28	 5	 0	222.635	3.050
28	 5	 1	221.647	2.571
28	 5	 2	220.678	2.795
28	 5	 3	219.740	2.798
28	 5	 4	218.837	2.544
28	 5	 5	217.759	2.837
28	 5	 6	216.762	2.779
28	 5	 7	215.783	3.020
28	 6	 0	222.710	2.791
28	 6	 1	221.643	2.568
28	 6	 2	220.679	2.408
28	 6	 3	219.701	2.662
28	 6	 4	218.711	2.737
28	 6	 5	217.755	2.573
28	 6	 6	216.805	2.607
28	 6	 7	215.892	2.877
28	 7	 0	222.744	2.440
28	 7	 1	221.644	2.533
28	 7	 2	220.817	2.305
28	 7	 3	219.564	3.341
28	 7	 4	218.743	2.489
28	 7	 5	217.742	2.579
28	 7	 6	216.890	2.382
28	 7	 7	215.719	2.736
29	 0	 0	214.287	1.080
29	 0	 1	213.237	1.024
29	 0	 2	212.220	1.105
29	 0	 3	211.219	1.011
29	 0	 4	210.325	1.429
29	 0	 5	209.224	1.076
29	 0	 6	208.255	1.001
29	 0	 7	207.162	1.045
29	 1	 0	214.316	1.839
29	 1	 1	213.241	1.239
29	 1	 2	212.290	1.392
29	 1	 3	211.212	1.467
29	 1	 4	210.307	2.114
29	 1	 5	209.228	1.296
29	 1	 6	208.255	1.302
29	 1	 7	207.240	1.202
29	 2	 0	214.294	1.645
29	 2	 1	213.271	1.493
29	 2	 2	212.255	1.516
29	 2	 3	211.240	1.552
29	 2	 4	210.353	1.903
29	 2	 5	209.251	1.615
29	 2	 6	208.189	1.446
29	 2	 7	207.249	1.584
29	 3	 0	214.259	1.937
29	 3	 1	213.290	1.678
29	 3	 2	212.256	1.755
29	 3	 3	211.185	1.888
29	 3	 4	210.292	2.156
29	 3	 5	209.273	1.807
29	 3	 6	208.241	1.757
29	 3	 7	207.252	1.786
29	 4	 0	214.296	1.986
29	 4	 1	213.276	1.855
29	 4	 2	212.259	1.900
29	 4	 3	211.179	1.977
29	 4	 4	210.298	2.065
29	 4	 5	209.132	1.927
29	 4	 6	208.253	1.838
29	 4	 7	207.214	1.795
29	 5	 0	214.364	2.208
29	 5	 1	213.375	1.913
29	 5	 2	212.301	1.834
29	 5	 3	211.268	1.989
29	 5	 4	210.343	2.072
29	 5	 5	209.301	1.910
29	 5	 6	208.235	2.000
29	 5	 7	207.182	2.388
29	 6	 0	214.269	2.223
29	 6	 1	213.283	1.851
29	 6	 2	212.196	1.928
29	 6	 3	211.204	1.968
29	 6	 4	210.315	2.114
29	 6	 5	209.292	1.948
29	 6	 6	208.296	1.799
29	 6	 7	207.221	2.281
29	 7	 0	214.293	1.763
29	 7	 1	213.225	1.687
29	 7	 2	212.314	1.701
29	 7	 3	211.189	2.368
29	 7	 4	210.226	2.110
29	 7	 5	209.232	1.729
29	 7	 6	208.227	1.817
29	 7	 7	207.134	1.991
30	 0	 0	207.659	0.955
30	 0	 1	206.576	0.729
30	 0	 2	205.592	0.941
30	 0	 3	204.527	0.859
30	 0	 4	203.458	1.162
30	 0	 5	202.435	0.828
30	 0	 6	201.421	0.770
30	 0	 7	200.438	0.703
30	 1	 0	207.585	1.549
30	 1	 1	206.554	1.155
30	 1	 2	205.606	1.132
30	 1	 3	204.496	1.164
30	 1	 4	203.392	1.480
30	 1	 5	202.372	0.986
30	 1	 6	201.416	0.945
30	 1	 7	200.459	0.920
30	 2	 0	207.617	1.457
30	 2	 1	206.577	1.240
30	 2	 2	205.571	1.439
30	 2	 3	204.426	1.206
30	 2	 4	203.393	1.404
30	 2	 5	202.401	1.308
30	 2	 6	201.461	1.183
30	 2	 7	200.486	0.959
30	 3	 0	207.559	1.619
30	 3	 1	206.531	1.447
30	 3	 2	205.530	1.325
30	 3	 3	204.442	1.463
30	 3	 4	203.440	1.602
30	 3	 5	202.327	1.443
30	 3	 6	201.439	1.228
30	 3	 7	200.496	1.055
30	 4	 0	207.629	1.675
30	 4	 1	206.583	1.672
30	 4	 2	205.596	1.493
30	 4	 3	204.484	1.685
30	 4	 4	203.416	1.516
30	 4	 5	202.457	1.511
30	 4	 6	201.413	1.267
30	 4	 7	200.453	1.290
30	 5	 0	207.568	1.771
30	 5	 1	206.489	1.574
30	 5	 2	205.597	1.582
30	 5	 3	204.486	1.610
30	 5	 4	203.348	1.556
30	 5	 5	202.295	1.602
30	 5	 6	201.502	1.350
30	 5	 7	200.397	1.605
30	 6	 0	207.637	1.672
30	 6	 1	206.519	1.597
30	 6	 2	205.607	1.519
30	 6	 3	204.459	1.498
30	 6	 4	203.415	1.554
30	 6	 5	202.393	1.647
30	 6	 6	201.520	1.370
30	 6	 7	200.295	1.586
30	 7	 0	207.578	1.521
30	 7	 1	206.527	1.437
30	 7	 2	205.548	1.496
30	 7	 3	204.519	1.922
30	 7	 4	203.385	1.549
30	 7	 5	202.421	1.399
30	 7	 6	201.467	1.297
30	 7	 7	200.445	1.474
31	 0	 0	212.783	0.822
31	 0	 1	211.762	0.788
31	 0	 2	210.727	0.780
31	 0	 3	209.643	0.844
31	 0	 4	208.731	1.208
31	 0	 5	207.741	0.868
31	 0	 6	206.687	0.840
31	 0	 7	205.602	0.822
31	 1	 0	212.808	1.398
31	 1	 1	211.738	1.061
31	 1	 2	210.692	1.086
31	 1	 3	209.673	1.106
31	 1	 4	208.816	1.557
31	 1	 5	207.696	0.999
31	 1	 6	206.704	0.967
31	 1	 7	205.621	1.006
31	 2	 0	212.777	1.221
31	 2	 1	211.802	1.190
31	 2	 2	210.732	1.311
31	 2	 3	209.713	1.296
31	 2	 4	208.750	1.498
31	 2	 5	207.751	1.297
31	 2	 6	206.716	1.199
31	 2	 7	205.692	1.111
31	 3	 0	212.833	1.502
31	 3	 1	211.816	1.252
31	 3	 2	210.804	1.307
31	 3	 3	209.722	1.428
31	 3	 4	208.670	1.549
31	 3	 5	207.721	1.354
31	 3	 6	206.774	1.251
31	 3	 7	205.695	1.302
31	 4	 0	212.824	1.493
31	 4	 1	211.763	1.418
31	 4	 2	210.745	1.496
31	 4	 3	209.673	1.515
31	 4	 4	208.801	1.562
31	 4	 5	207.711	1.516
31	 4	 6	206.715	1.422
31	 4	 7	205.630	1.374
31	 5	 0	212.811	1.683
31	 5	 1	211.811	1.503
31	 5	 2	210.805	1.463
31	 5	 3	209.787	1.627
31	 5	 4	208.788	1.567
31	 5	 5	207.774	1.525
31	 5	 6	206.688	1.448
31	 5	 7	205.688	1.828
31	 6	 0	212.828	1.661
31	 6	 1	211.790	1.489
31	 6	 2	210.711	1.489
31	 6	 3	209.759	1.467
31	 6	 4	208.701	1.588
31	 6	 5	207.760	1.612
31	 6	 6	206.709	1.376
31	 6	 7	205.695	1.689
31	 7	 0	212.859	1.374
31	 7	 1	211.814	1.462
31	 7	 2	210.830	1.436
31	 7	 3	209.734	1.869
31	 7	 4	208.755	1.512
31	 7	 5	207.712	1.427
31	 7	 6	206.765	1.420
31	 7	 7	205.628	1.575
