ch	pt	fine_thr	a_fit	b_fit
 0	 0	 0	228.502	0.383
 0	 0	 1	227.358	0.374
 0	 0	 2	226.335	0.407
 0	 0	 3	225.112	0.414
 0	 0	 4	224.232	0.395
 0	 0	 5	223.090	0.412
 0	 0	 6	222.108	0.362
 0	 0	 7	220.989	0.392
 0	 1	 0	228.532	0.317
 0	 1	 1	227.341	0.336
 0	 1	 2	226.343	0.329
 0	 1	 3	225.146	0.366
 0	 1	 4	224.313	0.313
 0	 1	 5	223.154	0.357
 0	 1	 6	222.130	0.328
 0	 1	 7	220.913	0.347
 0	 2	 0	228.467	0.279
 0	 2	 1	227.369	0.275
 0	 2	 2	226.324	0.308
 0	 2	 3	225.175	0.312
 0	 2	 4	224.271	0.283
 0	 2	 5	223.176	0.342
 0	 2	 6	222.101	0.364
 0	 2	 7	220.891	0.358
 0	 3	 0	228.516	0.254
 0	 3	 1	227.419	0.283
 0	 3	 2	226.431	0.280
 0	 3	 3	225.239	0.425
 0	 3	 4	224.335	0.359
 0	 3	 5	223.183	0.461
 0	 3	 6	222.123	0.464
 0	 3	 7	220.857	0.285
 0	 4	 0	228.518	0.262
 0	 4	 1	227.445	0.288
 0	 4	 2	226.444	0.318
 0	 4	 3	225.318	0.422
 0	 4	 4	224.421	0.400
 0	 4	 5	223.163	0.575
 0	 4	 6	222.265	0.520
 0	 4	 7	220.823	0.287
 0	 5	 0	228.531	0.271
 0	 5	 1	227.463	0.315
 0	 5	 2	226.448	0.328
 0	 5	 3	225.339	0.531
 0	 5	 4	224.419	0.391
 0	 5	 5	223.281	0.541
 0	 5	 6	222.219	0.659
 0	 5	 7	220.841	0.342
 0	 6	 0	228.543	0.256
 0	 6	 1	227.485	0.322
 0	 6	 2	226.495	0.325
 0	 6	 3	225.407	0.456
 0	 6	 4	224.445	0.371
 0	 6	 5	223.298	0.541
 0	 6	 6	222.326	0.554
 0	 6	 7	220.848	0.369
 0	 7	 0	228.540	0.252
 0	 7	 1	227.469	0.303
 0	 7	 2	226.452	0.315
 0	 7	 3	225.352	0.417
 0	 7	 4	224.416	0.333
 0	 7	 5	223.252	0.424
 0	 7	 6	222.214	0.430
 0	 7	 7	220.984	0.465
 1	 0	 0	219.771	0.372
 1	 0	 1	218.728	0.354
 1	 0	 2	217.710	0.380
 1	 0	 3	216.597	0.405
 1	 0	 4	215.635	0.363
 1	 0	 5	214.523	0.394
 1	 0	 6	213.549	0.346
 1	 0	 7	212.399	0.368
 1	 1	 0	219.762	0.316
 1	 1	 1	218.676	0.339
 1	 1	 2	217.714	0.351
 1	 1	 3	216.603	0.342
 1	 1	 4	215.624	0.352
 1	 1	 5	214.508	0.334
 1	 1	 6	213.506	0.306
 1	 1	 7	212.399	0.304
 1	 2	 0	219.764	0.288
 1	 2	 1	218.700	0.296
 1	 2	 2	217.714	0.325
 1	 2	 3	216.566	0.303
 1	 2	 4	215.619	0.324
 1	 2	 5	214.484	0.289
 1	 2	 6	213.498	0.292
 1	 2	 7	212.377	0.290
 1	 3	 0	219.754	0.293
 1	 3	 1	218.762	0.266
 1	 3	 2	217.726	0.296
 1	 3	 3	216.592	0.315
 1	 3	 4	215.600	0.298
 1	 3	 5	214.498	0.290
 1	 3	 6	213.543	0.279
 1	 3	 7	212.323	0.304
 1	 4	 0	219.806	0.264
 1	 4	 1	218.679	0.287
 1	 4	 2	217.661	0.289
 1	 4	 3	216.540	0.307
 1	 4	 4	215.600	0.286
 1	 4	 5	214.549	0.290
 1	 4	 6	213.513	0.275
 1	 4	 7	212.371	0.261
 1	 5	 0	219.781	0.272
 1	 5	 1	218.655	0.281
 1	 5	 2	217.678	0.296
 1	 5	 3	216.552	0.296
 1	 5	 4	215.611	0.285
 1	 5	 5	214.514	0.299
 1	 5	 6	213.492	0.262
 1	 5	 7	212.363	0.282
 1	 6	 0	219.758	0.294
 1	 6	 1	218.681	0.271
 1	 6	 2	217.712	0.306
 1	 6	 3	216.598	0.291
 1	 6	 4	215.591	0.299
 1	 6	 5	214.494	0.297
 1	 6	 6	213.463	0.296
 1	 6	 7	212.329	0.279
 1	 7	 0	219.763	0.296
 1	 7	 1	218.711	0.268
 1	 7	 2	217.711	0.289
 1	 7	 3	216.519	0.302
 1	 7	 4	215.661	0.308
 1	 7	 5	214.500	0.293
 1	 7	 6	213.505	0.281
 1	 7	 7	212.374	0.285
 2	 0	 0	225.796	0.411
 2	 0	 1	224.616	0.407
 2	 0	 2	223.652	0.428
 2	 0	 3	222.515	0.422
 2	 0	 4	221.550	0.418
 2	 0	 5	220.394	0.415
 2	 0	 6	219.431	0.387
 2	 0	 7	218.345	0.346
 2	 1	 0	225.818	0.346
 2	 1	 1	224.601	0.361
 2	 1	 2	223.617	0.357
 2	 1	 3	222.512	0.342
 2	 1	 4	221.547	0.354
 2	 1	 5	220.350	0.354
 2	 1	 6	219.435	0.333
 2	 1	 7	218.329	0.333
 2	 2	 0	225.730	0.336
 2	 2	 1	224.586	0.333
 2	 2	 2	223.602	0.318
 2	 2	 3	222.480	0.329
 2	 2	 4	221.522	0.343
 2	 2	 5	220.422	0.339
 2	 2	 6	219.396	0.319
 2	 2	 7	218.337	0.313
 2	 3	 0	225.760	0.315
 2	 3	 1	224.574	0.319
 2	 3	 2	223.622	0.303
 2	 3	 3	222.474	0.310
 2	 3	 4	221.535	0.307
 2	 3	 5	220.409	0.309
 2	 3	 6	219.411	0.301
 2	 3	 7	218.312	0.301
 2	 4	 0	225.730	0.344
 2	 4	 1	224.585	0.323
 2	 4	 2	223.612	0.318
 2	 4	 3	222.455	0.324
 2	 4	 4	221.529	0.318
 2	 4	 5	220.357	0.328
 2	 4	 6	219.401	0.308
 2	 4	 7	218.295	0.308
 2	 5	 0	225.789	0.306
 2	 5	 1	224.613	0.318
 2	 5	 2	223.624	0.321
 2	 5	 3	222.466	0.311
 2	 5	 4	221.480	0.305
 2	 5	 5	220.339	0.301
 2	 5	 6	219.409	0.304
 2	 5	 7	218.283	0.279
 2	 6	 0	225.731	0.309
 2	 6	 1	224.597	0.296
 2	 6	 2	223.602	0.323
 2	 6	 3	222.455	0.299
 2	 6	 4	221.480	0.301
 2	 6	 5	220.383	0.309
 2	 6	 6	219.434	0.281
 2	 6	 7	218.303	0.277
 2	 7	 0	225.758	0.294
 2	 7	 1	224.575	0.306
 2	 7	 2	223.633	0.311
 2	 7	 3	222.439	0.310
 2	 7	 4	221.536	0.312
 2	 7	 5	220.319	0.293
 2	 7	 6	219.378	0.296
 2	 7	 7	218.274	0.274
 3	 0	 0	222.750	0.434
 3	 0	 1	221.624	0.440
 3	 0	 2	220.568	0.447
 3	 0	 3	219.501	0.419
 3	 0	 4	218.698	0.393
 3	 0	 5	217.553	0.428
 3	 0	 6	216.607	0.397
 3	 0	 7	215.478	0.388
 3	 1	 0	222.703	0.388
 3	 1	 1	221.627	0.358
 3	 1	 2	220.600	0.399
 3	 1	 3	219.469	0.347
 3	 1	 4	218.617	0.359
 3	 1	 5	217.594	0.355
 3	 1	 6	216.641	0.343
 3	 1	 7	215.444	0.350
 3	 2	 0	222.707	0.354
 3	 2	 1	221.665	0.333
 3	 2	 2	220.609	0.359
 3	 2	 3	219.491	0.364
 3	 2	 4	218.641	0.324
 3	 2	 5	217.591	0.331
 3	 2	 6	216.579	0.339
 3	 2	 7	215.473	0.335
 3	 3	 0	222.654	0.325
 3	 3	 1	221.633	0.342
 3	 3	 2	220.638	0.349
 3	 3	 3	219.450	0.326
 3	 3	 4	218.618	0.331
 3	 3	 5	217.511	0.323
 3	 3	 6	216.560	0.333
 3	 3	 7	215.490	0.315
 3	 4	 0	222.691	0.329
 3	 4	 1	221.609	0.338
 3	 4	 2	220.621	0.330
 3	 4	 3	219.466	0.305
 3	 4	 4	218.616	0.317
 3	 4	 5	217.511	0.321
 3	 4	 6	216.612	0.312
 3	 4	 7	215.391	0.316
 3	 5	 0	222.711	0.310
 3	 5	 1	221.546	0.324
 3	 5	 2	220.572	0.318
 3	 5	 3	219.450	0.325
 3	 5	 4	218.611	0.320
 3	 5	 5	217.492	0.296
 3	 5	 6	216.543	0.302
 3	 5	 7	215.386	0.316
 3	 6	 0	222.686	0.312
 3	 6	 1	221.500	0.299
 3	 6	 2	220.598	0.315
 3	 6	 3	219.423	0.307
 3	 6	 4	218.554	0.304
 3	 6	 5	217.563	0.299
 3	 6	 6	216.598	0.308
 3	 6	 7	215.359	0.335
 3	 7	 0	222.714	0.312
 3	 7	 1	221.534	0.305
 3	 7	 2	220.572	0.320
 3	 7	 3	219.417	0.303
 3	 7	 4	218.633	0.284
 3	 7	 5	217.550	0.288
 3	 7	 6	216.549	0.334
 3	 7	 7	215.392	0.302
 4	 0	 0	220.995	0.489
 4	 0	 1	219.908	0.493
 4	 0	 2	218.965	0.522
 4	 0	 3	217.933	0.494
 4	 0	 4	216.971	0.490
 4	 0	 5	215.848	0.509
 4	 0	 6	214.940	0.438
 4	 0	 7	213.831	0.384
 4	 1	 0	221.062	0.458
 4	 1	 1	219.909	0.406
 4	 1	 2	218.962	0.422
 4	 1	 3	217.885	0.392
 4	 1	 4	216.902	0.433
 4	 1	 5	215.876	0.441
 4	 1	 6	214.948	0.355
 4	 1	 7	213.845	0.357
 4	 2	 0	221.001	0.394
 4	 2	 1	219.892	0.339
 4	 2	 2	218.935	0.372
 4	 2	 3	217.876	0.375
 4	 2	 4	216.922	0.344
 4	 2	 5	215.832	0.374
 4	 2	 6	214.895	0.371
 4	 2	 7	213.809	0.329
 4	 3	 0	220.977	0.372
 4	 3	 1	219.852	0.331
 4	 3	 2	218.894	0.339
 4	 3	 3	217.894	0.355
 4	 3	 4	216.937	0.268
 4	 3	 5	215.832	0.345
 4	 3	 6	214.908	0.294
 4	 3	 7	213.786	0.338
 4	 4	 0	220.996	0.371
 4	 4	 1	219.909	0.365
 4	 4	 2	218.954	0.308
 4	 4	 3	217.906	0.340
 4	 4	 4	216.925	0.342
 4	 4	 5	215.841	0.335
 4	 4	 6	214.905	0.316
 4	 4	 7	213.744	0.309
 4	 5	 0	220.996	0.325
 4	 5	 1	219.882	0.343
 4	 5	 2	218.943	0.306
 4	 5	 3	217.824	0.311
 4	 5	 4	216.944	0.325
 4	 5	 5	215.845	0.344
 4	 5	 6	214.894	0.326
 4	 5	 7	213.737	0.293
 4	 6	 0	220.998	0.324
 4	 6	 1	219.872	0.329
 4	 6	 2	218.861	0.314
 4	 6	 3	217.839	0.293
 4	 6	 4	216.972	0.339
 4	 6	 5	215.880	0.322
 4	 6	 6	214.933	0.263
 4	 6	 7	213.772	0.300
 4	 7	 0	220.992	0.347
 4	 7	 1	219.887	0.308
 4	 7	 2	218.899	0.348
 4	 7	 3	217.834	0.332
 4	 7	 4	216.914	0.297
 4	 7	 5	215.842	0.318
 4	 7	 6	214.911	0.342
 4	 7	 7	213.748	0.282
 5	 0	 0	223.121	0.518
 5	 0	 1	222.096	0.546
 5	 0	 2	220.967	0.517
 5	 0	 3	219.937	0.494
 5	 0	 4	219.065	0.494
 5	 0	 5	218.001	0.550
 5	 0	 6	217.034	0.409
 5	 0	 7	215.898	0.419
 5	 1	 0	223.131	0.461
 5	 1	 1	222.048	0.448
 5	 1	 2	221.038	0.458
 5	 1	 3	219.912	0.459
 5	 1	 4	219.055	0.454
 5	 1	 5	217.997	0.446
 5	 1	 6	217.042	0.352
 5	 1	 7	215.903	0.372
 5	 2	 0	223.147	0.385
 5	 2	 1	222.033	0.394
 5	 2	 2	221.040	0.357
 5	 2	 3	219.926	0.386
 5	 2	 4	219.012	0.389
 5	 2	 5	217.997	0.370
 5	 2	 6	216.989	0.350
 5	 2	 7	215.865	0.326
 5	 3	 0	223.146	0.334
 5	 3	 1	222.026	0.341
 5	 3	 2	221.018	0.366
 5	 3	 3	219.902	0.341
 5	 3	 4	219.004	0.347
 5	 3	 5	218.007	0.326
 5	 3	 6	217.004	0.324
 5	 3	 7	215.863	0.314
 5	 4	 0	223.143	0.334
 5	 4	 1	222.038	0.329
 5	 4	 2	221.040	0.341
 5	 4	 3	219.910	0.304
 5	 4	 4	219.060	0.342
 5	 4	 5	217.994	0.364
 5	 4	 6	217.002	0.324
 5	 4	 7	215.870	0.338
 5	 5	 0	223.130	0.316
 5	 5	 1	222.045	0.311
 5	 5	 2	221.051	0.340
 5	 5	 3	219.912	0.316
 5	 5	 4	219.026	0.310
 5	 5	 5	217.990	0.270
 5	 5	 6	216.996	0.277
 5	 5	 7	215.859	0.324
 5	 6	 0	223.102	0.292
 5	 6	 1	221.967	0.312
 5	 6	 2	221.047	0.308
 5	 6	 3	219.909	0.268
 5	 6	 4	219.028	0.284
 5	 6	 5	217.981	0.270
 5	 6	 6	216.999	0.277
 5	 6	 7	215.858	0.312
 5	 7	 0	223.123	0.285
 5	 7	 1	221.993	0.271
 5	 7	 2	221.055	0.339
 5	 7	 3	219.894	0.336
 5	 7	 4	219.058	0.278
 5	 7	 5	217.967	0.312
 5	 7	 6	216.994	0.277
 5	 7	 7	215.854	0.322
 6	 0	 0	224.068	0.606
 6	 0	 1	222.994	0.585
 6	 0	 2	221.992	0.604
 6	 0	 3	220.826	0.578
 6	 0	 4	219.929	0.572
 6	 0	 5	218.570	0.516
 6	 0	 6	217.724	0.446
 6	 0	 7	216.607	0.500
 6	 1	 0	224.085	0.477
 6	 1	 1	222.930	0.495
 6	 1	 2	221.941	0.513
 6	 1	 3	220.755	0.505
 6	 1	 4	219.661	0.428
 6	 1	 5	218.575	0.415
 6	 1	 6	217.718	0.363
 6	 1	 7	216.593	0.369
 6	 2	 0	224.054	0.433
 6	 2	 1	222.898	0.452
 6	 2	 2	222.012	0.478
 6	 2	 3	220.786	0.425
 6	 2	 4	219.682	0.427
 6	 2	 5	218.592	0.366
 6	 2	 6	217.689	0.339
 6	 2	 7	216.560	0.345
 6	 3	 0	224.070	0.413
 6	 3	 1	222.982	0.452
 6	 3	 2	221.925	0.415
 6	 3	 3	220.796	0.380
 6	 3	 4	219.651	0.377
 6	 3	 5	218.547	0.354
 6	 3	 6	217.660	0.334
 6	 3	 7	216.580	0.340
 6	 4	 0	224.068	0.395
 6	 4	 1	222.914	0.377
 6	 4	 2	221.919	0.372
 6	 4	 3	220.815	0.371
 6	 4	 4	219.607	0.352
 6	 4	 5	218.550	0.328
 6	 4	 6	217.670	0.305
 6	 4	 7	216.616	0.314
 6	 5	 0	224.060	0.329
 6	 5	 1	222.897	0.351
 6	 5	 2	221.957	0.334
 6	 5	 3	220.833	0.332
 6	 5	 4	219.634	0.332
 6	 5	 5	218.583	0.303
 6	 5	 6	217.674	0.321
 6	 5	 7	216.594	0.311
 6	 6	 0	224.070	0.308
 6	 6	 1	222.930	0.337
 6	 6	 2	221.936	0.324
 6	 6	 3	220.827	0.355
 6	 6	 4	219.646	0.305
 6	 6	 5	218.611	0.291
 6	 6	 6	217.663	0.289
 6	 6	 7	216.500	0.311
 6	 7	 0	224.118	0.332
 6	 7	 1	222.948	0.345
 6	 7	 2	221.980	0.269
 6	 7	 3	220.822	0.310
 6	 7	 4	219.655	0.313
 6	 7	 5	218.578	0.312
 6	 7	 6	217.685	0.308
 6	 7	 7	216.578	0.316
 7	 0	 0	226.279	0.640
 7	 0	 1	225.191	0.643
 7	 0	 2	224.368	0.586
 7	 0	 3	223.123	0.674
 7	 0	 4	222.325	0.632
 7	 0	 5	221.124	0.690
 7	 0	 6	220.259	0.527
 7	 0	 7	219.112	0.507
 7	 1	 0	226.299	0.484
 7	 1	 1	225.233	0.520
 7	 1	 2	224.234	0.511
 7	 1	 3	223.151	0.570
 7	 1	 4	222.271	0.532
 7	 1	 5	221.138	0.573
 7	 1	 6	220.168	0.465
 7	 1	 7	219.082	0.409
 7	 2	 0	226.324	0.481
 7	 2	 1	225.223	0.447
 7	 2	 2	224.298	0.456
 7	 2	 3	223.158	0.493
 7	 2	 4	222.256	0.434
 7	 2	 5	221.105	0.515
 7	 2	 6	220.158	0.383
 7	 2	 7	219.061	0.380
 7	 3	 0	226.373	0.451
 7	 3	 1	225.121	0.441
 7	 3	 2	224.251	0.454
 7	 3	 3	223.105	0.465
 7	 3	 4	222.219	0.420
 7	 3	 5	221.059	0.467
 7	 3	 6	220.136	0.359
 7	 3	 7	219.054	0.367
 7	 4	 0	226.306	0.381
 7	 4	 1	225.160	0.408
 7	 4	 2	224.222	0.393
 7	 4	 3	223.103	0.451
 7	 4	 4	222.155	0.370
 7	 4	 5	221.099	0.365
 7	 4	 6	220.118	0.343
 7	 4	 7	219.038	0.352
 7	 5	 0	226.361	0.384
 7	 5	 1	225.160	0.350
 7	 5	 2	224.220	0.335
 7	 5	 3	223.059	0.396
 7	 5	 4	222.209	0.364
 7	 5	 5	221.117	0.358
 7	 5	 6	220.115	0.362
 7	 5	 7	219.023	0.362
 7	 6	 0	226.261	0.332
 7	 6	 1	225.089	0.331
 7	 6	 2	224.201	0.364
 7	 6	 3	223.120	0.388
 7	 6	 4	222.243	0.361
 7	 6	 5	221.121	0.320
 7	 6	 6	220.155	0.320
 7	 6	 7	219.008	0.349
 7	 7	 0	226.298	0.365
 7	 7	 1	225.257	0.346
 7	 7	 2	224.221	0.355
 7	 7	 3	223.107	0.362
 7	 7	 4	222.180	0.353
 7	 7	 5	221.088	0.323
 7	 7	 6	220.189	0.306
 7	 7	 7	219.015	0.305
 8	 0	 0	217.788	0.674
 8	 0	 1	216.561	0.667
 8	 0	 2	215.651	0.641
 8	 0	 3	214.543	0.663
 8	 0	 4	213.592	0.600
 8	 0	 5	212.532	0.622
 8	 0	 6	211.529	0.511
 8	 0	 7	210.444	0.526
 8	 1	 0	217.742	0.571
 8	 1	 1	216.590	0.542
 8	 1	 2	215.570	0.544
 8	 1	 3	214.481	0.541
 8	 1	 4	213.526	0.519
 8	 1	 5	212.501	0.566
 8	 1	 6	211.531	0.470
 8	 1	 7	210.338	0.476
 8	 2	 0	217.653	0.493
 8	 2	 1	216.564	0.522
 8	 2	 2	215.592	0.493
 8	 2	 3	214.457	0.517
 8	 2	 4	213.551	0.499
 8	 2	 5	212.475	0.514
 8	 2	 6	211.481	0.431
 8	 2	 7	210.318	0.446
 8	 3	 0	217.620	0.509
 8	 3	 1	216.536	0.446
 8	 3	 2	215.551	0.506
 8	 3	 3	214.436	0.517
 8	 3	 4	213.548	0.495
 8	 3	 5	212.416	0.511
 8	 3	 6	211.456	0.413
 8	 3	 7	210.342	0.455
 8	 4	 0	217.694	0.479
 8	 4	 1	216.553	0.502
 8	 4	 2	215.571	0.501
 8	 4	 3	214.505	0.492
 8	 4	 4	213.504	0.475
 8	 4	 5	212.416	0.478
 8	 4	 6	211.475	0.456
 8	 4	 7	210.327	0.461
 8	 5	 0	217.628	0.469
 8	 5	 1	216.528	0.493
 8	 5	 2	215.522	0.458
 8	 5	 3	214.414	0.536
 8	 5	 4	213.524	0.489
 8	 5	 5	212.423	0.470
 8	 5	 6	211.402	0.442
 8	 5	 7	210.333	0.452
 8	 6	 0	217.595	0.498
 8	 6	 1	216.518	0.485
 8	 6	 2	215.546	0.506
 8	 6	 3	214.432	0.511
 8	 6	 4	213.511	0.489
 8	 6	 5	212.358	0.503
 8	 6	 6	211.419	0.486
 8	 6	 7	210.288	0.490
 8	 7	 0	217.621	0.487
 8	 7	 1	216.521	0.537
 8	 7	 2	215.507	0.506
 8	 7	 3	214.409	0.520
 8	 7	 4	213.539	0.479
 8	 7	 5	212.388	0.512
 8	 7	 6	211.360	0.519
 8	 7	 7	210.235	0.484
 9	 0	 0	224.155	0.587
 9	 0	 1	222.989	0.596
 9	 0	 2	222.094	0.591
 9	 0	 3	220.967	0.600
 9	 0	 4	220.046	0.597
 9	 0	 5	219.016	0.621
 9	 0	 6	218.090	0.461
 9	 0	 7	216.947	0.445
 9	 1	 0	224.113	0.498
 9	 1	 1	222.989	0.514
 9	 1	 2	222.034	0.537
 9	 1	 3	220.894	0.529
 9	 1	 4	220.000	0.534
 9	 1	 5	218.961	0.508
 9	 1	 6	218.076	0.405
 9	 1	 7	216.963	0.395
 9	 2	 0	224.132	0.443
 9	 2	 1	222.988	0.479
 9	 2	 2	222.029	0.504
 9	 2	 3	220.917	0.472
 9	 2	 4	220.004	0.504
 9	 2	 5	218.961	0.468
 9	 2	 6	218.052	0.378
 9	 2	 7	216.967	0.387
 9	 3	 0	224.108	0.465
 9	 3	 1	222.974	0.468
 9	 3	 2	222.052	0.446
 9	 3	 3	220.899	0.444
 9	 3	 4	220.044	0.436
 9	 3	 5	218.945	0.450
 9	 3	 6	218.018	0.349
 9	 3	 7	216.940	0.411
 9	 4	 0	224.089	0.469
 9	 4	 1	222.953	0.439
 9	 4	 2	222.012	0.440
 9	 4	 3	220.885	0.439
 9	 4	 4	220.061	0.465
 9	 4	 5	218.904	0.486
 9	 4	 6	218.004	0.419
 9	 4	 7	216.927	0.407
 9	 5	 0	224.066	0.461
 9	 5	 1	222.968	0.447
 9	 5	 2	221.992	0.464
 9	 5	 3	220.901	0.454
 9	 5	 4	220.002	0.461
 9	 5	 5	218.914	0.399
 9	 5	 6	218.014	0.426
 9	 5	 7	216.941	0.460
 9	 6	 0	224.051	0.501
 9	 6	 1	222.971	0.484
 9	 6	 2	222.012	0.472
 9	 6	 3	220.883	0.468
 9	 6	 4	220.027	0.462
 9	 6	 5	218.868	0.405
 9	 6	 6	217.994	0.415
 9	 6	 7	216.882	0.499
 9	 7	 0	224.065	0.519
 9	 7	 1	223.002	0.501
 9	 7	 2	222.028	0.480
 9	 7	 3	220.906	0.511
 9	 7	 4	219.975	0.493
 9	 7	 5	218.897	0.469
 9	 7	 6	218.048	0.501
 9	 7	 7	216.913	0.514
10	 0	 0	224.553	0.496
10	 0	 1	223.442	0.484
10	 0	 2	222.406	0.464
10	 0	 3	221.211	0.556
10	 0	 4	220.278	0.551
10	 0	 5	219.200	0.534
10	 0	 6	218.206	0.442
10	 0	 7	217.011	0.458
10	 1	 0	224.547	0.450
10	 1	 1	223.406	0.443
10	 1	 2	222.362	0.428
10	 1	 3	221.192	0.472
10	 1	 4	220.289	0.446
10	 1	 5	219.103	0.488
10	 1	 6	218.194	0.367
10	 1	 7	217.028	0.377
10	 2	 0	224.523	0.432
10	 2	 1	223.390	0.436
10	 2	 2	222.432	0.431
10	 2	 3	221.212	0.414
10	 2	 4	220.254	0.401
10	 2	 5	219.201	0.412
10	 2	 6	218.155	0.399
10	 2	 7	217.078	0.370
10	 3	 0	224.557	0.406
10	 3	 1	223.361	0.406
10	 3	 2	222.350	0.411
10	 3	 3	221.164	0.415
10	 3	 4	220.232	0.399
10	 3	 5	219.104	0.422
10	 3	 6	218.098	0.411
10	 3	 7	216.975	0.373
10	 4	 0	224.523	0.415
10	 4	 1	223.343	0.411
10	 4	 2	222.342	0.410
10	 4	 3	221.205	0.413
10	 4	 4	220.222	0.435
10	 4	 5	219.113	0.476
10	 4	 6	218.068	0.405
10	 4	 7	216.978	0.410
10	 5	 0	224.514	0.432
10	 5	 1	223.364	0.463
10	 5	 2	222.305	0.466
10	 5	 3	221.208	0.418
10	 5	 4	220.228	0.479
10	 5	 5	219.079	0.438
10	 5	 6	218.045	0.414
10	 5	 7	216.973	0.410
10	 6	 0	224.505	0.489
10	 6	 1	223.313	0.489
10	 6	 2	222.319	0.466
10	 6	 3	221.110	0.502
10	 6	 4	220.251	0.456
10	 6	 5	219.059	0.452
10	 6	 6	218.051	0.446
10	 6	 7	216.952	0.469
10	 7	 0	224.479	0.528
10	 7	 1	223.340	0.477
10	 7	 2	222.309	0.478
10	 7	 3	221.130	0.489
10	 7	 4	220.231	0.510
10	 7	 5	219.095	0.499
10	 7	 6	218.065	0.473
10	 7	 7	216.999	0.464
11	 0	 0	224.283	0.494
11	 0	 1	223.229	0.494
11	 0	 2	222.245	0.457
11	 0	 3	221.044	0.563
11	 0	 4	220.061	0.526
11	 0	 5	218.929	0.490
11	 0	 6	218.021	0.385
11	 0	 7	216.874	0.419
11	 1	 0	224.298	0.401
11	 1	 1	223.160	0.442
11	 1	 2	222.153	0.464
11	 1	 3	220.994	0.457
11	 1	 4	220.027	0.463
11	 1	 5	218.944	0.456
11	 1	 6	218.054	0.352
11	 1	 7	216.861	0.325
11	 2	 0	224.251	0.392
11	 2	 1	223.147	0.437
11	 2	 2	222.127	0.428
11	 2	 3	220.968	0.402
11	 2	 4	220.014	0.443
11	 2	 5	218.916	0.402
11	 2	 6	217.966	0.307
11	 2	 7	216.842	0.367
11	 3	 0	224.247	0.430
11	 3	 1	223.135	0.384
11	 3	 2	222.150	0.424
11	 3	 3	220.929	0.397
11	 3	 4	220.011	0.397
11	 3	 5	218.890	0.365
11	 3	 6	217.995	0.388
11	 3	 7	216.851	0.372
11	 4	 0	224.246	0.422
11	 4	 1	223.141	0.426
11	 4	 2	222.119	0.386
11	 4	 3	220.980	0.381
11	 4	 4	220.007	0.393
11	 4	 5	218.984	0.419
11	 4	 6	218.011	0.377
11	 4	 7	216.815	0.411
11	 5	 0	224.241	0.425
11	 5	 1	223.146	0.442
11	 5	 2	222.093	0.445
11	 5	 3	220.929	0.428
11	 5	 4	220.036	0.424
11	 5	 5	218.862	0.373
11	 5	 6	217.963	0.376
11	 5	 7	216.807	0.401
11	 6	 0	224.297	0.420
11	 6	 1	223.150	0.434
11	 6	 2	222.133	0.464
11	 6	 3	220.946	0.431
11	 6	 4	219.996	0.430
11	 6	 5	218.895	0.355
11	 6	 6	217.960	0.438
11	 6	 7	216.824	0.469
11	 7	 0	224.248	0.475
11	 7	 1	223.158	0.441
11	 7	 2	222.124	0.465
11	 7	 3	220.910	0.449
11	 7	 4	219.971	0.455
11	 7	 5	218.882	0.432
11	 7	 6	217.977	0.412
11	 7	 7	216.875	0.484
12	 0	 0	224.858	0.455
12	 0	 1	223.717	0.445
12	 0	 2	222.746	0.436
12	 0	 3	221.601	0.467
12	 0	 4	220.671	0.444
12	 0	 5	219.552	0.420
12	 0	 6	218.598	0.403
12	 0	 7	217.526	0.358
12	 1	 0	224.874	0.414
12	 1	 1	223.716	0.412
12	 1	 2	222.726	0.426
12	 1	 3	221.599	0.412
12	 1	 4	220.673	0.418
12	 1	 5	219.506	0.393
12	 1	 6	218.572	0.358
12	 1	 7	217.477	0.349
12	 2	 0	224.856	0.390
12	 2	 1	223.687	0.410
12	 2	 2	222.732	0.421
12	 2	 3	221.576	0.378
12	 2	 4	220.706	0.387
12	 2	 5	219.514	0.378
12	 2	 6	218.614	0.346
12	 2	 7	217.455	0.349
12	 3	 0	224.863	0.394
12	 3	 1	223.671	0.391
12	 3	 2	222.759	0.380
12	 3	 3	221.547	0.389
12	 3	 4	220.647	0.396
12	 3	 5	219.501	0.369
12	 3	 6	218.596	0.371
12	 3	 7	217.427	0.376
12	 4	 0	224.863	0.406
12	 4	 1	223.657	0.406
12	 4	 2	222.691	0.405
12	 4	 3	221.556	0.411
12	 4	 4	220.650	0.386
12	 4	 5	219.504	0.402
12	 4	 6	218.576	0.369
12	 4	 7	217.461	0.417
12	 5	 0	224.834	0.460
12	 5	 1	223.626	0.462
12	 5	 2	222.696	0.426
12	 5	 3	221.551	0.435
12	 5	 4	220.612	0.438
12	 5	 5	219.495	0.430
12	 5	 6	218.589	0.423
12	 5	 7	217.435	0.401
12	 6	 0	224.814	0.458
12	 6	 1	223.634	0.475
12	 6	 2	222.699	0.468
12	 6	 3	221.537	0.469
12	 6	 4	220.657	0.454
12	 6	 5	219.411	0.478
12	 6	 6	218.567	0.460
12	 6	 7	217.453	0.461
12	 7	 0	224.863	0.507
12	 7	 1	223.624	0.470
12	 7	 2	222.734	0.494
12	 7	 3	221.513	0.491
12	 7	 4	220.637	0.499
12	 7	 5	219.456	0.492
12	 7	 6	218.537	0.479
12	 7	 7	217.418	0.454
13	 0	 0	213.330	0.405
13	 0	 1	212.240	0.441
13	 0	 2	211.210	0.464
13	 0	 3	210.049	0.463
13	 0	 4	209.130	0.434
13	 0	 5	207.953	0.490
13	 0	 6	206.945	0.404
13	 0	 7	205.791	0.377
13	 1	 0	213.307	0.377
13	 1	 1	212.181	0.392
13	 1	 2	211.188	0.445
13	 1	 3	210.029	0.422
13	 1	 4	209.040	0.404
13	 1	 5	207.931	0.399
13	 1	 6	206.922	0.366
13	 1	 7	205.760	0.378
13	 2	 0	213.378	0.402
13	 2	 1	212.227	0.365
13	 2	 2	211.171	0.403
13	 2	 3	210.029	0.415
13	 2	 4	209.079	0.411
13	 2	 5	207.968	0.416
13	 2	 6	206.902	0.389
13	 2	 7	205.656	0.382
13	 3	 0	213.325	0.422
13	 3	 1	212.129	0.405
13	 3	 2	211.172	0.408
13	 3	 3	209.989	0.435
13	 3	 4	209.087	0.427
13	 3	 5	207.898	0.409
13	 3	 6	206.908	0.372
13	 3	 7	205.744	0.386
13	 4	 0	213.312	0.423
13	 4	 1	212.197	0.448
13	 4	 2	211.200	0.422
13	 4	 3	210.012	0.450
13	 4	 4	209.077	0.431
13	 4	 5	207.912	0.410
13	 4	 6	206.938	0.447
13	 4	 7	205.761	0.465
13	 5	 0	213.327	0.449
13	 5	 1	212.174	0.492
13	 5	 2	211.197	0.457
13	 5	 3	210.043	0.506
13	 5	 4	209.093	0.486
13	 5	 5	207.906	0.473
13	 5	 6	206.904	0.467
13	 5	 7	205.803	0.475
13	 6	 0	213.385	0.510
13	 6	 1	212.206	0.532
13	 6	 2	211.216	0.541
13	 6	 3	210.040	0.503
13	 6	 4	209.107	0.548
13	 6	 5	207.966	0.510
13	 6	 6	206.935	0.505
13	 6	 7	205.768	0.547
13	 7	 0	213.360	0.524
13	 7	 1	212.216	0.537
13	 7	 2	211.242	0.554
13	 7	 3	210.105	0.503
13	 7	 4	209.114	0.538
13	 7	 5	207.884	0.560
13	 7	 6	206.902	0.538
13	 7	 7	205.804	0.569
14	 0	 0	220.785	0.424
14	 0	 1	219.682	0.387
14	 0	 2	218.692	0.398
14	 0	 3	217.589	0.379
14	 0	 4	216.775	0.432
14	 0	 5	215.583	0.397
14	 0	 6	214.642	0.367
14	 0	 7	213.516	0.392
14	 1	 0	220.777	0.423
14	 1	 1	219.643	0.370
14	 1	 2	218.678	0.369
14	 1	 3	217.630	0.360
14	 1	 4	216.725	0.406
14	 1	 5	215.581	0.386
14	 1	 6	214.611	0.386
14	 1	 7	213.480	0.324
14	 2	 0	220.755	0.371
14	 2	 1	219.629	0.392
14	 2	 2	218.698	0.383
14	 2	 3	217.600	0.399
14	 2	 4	216.717	0.420
14	 2	 5	215.537	0.397
14	 2	 6	214.605	0.375
14	 2	 7	213.444	0.356
14	 3	 0	220.765	0.391
14	 3	 1	219.619	0.367
14	 3	 2	218.661	0.383
14	 3	 3	217.615	0.404
14	 3	 4	216.664	0.406
14	 3	 5	215.564	0.450
14	 3	 6	214.590	0.414
14	 3	 7	213.468	0.388
14	 4	 0	220.753	0.439
14	 4	 1	219.559	0.431
14	 4	 2	218.696	0.425
14	 4	 3	217.590	0.422
14	 4	 4	216.676	0.442
14	 4	 5	215.543	0.428
14	 4	 6	214.595	0.434
14	 4	 7	213.461	0.413
14	 5	 0	220.802	0.475
14	 5	 1	219.591	0.451
14	 5	 2	218.686	0.434
14	 5	 3	217.572	0.454
14	 5	 4	216.714	0.501
14	 5	 5	215.538	0.466
14	 5	 6	214.555	0.490
14	 5	 7	213.446	0.458
14	 6	 0	220.736	0.498
14	 6	 1	219.595	0.475
14	 6	 2	218.685	0.499
14	 6	 3	217.613	0.513
14	 6	 4	216.721	0.525
14	 6	 5	215.522	0.493
14	 6	 6	214.526	0.509
14	 6	 7	213.426	0.504
14	 7	 0	220.692	0.528
14	 7	 1	219.588	0.551
14	 7	 2	218.658	0.513
14	 7	 3	217.552	0.517
14	 7	 4	216.690	0.596
14	 7	 5	215.541	0.581
14	 7	 6	214.562	0.516
14	 7	 7	213.425	0.523
15	 0	 0	219.275	0.377
15	 0	 1	218.195	0.397
15	 0	 2	217.238	0.382
15	 0	 3	216.148	0.429
15	 0	 4	215.134	0.397
15	 0	 5	213.959	0.417
15	 0	 6	213.010	0.355
15	 0	 7	211.902	0.409
15	 1	 0	219.196	0.376
15	 1	 1	218.158	0.388
15	 1	 2	217.228	0.364
15	 1	 3	216.134	0.406
15	 1	 4	215.107	0.373
15	 1	 5	213.952	0.398
15	 1	 6	212.967	0.356
15	 1	 7	211.853	0.340
15	 2	 0	219.272	0.365
15	 2	 1	218.140	0.343
15	 2	 2	217.202	0.385
15	 2	 3	216.087	0.379
15	 2	 4	215.071	0.381
15	 2	 5	213.934	0.399
15	 2	 6	212.932	0.391
15	 2	 7	211.879	0.389
15	 3	 0	219.217	0.385
15	 3	 1	218.185	0.375
15	 3	 2	217.199	0.408
15	 3	 3	216.079	0.426
15	 3	 4	215.062	0.419
15	 3	 5	213.862	0.386
15	 3	 6	212.968	0.417
15	 3	 7	211.829	0.426
15	 4	 0	219.223	0.432
15	 4	 1	218.130	0.441
15	 4	 2	217.224	0.422
15	 4	 3	216.079	0.473
15	 4	 4	215.073	0.459
15	 4	 5	213.920	0.437
15	 4	 6	212.952	0.424
15	 4	 7	211.804	0.437
15	 5	 0	219.279	0.506
15	 5	 1	218.189	0.453
15	 5	 2	217.200	0.510
15	 5	 3	216.053	0.518
15	 5	 4	215.068	0.493
15	 5	 5	213.890	0.456
15	 5	 6	212.919	0.488
15	 5	 7	211.846	0.493
15	 6	 0	219.232	0.518
15	 6	 1	218.165	0.481
15	 6	 2	217.126	0.542
15	 6	 3	216.086	0.564
15	 6	 4	215.051	0.549
15	 6	 5	213.951	0.561
15	 6	 6	212.992	0.528
15	 6	 7	211.817	0.551
15	 7	 0	219.235	0.543
15	 7	 1	218.188	0.559
15	 7	 2	217.234	0.579
15	 7	 3	216.067	0.603
15	 7	 4	215.032	0.573
15	 7	 5	213.906	0.568
15	 7	 6	212.926	0.555
15	 7	 7	211.839	0.592
16	 0	 0	214.944	0.515
16	 0	 1	213.874	0.492
16	 0	 2	213.049	0.495
16	 0	 3	211.914	0.509
16	 0	 4	211.001	0.532
16	 0	 5	209.845	0.464
16	 0	 6	208.983	0.411
16	 0	 7	207.847	0.398
16	 1	 0	215.016	0.462
16	 1	 1	213.824	0.409
16	 1	 2	213.009	0.430
16	 1	 3	211.863	0.441
16	 1	 4	211.039	0.455
16	 1	 5	209.868	0.451
16	 1	 6	209.003	0.377
16	 1	 7	207.875	0.369
16	 2	 0	214.949	0.391
16	 2	 1	213.856	0.404
16	 2	 2	212.957	0.403
16	 2	 3	211.900	0.388
16	 2	 4	211.001	0.393
16	 2	 5	209.823	0.419
16	 2	 6	208.936	0.346
16	 2	 7	207.749	0.337
16	 3	 0	215.020	0.384
16	 3	 1	213.842	0.392
16	 3	 2	212.979	0.397
16	 3	 3	211.929	0.368
16	 3	 4	211.012	0.388
16	 3	 5	209.854	0.389
16	 3	 6	208.974	0.359
16	 3	 7	207.769	0.330
16	 4	 0	214.977	0.391
16	 4	 1	213.856	0.333
16	 4	 2	212.970	0.369
16	 4	 3	211.914	0.377
16	 4	 4	210.988	0.416
16	 4	 5	209.856	0.369
16	 4	 6	209.004	0.357
16	 4	 7	207.784	0.347
16	 5	 0	214.968	0.396
16	 5	 1	213.885	0.369
16	 5	 2	212.996	0.362
16	 5	 3	211.897	0.316
16	 5	 4	211.006	0.415
16	 5	 5	209.855	0.313
16	 5	 6	209.024	0.341
16	 5	 7	207.812	0.349
16	 6	 0	214.974	0.388
16	 6	 1	213.886	0.311
16	 6	 2	212.970	0.379
16	 6	 3	211.902	0.375
16	 6	 4	210.952	0.350
16	 6	 5	209.914	0.350
16	 6	 6	209.019	0.363
16	 6	 7	207.859	0.350
16	 7	 0	214.948	0.354
16	 7	 1	213.905	0.354
16	 7	 2	212.996	0.348
16	 7	 3	211.917	0.376
16	 7	 4	210.997	0.371
16	 7	 5	209.851	0.360
16	 7	 6	208.977	0.385
16	 7	 7	207.815	0.356
17	 0	 0	219.526	0.419
17	 0	 1	218.513	0.425
17	 0	 2	217.638	0.419
17	 0	 3	216.552	0.427
17	 0	 4	215.653	0.423
17	 0	 5	214.511	0.435
17	 0	 6	213.601	0.357
17	 0	 7	212.553	0.358
17	 1	 0	219.562	0.375
17	 1	 1	218.528	0.380
17	 1	 2	217.600	0.404
17	 1	 3	216.547	0.384
17	 1	 4	215.577	0.387
17	 1	 5	214.531	0.374
17	 1	 6	213.586	0.358
17	 1	 7	212.525	0.364
17	 2	 0	219.549	0.341
17	 2	 1	218.537	0.345
17	 2	 2	217.581	0.386
17	 2	 3	216.532	0.355
17	 2	 4	215.580	0.381
17	 2	 5	214.517	0.380
17	 2	 6	213.571	0.308
17	 2	 7	212.561	0.314
17	 3	 0	219.535	0.350
17	 3	 1	218.561	0.325
17	 3	 2	217.627	0.348
17	 3	 3	216.509	0.373
17	 3	 4	215.601	0.368
17	 3	 5	214.501	0.365
17	 3	 6	213.609	0.300
17	 3	 7	212.523	0.331
17	 4	 0	219.559	0.340
17	 4	 1	218.491	0.341
17	 4	 2	217.543	0.314
17	 4	 3	216.492	0.358
17	 4	 4	215.608	0.350
17	 4	 5	214.495	0.363
17	 4	 6	213.544	0.311
17	 4	 7	212.541	0.333
17	 5	 0	219.577	0.336
17	 5	 1	218.473	0.324
17	 5	 2	217.559	0.352
17	 5	 3	216.513	0.367
17	 5	 4	215.593	0.352
17	 5	 5	214.500	0.352
17	 5	 6	213.526	0.318
17	 5	 7	212.561	0.355
17	 6	 0	219.551	0.329
17	 6	 1	218.493	0.321
17	 6	 2	217.572	0.348
17	 6	 3	216.529	0.353
17	 6	 4	215.594	0.361
17	 6	 5	214.519	0.337
17	 6	 6	213.593	0.325
17	 6	 7	212.571	0.317
17	 7	 0	219.550	0.348
17	 7	 1	218.453	0.335
17	 7	 2	217.589	0.345
17	 7	 3	216.527	0.368
17	 7	 4	215.545	0.343
17	 7	 5	214.493	0.364
17	 7	 6	213.589	0.343
17	 7	 7	212.595	0.349
18	 0	 0	213.293	0.462
18	 0	 1	212.291	0.464
18	 0	 2	211.303	0.488
18	 0	 3	210.218	0.507
18	 0	 4	209.330	0.434
18	 0	 5	208.275	0.488
18	 0	 6	207.253	0.400
18	 0	 7	206.205	0.406
18	 1	 0	213.321	0.388
18	 1	 1	212.281	0.414
18	 1	 2	211.317	0.423
18	 1	 3	210.216	0.449
18	 1	 4	209.305	0.440
18	 1	 5	208.264	0.446
18	 1	 6	207.236	0.352
18	 1	 7	206.139	0.375
18	 2	 0	213.319	0.381
18	 2	 1	212.264	0.372
18	 2	 2	211.275	0.395
18	 2	 3	210.238	0.390
18	 2	 4	209.300	0.405
18	 2	 5	208.214	0.375
18	 2	 6	207.200	0.354
18	 2	 7	206.133	0.378
18	 3	 0	213.307	0.368
18	 3	 1	212.246	0.381
18	 3	 2	211.304	0.395
18	 3	 3	210.221	0.390
18	 3	 4	209.268	0.367
18	 3	 5	208.247	0.371
18	 3	 6	207.269	0.337
18	 3	 7	206.153	0.344
18	 4	 0	213.292	0.338
18	 4	 1	212.262	0.327
18	 4	 2	211.292	0.358
18	 4	 3	210.246	0.360
18	 4	 4	209.290	0.383
18	 4	 5	208.227	0.408
18	 4	 6	207.210	0.350
18	 4	 7	206.141	0.395
18	 5	 0	213.311	0.345
18	 5	 1	212.227	0.369
18	 5	 2	211.299	0.367
18	 5	 3	210.242	0.400
18	 5	 4	209.262	0.363
18	 5	 5	208.195	0.328
18	 5	 6	207.222	0.354
18	 5	 7	206.139	0.357
18	 6	 0	213.298	0.387
18	 6	 1	212.242	0.387
18	 6	 2	211.275	0.363
18	 6	 3	210.252	0.368
18	 6	 4	209.366	0.376
18	 6	 5	208.213	0.349
18	 6	 6	207.191	0.353
18	 6	 7	206.166	0.358
18	 7	 0	213.305	0.361
18	 7	 1	212.302	0.396
18	 7	 2	211.266	0.375
18	 7	 3	210.244	0.368
18	 7	 4	209.287	0.379
18	 7	 5	208.174	0.409
18	 7	 6	207.227	0.360
18	 7	 7	206.139	0.342
19	 0	 0	222.545	0.502
19	 0	 1	221.495	0.458
19	 0	 2	220.545	0.493
19	 0	 3	219.452	0.463
19	 0	 4	218.546	0.453
19	 0	 5	217.588	0.494
19	 0	 6	216.596	0.424
19	 0	 7	215.562	0.417
19	 1	 0	222.547	0.421
19	 1	 1	221.512	0.403
19	 1	 2	220.533	0.442
19	 1	 3	219.448	0.418
19	 1	 4	218.474	0.412
19	 1	 5	217.538	0.410
19	 1	 6	216.532	0.386
19	 1	 7	215.540	0.373
19	 2	 0	222.555	0.397
19	 2	 1	221.487	0.407
19	 2	 2	220.537	0.410
19	 2	 3	219.471	0.373
19	 2	 4	218.548	0.373
19	 2	 5	217.561	0.374
19	 2	 6	216.627	0.363
19	 2	 7	215.504	0.364
19	 3	 0	222.484	0.356
19	 3	 1	221.510	0.382
19	 3	 2	220.541	0.389
19	 3	 3	219.445	0.380
19	 3	 4	218.542	0.378
19	 3	 5	217.542	0.390
19	 3	 6	216.589	0.373
19	 3	 7	215.512	0.364
19	 4	 0	222.558	0.373
19	 4	 1	221.477	0.392
19	 4	 2	220.539	0.393
19	 4	 3	219.450	0.357
19	 4	 4	218.563	0.338
19	 4	 5	217.540	0.388
19	 4	 6	216.562	0.392
19	 4	 7	215.526	0.342
19	 5	 0	222.573	0.376
19	 5	 1	221.446	0.354
19	 5	 2	220.526	0.355
19	 5	 3	219.426	0.379
19	 5	 4	218.582	0.366
19	 5	 5	217.541	0.333
19	 5	 6	216.583	0.425
19	 5	 7	215.483	0.354
19	 6	 0	222.541	0.361
19	 6	 1	221.511	0.374
19	 6	 2	220.568	0.390
19	 6	 3	219.429	0.347
19	 6	 4	218.585	0.372
19	 6	 5	217.499	0.352
19	 6	 6	216.567	0.369
19	 6	 7	215.488	0.352
19	 7	 0	222.586	0.343
19	 7	 1	221.497	0.369
19	 7	 2	220.528	0.380
19	 7	 3	219.398	0.389
19	 7	 4	218.578	0.353
19	 7	 5	217.514	0.345
19	 7	 6	216.614	0.358
19	 7	 7	215.483	0.349
20	 0	 0	218.958	0.501
20	 0	 1	217.906	0.538
20	 0	 2	217.089	0.520
20	 0	 3	215.997	0.542
20	 0	 4	215.029	0.492
20	 0	 5	213.988	0.535
20	 0	 6	213.051	0.395
20	 0	 7	212.012	0.434
20	 1	 0	219.073	0.450
20	 1	 1	217.922	0.462
20	 1	 2	217.139	0.448
20	 1	 3	215.895	0.466
20	 1	 4	214.992	0.480
20	 1	 5	213.974	0.472
20	 1	 6	213.056	0.325
20	 1	 7	212.014	0.391
20	 2	 0	218.949	0.411
20	 2	 1	217.894	0.388
20	 2	 2	216.995	0.433
20	 2	 3	215.938	0.436
20	 2	 4	215.001	0.430
20	 2	 5	213.910	0.427
20	 2	 6	213.042	0.280
20	 2	 7	212.021	0.305
20	 3	 0	218.936	0.391
20	 3	 1	217.907	0.350
20	 3	 2	217.043	0.489
20	 3	 3	215.890	0.408
20	 3	 4	215.050	0.331
20	 3	 5	213.882	0.372
20	 3	 6	213.058	0.319
20	 3	 7	211.985	0.307
20	 4	 0	218.888	0.368
20	 4	 1	217.972	0.405
20	 4	 2	217.017	0.369
20	 4	 3	215.931	0.382
20	 4	 4	215.015	0.371
20	 4	 5	213.916	0.349
20	 4	 6	213.007	0.307
20	 4	 7	211.998	0.310
20	 5	 0	218.964	0.328
20	 5	 1	217.943	0.331
20	 5	 2	216.985	0.323
20	 5	 3	215.929	0.353
20	 5	 4	215.029	0.367
20	 5	 5	213.897	0.312
20	 5	 6	213.057	0.330
20	 5	 7	212.063	0.333
20	 6	 0	218.930	0.314
20	 6	 1	217.937	0.342
20	 6	 2	217.094	0.319
20	 6	 3	215.898	0.365
20	 6	 4	215.021	0.342
20	 6	 5	213.880	0.306
20	 6	 6	213.062	0.284
20	 6	 7	211.961	0.373
20	 7	 0	218.953	0.337
20	 7	 1	217.895	0.350
20	 7	 2	217.025	0.356
20	 7	 3	215.939	0.338
20	 7	 4	215.000	0.338
20	 7	 5	213.983	0.302
20	 7	 6	212.997	0.338
20	 7	 7	211.916	0.343
21	 0	 0	216.746	0.559
21	 0	 1	215.614	0.509
21	 0	 2	214.657	0.539
21	 0	 3	213.534	0.500
21	 0	 4	212.658	0.482
21	 0	 5	211.470	0.547
21	 0	 6	210.516	0.460
21	 0	 7	209.372	0.469
21	 1	 0	216.741	0.546
21	 1	 1	215.575	0.492
21	 1	 2	214.636	0.493
21	 1	 3	213.560	0.443
21	 1	 4	212.664	0.474
21	 1	 5	211.527	0.459
21	 1	 6	210.560	0.387
21	 1	 7	209.363	0.398
21	 2	 0	216.756	0.441
21	 2	 1	215.617	0.431
21	 2	 2	214.639	0.400
21	 2	 3	213.534	0.400
21	 2	 4	212.634	0.408
21	 2	 5	211.512	0.419
21	 2	 6	210.518	0.388
21	 2	 7	209.365	0.355
21	 3	 0	216.767	0.401
21	 3	 1	215.591	0.405
21	 3	 2	214.632	0.417
21	 3	 3	213.471	0.387
21	 3	 4	212.616	0.399
21	 3	 5	211.495	0.414
21	 3	 6	210.500	0.356
21	 3	 7	209.373	0.394
21	 4	 0	216.726	0.383
21	 4	 1	215.635	0.386
21	 4	 2	214.637	0.392
21	 4	 3	213.506	0.389
21	 4	 4	212.591	0.374
21	 4	 5	211.509	0.420
21	 4	 6	210.491	0.395
21	 4	 7	209.385	0.352
21	 5	 0	216.779	0.404
21	 5	 1	215.585	0.374
21	 5	 2	214.607	0.382
21	 5	 3	213.512	0.386
21	 5	 4	212.645	0.390
21	 5	 5	211.528	0.354
21	 5	 6	210.531	0.391
21	 5	 7	209.389	0.374
21	 6	 0	216.760	0.374
21	 6	 1	215.603	0.383
21	 6	 2	214.654	0.376
21	 6	 3	213.564	0.355
21	 6	 4	212.662	0.378
21	 6	 5	211.449	0.387
21	 6	 6	210.528	0.380
21	 6	 7	209.400	0.394
21	 7	 0	216.750	0.389
21	 7	 1	215.620	0.388
21	 7	 2	214.625	0.373
21	 7	 3	213.524	0.358
21	 7	 4	212.658	0.378
21	 7	 5	211.500	0.376
21	 7	 6	210.525	0.392
21	 7	 7	209.354	0.383
22	 0	 0	209.499	0.576
22	 0	 1	208.153	0.578
22	 0	 2	207.218	0.566
22	 0	 3	206.136	0.589
22	 0	 4	205.192	0.584
22	 0	 5	204.143	0.596
22	 0	 6	203.219	0.453
22	 0	 7	202.219	0.441
22	 1	 0	209.206	0.507
22	 1	 1	208.161	0.526
22	 1	 2	207.164	0.507
22	 1	 3	206.142	0.548
22	 1	 4	205.244	0.495
22	 1	 5	204.103	0.540
22	 1	 6	203.221	0.398
22	 1	 7	202.164	0.391
22	 2	 0	209.195	0.413
22	 2	 1	208.156	0.451
22	 2	 2	207.173	0.455
22	 2	 3	206.151	0.471
22	 2	 4	205.149	0.474
22	 2	 5	204.113	0.461
22	 2	 6	203.199	0.364
22	 2	 7	202.183	0.357
22	 3	 0	209.243	0.406
22	 3	 1	208.133	0.428
22	 3	 2	207.162	0.403
22	 3	 3	206.105	0.432
22	 3	 4	205.214	0.422
22	 3	 5	204.076	0.426
22	 3	 6	203.193	0.367
22	 3	 7	202.143	0.333
22	 4	 0	209.203	0.411
22	 4	 1	208.148	0.396
22	 4	 2	207.194	0.425
22	 4	 3	206.079	0.402
22	 4	 4	205.184	0.390
22	 4	 5	204.119	0.416
22	 4	 6	203.196	0.345
22	 4	 7	202.198	0.339
22	 5	 0	209.240	0.346
22	 5	 1	208.113	0.362
22	 5	 2	207.146	0.402
22	 5	 3	206.090	0.357
22	 5	 4	205.214	0.418
22	 5	 5	204.111	0.323
22	 5	 6	203.191	0.342
22	 5	 7	202.237	0.328
22	 6	 0	209.209	0.389
22	 6	 1	208.127	0.370
22	 6	 2	207.162	0.334
22	 6	 3	206.117	0.380
22	 6	 4	205.168	0.385
22	 6	 5	204.113	0.334
22	 6	 6	203.221	0.345
22	 6	 7	202.234	0.335
22	 7	 0	209.204	0.348
22	 7	 1	208.115	0.335
22	 7	 2	207.155	0.337
22	 7	 3	206.161	0.343
22	 7	 4	205.166	0.352
22	 7	 5	204.130	0.360
22	 7	 6	203.216	0.304
22	 7	 7	202.219	0.330
23	 0	 0	214.929	0.659
23	 0	 1	213.904	0.644
23	 0	 2	213.048	0.629
23	 0	 3	211.912	0.687
23	 0	 4	210.932	0.698
23	 0	 5	209.789	0.655
23	 0	 6	208.964	0.521
23	 0	 7	207.797	0.454
23	 1	 0	214.976	0.582
23	 1	 1	213.863	0.552
23	 1	 2	213.016	0.593
23	 1	 3	211.920	0.566
23	 1	 4	210.960	0.582
23	 1	 5	209.928	0.562
23	 1	 6	208.885	0.412
23	 1	 7	207.809	0.409
23	 2	 0	215.024	0.530
23	 2	 1	213.843	0.483
23	 2	 2	212.957	0.473
23	 2	 3	211.900	0.523
23	 2	 4	210.964	0.545
23	 2	 5	209.869	0.513
23	 2	 6	208.903	0.396
23	 2	 7	207.786	0.390
23	 3	 0	215.016	0.496
23	 3	 1	213.864	0.476
23	 3	 2	212.895	0.475
23	 3	 3	211.858	0.450
23	 3	 4	210.946	0.482
23	 3	 5	209.867	0.461
23	 3	 6	208.928	0.367
23	 3	 7	207.818	0.351
23	 4	 0	214.947	0.427
23	 4	 1	213.857	0.418
23	 4	 2	212.958	0.452
23	 4	 3	211.867	0.425
23	 4	 4	210.993	0.446
23	 4	 5	209.881	0.445
23	 4	 6	208.935	0.359
23	 4	 7	207.871	0.374
23	 5	 0	214.908	0.391
23	 5	 1	213.877	0.403
23	 5	 2	213.021	0.384
23	 5	 3	212.011	0.403
23	 5	 4	210.972	0.431
23	 5	 5	209.856	0.367
23	 5	 6	208.920	0.345
23	 5	 7	207.867	0.378
23	 6	 0	215.008	0.398
23	 6	 1	213.876	0.385
23	 6	 2	213.020	0.353
23	 6	 3	211.906	0.380
23	 6	 4	210.947	0.378
23	 6	 5	209.906	0.352
23	 6	 6	208.923	0.368
23	 6	 7	207.866	0.327
23	 7	 0	214.973	0.392
23	 7	 1	213.912	0.356
23	 7	 2	212.975	0.322
23	 7	 3	211.962	0.404
23	 7	 4	211.029	0.385
23	 7	 5	209.890	0.368
23	 7	 6	208.954	0.383
23	 7	 7	207.793	0.351
24	 0	 0	221.811	0.664
24	 0	 1	220.739	0.597
24	 0	 2	219.770	0.630
24	 0	 3	218.718	0.583
24	 0	 4	217.846	0.644
24	 0	 5	216.704	0.624
24	 0	 6	215.805	0.490
24	 0	 7	214.751	0.480
24	 1	 0	221.759	0.502
24	 1	 1	220.706	0.517
24	 1	 2	219.771	0.517
24	 1	 3	218.687	0.503
24	 1	 4	217.738	0.478
24	 1	 5	216.762	0.484
24	 1	 6	215.802	0.416
24	 1	 7	214.727	0.399
24	 2	 0	221.783	0.497
24	 2	 1	220.702	0.493
24	 2	 2	219.713	0.435
24	 2	 3	218.655	0.429
24	 2	 4	217.782	0.484
24	 2	 5	216.754	0.465
24	 2	 6	215.792	0.408
24	 2	 7	214.703	0.371
24	 3	 0	221.796	0.431
24	 3	 1	220.689	0.429
24	 3	 2	219.742	0.402
24	 3	 3	218.694	0.394
24	 3	 4	217.801	0.417
24	 3	 5	216.737	0.416
24	 3	 6	215.714	0.370
24	 3	 7	214.745	0.355
24	 4	 0	221.775	0.401
24	 4	 1	220.630	0.405
24	 4	 2	219.676	0.373
24	 4	 3	218.665	0.372
24	 4	 4	217.769	0.386
24	 4	 5	216.748	0.404
24	 4	 6	215.779	0.375
24	 4	 7	214.751	0.354
24	 5	 0	221.765	0.384
24	 5	 1	220.641	0.364
24	 5	 2	219.757	0.365
24	 5	 3	218.723	0.365
24	 5	 4	217.791	0.360
24	 5	 5	216.782	0.351
24	 5	 6	215.805	0.346
24	 5	 7	214.792	0.365
24	 6	 0	221.782	0.377
24	 6	 1	220.685	0.350
24	 6	 2	219.682	0.351
24	 6	 3	218.690	0.378
24	 6	 4	217.793	0.351
24	 6	 5	216.779	0.340
24	 6	 6	215.772	0.347
24	 6	 7	214.735	0.339
24	 7	 0	221.738	0.376
24	 7	 1	220.662	0.390
24	 7	 2	219.708	0.355
24	 7	 3	218.682	0.336
24	 7	 4	217.745	0.348
24	 7	 5	216.745	0.325
24	 7	 6	215.803	0.327
24	 7	 7	214.719	0.339
25	 0	 0	216.692	0.567
25	 0	 1	215.674	0.524
25	 0	 2	214.747	0.564
25	 0	 3	213.720	0.525
25	 0	 4	212.848	0.546
25	 0	 5	211.728	0.581
25	 0	 6	210.841	0.437
25	 0	 7	209.820	0.455
25	 1	 0	216.769	0.499
25	 1	 1	215.640	0.470
25	 1	 2	214.682	0.507
25	 1	 3	213.702	0.478
25	 1	 4	212.871	0.513
25	 1	 5	211.773	0.481
25	 1	 6	210.868	0.416
25	 1	 7	209.745	0.396
25	 2	 0	216.732	0.479
25	 2	 1	215.695	0.408
25	 2	 2	214.703	0.435
25	 2	 3	213.710	0.445
25	 2	 4	212.836	0.423
25	 2	 5	211.744	0.434
25	 2	 6	210.836	0.359
25	 2	 7	209.832	0.352
25	 3	 0	216.756	0.432
25	 3	 1	215.637	0.390
25	 3	 2	214.737	0.409
25	 3	 3	213.666	0.362
25	 3	 4	212.859	0.412
25	 3	 5	211.759	0.446
25	 3	 6	210.810	0.315
25	 3	 7	209.762	0.343
25	 4	 0	216.804	0.402
25	 4	 1	215.662	0.371
25	 4	 2	214.740	0.384
25	 4	 3	213.719	0.408
25	 4	 4	212.859	0.406
25	 4	 5	211.785	0.390
25	 4	 6	210.819	0.352
25	 4	 7	209.811	0.349
25	 5	 0	216.780	0.372
25	 5	 1	215.695	0.372
25	 5	 2	214.765	0.403
25	 5	 3	213.682	0.371
25	 5	 4	212.854	0.367
25	 5	 5	211.806	0.335
25	 5	 6	210.820	0.340
25	 5	 7	209.797	0.348
25	 6	 0	216.811	0.330
25	 6	 1	215.612	0.361
25	 6	 2	214.735	0.347
25	 6	 3	213.760	0.374
25	 6	 4	212.852	0.331
25	 6	 5	211.786	0.332
25	 6	 6	210.829	0.362
25	 6	 7	209.785	0.332
25	 7	 0	216.765	0.348
25	 7	 1	215.696	0.364
25	 7	 2	214.753	0.370
25	 7	 3	213.698	0.340
25	 7	 4	212.790	0.360
25	 7	 5	211.773	0.352
25	 7	 6	210.849	0.320
25	 7	 7	209.804	0.356
26	 0	 0	216.817	0.546
26	 0	 1	215.761	0.471
26	 0	 2	214.744	0.559
26	 0	 3	213.677	0.491
26	 0	 4	212.736	0.478
26	 0	 5	211.633	0.554
26	 0	 6	210.735	0.444
26	 0	 7	209.594	0.464
26	 1	 0	216.858	0.500
26	 1	 1	215.730	0.461
26	 1	 2	214.734	0.455
26	 1	 3	213.679	0.442
26	 1	 4	212.795	0.449
26	 1	 5	211.638	0.455
26	 1	 6	210.741	0.375
26	 1	 7	209.544	0.391
26	 2	 0	216.830	0.442
26	 2	 1	215.719	0.419
26	 2	 2	214.759	0.407
26	 2	 3	213.637	0.410
26	 2	 4	212.764	0.406
26	 2	 5	211.624	0.430
26	 2	 6	210.730	0.388
26	 2	 7	209.615	0.383
26	 3	 0	216.807	0.423
26	 3	 1	215.692	0.377
26	 3	 2	214.738	0.419
26	 3	 3	213.653	0.365
26	 3	 4	212.794	0.395
26	 3	 5	211.585	0.390
26	 3	 6	210.705	0.360
26	 3	 7	209.625	0.347
26	 4	 0	216.818	0.398
26	 4	 1	215.699	0.388
26	 4	 2	214.719	0.373
26	 4	 3	213.713	0.379
26	 4	 4	212.758	0.354
26	 4	 5	211.640	0.387
26	 4	 6	210.770	0.350
26	 4	 7	209.592	0.381
26	 5	 0	216.838	0.366
26	 5	 1	215.750	0.341
26	 5	 2	214.772	0.365
26	 5	 3	213.676	0.370
26	 5	 4	212.756	0.365
26	 5	 5	211.663	0.363
26	 5	 6	210.712	0.343
26	 5	 7	209.621	0.325
26	 6	 0	216.887	0.344
26	 6	 1	215.703	0.377
26	 6	 2	214.728	0.347
26	 6	 3	213.703	0.346
26	 6	 4	212.826	0.355
26	 6	 5	211.652	0.372
26	 6	 6	210.676	0.351
26	 6	 7	209.616	0.340
26	 7	 0	216.839	0.349
26	 7	 1	215.765	0.334
26	 7	 2	214.813	0.375
26	 7	 3	213.646	0.346
26	 7	 4	212.783	0.342
26	 7	 5	211.719	0.350
26	 7	 6	210.741	0.341
26	 7	 7	209.590	0.323
27	 0	 0	213.832	0.516
27	 0	 1	212.751	0.497
27	 0	 2	211.816	0.522
27	 0	 3	210.774	0.509
27	 0	 4	209.841	0.541
27	 0	 5	208.790	0.485
27	 0	 6	207.814	0.430
27	 0	 7	206.678	0.448
27	 1	 0	213.831	0.410
27	 1	 1	212.801	0.436
27	 1	 2	211.786	0.434
27	 1	 3	210.751	0.427
27	 1	 4	209.871	0.451
27	 1	 5	208.804	0.465
27	 1	 6	207.793	0.394
27	 1	 7	206.697	0.382
27	 2	 0	213.833	0.399
27	 2	 1	212.807	0.401
27	 2	 2	211.843	0.385
27	 2	 3	210.768	0.399
27	 2	 4	209.865	0.430
27	 2	 5	208.741	0.406
27	 2	 6	207.777	0.354
27	 2	 7	206.696	0.345
27	 3	 0	213.847	0.344
27	 3	 1	212.794	0.383
27	 3	 2	211.778	0.404
27	 3	 3	210.773	0.376
27	 3	 4	209.849	0.371
27	 3	 5	208.775	0.402
27	 3	 6	207.769	0.336
27	 3	 7	206.688	0.345
27	 4	 0	213.861	0.363
27	 4	 1	212.782	0.377
27	 4	 2	211.848	0.381
27	 4	 3	210.802	0.390
27	 4	 4	209.837	0.381
27	 4	 5	208.758	0.357
27	 4	 6	207.790	0.369
27	 4	 7	206.705	0.333
27	 5	 0	213.787	0.333
27	 5	 1	212.787	0.338
27	 5	 2	211.859	0.342
27	 5	 3	210.793	0.370
27	 5	 4	209.898	0.347
27	 5	 5	208.755	0.325
27	 5	 6	207.766	0.329
27	 5	 7	206.705	0.347
27	 6	 0	213.812	0.331
27	 6	 1	212.831	0.351
27	 6	 2	211.825	0.320
27	 6	 3	210.770	0.331
27	 6	 4	209.849	0.338
27	 6	 5	208.800	0.344
27	 6	 6	207.756	0.335
27	 6	 7	206.701	0.355
27	 7	 0	213.830	0.345
27	 7	 1	212.815	0.324
27	 7	 2	211.865	0.351
27	 7	 3	210.759	0.341
27	 7	 4	209.862	0.350
27	 7	 5	208.775	0.357
27	 7	 6	207.785	0.320
27	 7	 7	206.702	0.358
28	 0	 0	218.097	0.465
28	 0	 1	217.125	0.465
28	 0	 2	216.131	0.440
28	 0	 3	215.024	0.505
28	 0	 4	214.106	0.459
28	 0	 5	213.082	0.477
28	 0	 6	212.125	0.393
28	 0	 7	211.021	0.408
28	 1	 0	218.088	0.421
28	 1	 1	217.015	0.392
28	 1	 2	216.072	0.449
28	 1	 3	215.016	0.411
28	 1	 4	214.088	0.413
28	 1	 5	213.098	0.398
28	 1	 6	212.070	0.365
28	 1	 7	211.020	0.384
28	 2	 0	218.078	0.390
28	 2	 1	217.046	0.377
28	 2	 2	216.041	0.341
28	 2	 3	214.971	0.389
28	 2	 4	214.085	0.355
28	 2	 5	213.115	0.358
28	 2	 6	212.077	0.320
28	 2	 7	210.998	0.272
28	 3	 0	218.054	0.355
28	 3	 1	217.014	0.372
28	 3	 2	216.011	0.324
28	 3	 3	214.976	0.353
28	 3	 4	214.152	0.338
28	 3	 5	213.094	0.329
28	 3	 6	212.051	0.332
28	 3	 7	210.981	0.329
28	 4	 0	218.081	0.306
28	 4	 1	217.002	0.324
28	 4	 2	216.117	0.367
28	 4	 3	214.957	0.341
28	 4	 4	214.117	0.307
28	 4	 5	213.079	0.373
28	 4	 6	212.040	0.297
28	 4	 7	210.946	0.355
28	 5	 0	218.014	0.322
28	 5	 1	217.002	0.339
28	 5	 2	216.092	0.361
28	 5	 3	214.939	0.365
28	 5	 4	214.150	0.359
28	 5	 5	213.072	0.325
28	 5	 6	212.060	0.329
28	 5	 7	210.964	0.290
28	 6	 0	218.065	0.312
28	 6	 1	217.011	0.350
28	 6	 2	216.068	0.340
28	 6	 3	214.998	0.348
28	 6	 4	214.125	0.341
28	 6	 5	213.063	0.304
28	 6	 6	212.077	0.302
28	 6	 7	210.997	0.327
28	 7	 0	218.110	0.293
28	 7	 1	217.107	0.338
28	 7	 2	216.104	0.295
28	 7	 3	214.987	0.273
28	 7	 4	214.086	0.317
28	 7	 5	213.063	0.275
28	 7	 6	212.047	0.340
28	 7	 7	210.998	0.338
29	 0	 0	215.630	0.423
29	 0	 1	214.535	0.440
29	 0	 2	213.601	0.403
29	 0	 3	212.549	0.423
29	 0	 4	211.716	0.387
29	 0	 5	210.561	0.415
29	 0	 6	209.639	0.391
29	 0	 7	208.532	0.386
29	 1	 0	215.643	0.391
29	 1	 1	214.556	0.363
29	 1	 2	213.617	0.357
29	 1	 3	212.523	0.383
29	 1	 4	211.645	0.371
29	 1	 5	210.614	0.374
29	 1	 6	209.632	0.339
29	 1	 7	208.502	0.358
29	 2	 0	215.622	0.341
29	 2	 1	214.557	0.341
29	 2	 2	213.620	0.330
29	 2	 3	212.528	0.336
29	 2	 4	211.690	0.329
29	 2	 5	210.594	0.380
29	 2	 6	209.617	0.333
29	 2	 7	208.506	0.357
29	 3	 0	215.646	0.308
29	 3	 1	214.547	0.344
29	 3	 2	213.651	0.307
29	 3	 3	212.493	0.305
29	 3	 4	211.694	0.363
29	 3	 5	210.596	0.329
29	 3	 6	209.605	0.308
29	 3	 7	208.508	0.325
29	 4	 0	215.567	0.356
29	 4	 1	214.581	0.336
29	 4	 2	213.657	0.303
29	 4	 3	212.503	0.299
29	 4	 4	211.685	0.367
29	 4	 5	210.519	0.339
29	 4	 6	209.626	0.333
29	 4	 7	208.494	0.333
29	 5	 0	215.589	0.338
29	 5	 1	214.592	0.324
29	 5	 2	213.568	0.316
29	 5	 3	212.524	0.309
29	 5	 4	211.719	0.335
29	 5	 5	210.562	0.331
29	 5	 6	209.587	0.305
29	 5	 7	208.520	0.343
29	 6	 0	215.664	0.333
29	 6	 1	214.587	0.344
29	 6	 2	213.633	0.295
29	 6	 3	212.549	0.324
29	 6	 4	211.715	0.325
29	 6	 5	210.586	0.326
29	 6	 6	209.628	0.315
29	 6	 7	208.512	0.326
29	 7	 0	215.599	0.340
29	 7	 1	214.509	0.336
29	 7	 2	213.623	0.326
29	 7	 3	212.528	0.323
29	 7	 4	211.708	0.330
29	 7	 5	210.534	0.341
29	 7	 6	209.622	0.338
29	 7	 7	208.510	0.334
30	 0	 0	218.767	0.388
30	 0	 1	217.697	0.406
30	 0	 2	216.783	0.403
30	 0	 3	215.744	0.425
30	 0	 4	214.785	0.418
30	 0	 5	213.726	0.401
30	 0	 6	212.778	0.371
30	 0	 7	211.726	0.386
30	 1	 0	218.711	0.353
30	 1	 1	217.715	0.345
30	 1	 2	216.784	0.357
30	 1	 3	215.716	0.378
30	 1	 4	214.763	0.352
30	 1	 5	213.738	0.348
30	 1	 6	212.805	0.320
30	 1	 7	211.691	0.346
30	 2	 0	218.771	0.320
30	 2	 1	217.699	0.314
30	 2	 2	216.734	0.320
30	 2	 3	215.679	0.331
30	 2	 4	214.805	0.346
30	 2	 5	213.752	0.312
30	 2	 6	212.789	0.306
30	 2	 7	211.734	0.277
30	 3	 0	218.749	0.311
30	 3	 1	217.717	0.322
30	 3	 2	216.733	0.298
30	 3	 3	215.730	0.319
30	 3	 4	214.772	0.300
30	 3	 5	213.742	0.288
30	 3	 6	212.784	0.312
30	 3	 7	211.739	0.307
30	 4	 0	218.757	0.294
30	 4	 1	217.711	0.319
30	 4	 2	216.811	0.330
30	 4	 3	215.658	0.314
30	 4	 4	214.778	0.323
30	 4	 5	213.702	0.297
30	 4	 6	212.789	0.275
30	 4	 7	211.730	0.303
30	 5	 0	218.790	0.307
30	 5	 1	217.734	0.292
30	 5	 2	216.801	0.311
30	 5	 3	215.682	0.293
30	 5	 4	214.780	0.311
30	 5	 5	213.706	0.303
30	 5	 6	212.776	0.283
30	 5	 7	211.739	0.307
30	 6	 0	218.753	0.292
30	 6	 1	217.715	0.285
30	 6	 2	216.772	0.337
30	 6	 3	215.709	0.323
30	 6	 4	214.805	0.313
30	 6	 5	213.720	0.299
30	 6	 6	212.793	0.316
30	 6	 7	211.735	0.305
30	 7	 0	218.741	0.295
30	 7	 1	217.724	0.321
30	 7	 2	216.798	0.310
30	 7	 3	215.734	0.310
30	 7	 4	214.789	0.333
30	 7	 5	213.735	0.293
30	 7	 6	212.826	0.301
30	 7	 7	211.709	0.310
31	 0	 0	213.359	0.383
31	 0	 1	212.404	0.406
31	 0	 2	211.331	0.446
31	 0	 3	210.282	0.402
31	 0	 4	209.279	0.431
31	 0	 5	208.186	0.428
31	 0	 6	207.225	0.381
31	 0	 7	206.070	0.357
31	 1	 0	213.314	0.386
31	 1	 1	212.260	0.353
31	 1	 2	211.336	0.356
31	 1	 3	210.214	0.358
31	 1	 4	209.282	0.391
31	 1	 5	208.207	0.378
31	 1	 6	207.155	0.363
31	 1	 7	206.116	0.333
31	 2	 0	213.340	0.321
31	 2	 1	212.293	0.354
31	 2	 2	211.308	0.353
31	 2	 3	210.168	0.364
31	 2	 4	209.350	0.346
31	 2	 5	208.188	0.337
31	 2	 6	207.157	0.318
31	 2	 7	206.147	0.311
31	 3	 0	213.327	0.331
31	 3	 1	212.300	0.334
31	 3	 2	211.265	0.321
31	 3	 3	210.181	0.333
31	 3	 4	209.358	0.330
31	 3	 5	208.217	0.365
31	 3	 6	207.095	0.295
31	 3	 7	206.146	0.281
31	 4	 0	213.319	0.298
31	 4	 1	212.299	0.327
31	 4	 2	211.262	0.336
31	 4	 3	210.200	0.344
31	 4	 4	209.249	0.346
31	 4	 5	208.141	0.299
31	 4	 6	207.177	0.310
31	 4	 7	206.133	0.316
31	 5	 0	213.318	0.335
31	 5	 1	212.314	0.324
31	 5	 2	211.304	0.325
31	 5	 3	210.161	0.306
31	 5	 4	209.202	0.325
31	 5	 5	208.222	0.317
31	 5	 6	207.205	0.316
31	 5	 7	206.088	0.299
31	 6	 0	213.317	0.339
31	 6	 1	212.302	0.340
31	 6	 2	211.265	0.334
31	 6	 3	210.202	0.331
31	 6	 4	209.242	0.349
31	 6	 5	208.122	0.321
31	 6	 6	207.133	0.283
31	 6	 7	206.142	0.313
31	 7	 0	213.376	0.310
31	 7	 1	212.351	0.313
31	 7	 2	211.337	0.323
31	 7	 3	210.225	0.357
31	 7	 4	209.228	0.327
31	 7	 5	208.151	0.330
31	 7	 6	207.160	0.306
31	 7	 7	206.095	0.297
