# ASIC configuration for the measurements:
# ------------------------------------------------------------------------------
# Mode = 000 
# Bias = 0101 
# CSArefs = 1011 
# Shaper = 011 
# Leakage mask = 00000000000000000000000000000000 
# Discr. enable mask = 11111111111111111111111111111111 
# Calibration mask = 00000000000000000000000000000000 
# Threshold = 255 
# FineTHR[0] = 001 
# FineTHR[1] = 001 
# FineTHR[2] = 001 
# FineTHR[3] = 001 
# FineTHR[4] = 001 
# FineTHR[5] = 001 
# FineTHR[6] = 001 
# FineTHR[7] = 001 
# FineTHR[8] = 001 
# FineTHR[9] = 001 
# FineTHR[10] = 001 
# FineTHR[11] = 001 
# FineTHR[12] = 001 
# FineTHR[13] = 001 
# FineTHR[14] = 001 
# FineTHR[15] = 001 
# FineTHR[16] = 001 
# FineTHR[17] = 001 
# FineTHR[18] = 001 
# FineTHR[19] = 001 
# FineTHR[20] = 001 
# FineTHR[21] = 001 
# FineTHR[22] = 001 
# FineTHR[23] = 001 
# FineTHR[24] = 001 
# FineTHR[25] = 001 
# FineTHR[26] = 001 
# FineTHR[27] = 001 
# FineTHR[28] = 001 
# FineTHR[29] = 001 
# FineTHR[30] = 001 
# FineTHR[31] = 001 
# ------------------------------------------------------------------------------
# Event data block #1
# Threshold	DAC	Events	Triggered	CH#
200	0	1000	0	0
200	0	1000	0	1
200	0	1000	0	2
200	0	1000	0	3
200	0	1000	11	4
200	0	1000	27	5
200	0	1000	54	6
200	0	1000	101	7
200	0	1000	87	8
200	0	1000	36	9
200	0	1000	87	10
200	0	1000	17	11
200	0	1000	11	12
200	0	1000	4	13
200	0	1000	0	14
200	0	1000	0	15
200	0	1000	0	16
200	0	1000	0	17
200	0	1000	1	18
200	0	1000	4	19
200	0	1000	18	20
200	0	1000	22	21
200	0	1000	102	22
200	0	1000	59	23
200	0	1000	103	24
200	0	1000	109	25
200	0	1000	99	26
200	0	1000	3	27
200	0	1000	1	28
200	0	1000	1	29
200	0	1000	0	30
200	0	1000	0	31
# Event data block #2
# Threshold	DAC	Events	Triggered	CH#
201	0	1000	0	0
201	0	1000	0	1
201	0	1000	1	2
201	0	1000	1	3
201	0	1000	15	4
201	0	1000	38	5
201	0	1000	59	6
201	0	1000	97	7
201	0	1000	85	8
201	0	1000	43	9
201	0	1000	92	10
201	0	1000	25	11
201	0	1000	16	12
201	0	1000	5	13
201	0	1000	0	14
201	0	1000	0	15
201	0	1000	0	16
201	0	1000	0	17
201	0	1000	3	18
201	0	1000	6	19
201	0	1000	24	20
201	0	1000	28	21
201	0	1000	104	22
201	0	1000	60	23
201	0	1000	102	24
201	0	1000	109	25
201	0	1000	106	26
201	0	1000	6	27
201	0	1000	1	28
201	0	1000	3	29
201	0	1000	0	30
201	0	1000	0	31
# Event data block #3
# Threshold	DAC	Events	Triggered	CH#
202	0	1000	0	0
202	0	1000	0	1
202	0	1000	2	2
202	0	1000	2	3
202	0	1000	15	4
202	0	1000	34	5
202	0	1000	63	6
202	0	1000	110	7
202	0	1000	89	8
202	0	1000	38	9
202	0	1000	99	10
202	0	1000	21	11
202	0	1000	15	12
202	0	1000	4	13
202	0	1000	0	14
202	0	1000	0	15
202	0	1000	0	16
202	0	1000	0	17
202	0	1000	3	18
202	0	1000	4	19
202	0	1000	23	20
202	0	1000	28	21
202	0	1000	112	22
202	0	1000	70	23
202	0	1000	108	24
202	0	1000	119	25
202	0	1000	116	26
202	0	1000	3	27
202	0	1000	2	28
202	0	1000	3	29
202	0	1000	0	30
202	0	1000	0	31
# Event data block #4
# Threshold	DAC	Events	Triggered	CH#
203	0	1000	0	0
203	0	1000	0	1
203	0	1000	2	2
203	0	1000	0	3
203	0	1000	14	4
203	0	1000	36	5
203	0	1000	56	6
203	0	1000	108	7
203	0	1000	90	8
203	0	1000	39	9
203	0	1000	108	10
203	0	1000	21	11
203	0	1000	14	12
203	0	1000	5	13
203	0	1000	0	14
203	0	1000	0	15
203	0	1000	0	16
203	0	1000	0	17
203	0	1000	3	18
203	0	1000	2	19
203	0	1000	22	20
203	0	1000	23	21
203	0	1000	119	22
203	0	1000	70	23
203	0	1000	109	24
203	0	1000	126	25
203	0	1000	123	26
203	0	1000	2	27
203	0	1000	2	28
203	0	1000	5	29
203	0	1000	0	30
203	0	1000	0	31
# Event data block #5
# Threshold	DAC	Events	Triggered	CH#
204	0	1000	0	0
204	0	1000	0	1
204	0	1000	4	2
204	0	1000	1	3
204	0	1000	24	4
204	0	1000	43	5
204	0	1000	74	6
204	0	1000	125	7
204	0	1000	103	8
204	0	1000	47	9
204	0	1000	124	10
204	0	1000	33	11
204	0	1000	21	12
204	0	1000	7	13
204	0	1000	0	14
204	0	1000	1	15
204	0	1000	1	16
204	0	1000	1	17
204	0	1000	4	18
204	0	1000	7	19
204	0	1000	32	20
204	0	1000	33	21
204	0	1000	133	22
204	0	1000	79	23
204	0	1000	124	24
204	0	1000	146	25
204	0	1000	141	26
204	0	1000	5	27
204	0	1000	2	28
204	0	1000	7	29
204	0	1000	0	30
204	0	1000	0	31
# Event data block #6
# Threshold	DAC	Events	Triggered	CH#
205	0	1000	0	0
205	0	1000	0	1
205	0	1000	4	2
205	0	1000	2	3
205	0	1000	28	4
205	0	1000	41	5
205	0	1000	64	6
205	0	1000	128	7
205	0	1000	112	8
205	0	1000	45	9
205	0	1000	134	10
205	0	1000	35	11
205	0	1000	28	12
205	0	1000	16	13
205	0	1000	0	14
205	0	1000	0	15
205	0	1000	1	16
205	0	1000	1	17
205	0	1000	7	18
205	0	1000	9	19
205	0	1000	34	20
205	0	1000	35	21
205	0	1000	137	22
205	0	1000	87	23
205	0	1000	129	24
205	0	1000	153	25
205	0	1000	157	26
205	0	1000	9	27
205	0	1000	2	28
205	0	1000	18	29
205	0	1000	0	30
205	0	1000	0	31
# Event data block #7
# Threshold	DAC	Events	Triggered	CH#
206	0	1000	0	0
206	0	1000	0	1
206	0	1000	8	2
206	0	1000	1	3
206	0	1000	30	4
206	0	1000	44	5
206	0	1000	74	6
206	0	1000	129	7
206	0	1000	109	8
206	0	1000	51	9
206	0	1000	138	10
206	0	1000	32	11
206	0	1000	28	12
206	0	1000	18	13
206	0	1000	0	14
206	0	1000	1	15
206	0	1000	2	16
206	0	1000	1	17
206	0	1000	10	18
206	0	1000	12	19
206	0	1000	32	20
206	0	1000	35	21
206	0	1000	139	22
206	0	1000	85	23
206	0	1000	123	24
206	0	1000	156	25
206	0	1000	158	26
206	0	1000	13	27
206	0	1000	3	28
206	0	1000	23	29
206	0	1000	0	30
206	0	1000	0	31
# Event data block #8
# Threshold	DAC	Events	Triggered	CH#
207	0	1000	1	0
207	0	1000	0	1
207	0	1000	10	2
207	0	1000	3	3
207	0	1000	39	4
207	0	1000	59	5
207	0	1000	80	6
207	0	1000	132	7
207	0	1000	110	8
207	0	1000	67	9
207	0	1000	143	10
207	0	1000	47	11
207	0	1000	38	12
207	0	1000	26	13
207	0	1000	0	14
207	0	1000	4	15
207	0	1000	4	16
207	0	1000	2	17
207	0	1000	8	18
207	0	1000	12	19
207	0	1000	51	20
207	0	1000	51	21
207	0	1000	148	22
207	0	1000	83	23
207	0	1000	132	24
207	0	1000	164	25
207	0	1000	175	26
207	0	1000	11	27
207	0	1000	5	28
207	0	1000	40	29
207	0	1000	0	30
207	0	1000	0	31
# Event data block #9
# Threshold	DAC	Events	Triggered	CH#
208	0	1000	0	0
208	0	1000	0	1
208	0	1000	11	2
208	0	1000	1	3
208	0	1000	49	4
208	0	1000	70	5
208	0	1000	95	6
208	0	1000	142	7
208	0	1000	119	8
208	0	1000	68	9
208	0	1000	161	10
208	0	1000	56	11
208	0	1000	52	12
208	0	1000	31	13
208	0	1000	0	14
208	0	1000	1	15
208	0	1000	4	16
208	0	1000	0	17
208	0	1000	7	18
208	0	1000	12	19
208	0	1000	58	20
208	0	1000	56	21
208	0	1000	165	22
208	0	1000	100	23
208	0	1000	146	24
208	0	1000	182	25
208	0	1000	220	26
208	0	1000	10	27
208	0	1000	4	28
208	0	1000	59	29
208	0	1000	0	30
208	0	1000	0	31
# Event data block #10
# Threshold	DAC	Events	Triggered	CH#
209	0	1000	4	0
209	0	1000	0	1
209	0	1000	26	2
209	0	1000	5	3
209	0	1000	39	4
209	0	1000	59	5
209	0	1000	80	6
209	0	1000	149	7
209	0	1000	112	8
209	0	1000	58	9
209	0	1000	179	10
209	0	1000	48	11
209	0	1000	43	12
209	0	1000	30	13
209	0	1000	0	14
209	0	1000	8	15
209	0	1000	13	16
209	0	1000	5	17
209	0	1000	16	18
209	0	1000	15	19
209	0	1000	45	20
209	0	1000	45	21
209	0	1000	169	22
209	0	1000	86	23
209	0	1000	148	24
209	0	1000	199	25
209	0	1000	278	26
209	0	1000	14	27
209	0	1000	10	28
209	0	1000	60	29
209	0	1000	0	30
209	0	1000	0	31
# Event data block #11
# Threshold	DAC	Events	Triggered	CH#
210	0	1000	5	0
210	0	1000	0	1
210	0	1000	39	2
210	0	1000	16	3
210	0	1000	58	4
210	0	1000	76	5
210	0	1000	102	6
210	0	1000	172	7
210	0	1000	126	8
210	0	1000	75	9
210	0	1000	249	10
210	0	1000	69	11
210	0	1000	59	12
210	0	1000	49	13
210	0	1000	0	14
210	0	1000	19	15
210	0	1000	23	16
210	0	1000	13	17
210	0	1000	23	18
210	0	1000	26	19
210	0	1000	71	20
210	0	1000	68	21
210	0	1000	209	22
210	0	1000	104	23
210	0	1000	168	24
210	0	1000	264	25
210	0	1000	432	26
210	0	1000	23	27
210	0	1000	20	28
210	0	1000	93	29
210	0	1000	0	30
210	0	1000	0	31
# Event data block #12
# Threshold	DAC	Events	Triggered	CH#
211	0	1000	8	0
211	0	1000	0	1
211	0	1000	45	2
211	0	1000	11	3
211	0	1000	55	4
211	0	1000	70	5
211	0	1000	93	6
211	0	1000	167	7
211	0	1000	123	8
211	0	1000	71	9
211	0	1000	344	10
211	0	1000	63	11
211	0	1000	63	12
211	0	1000	50	13
211	0	1000	0	14
211	0	1000	17	15
211	0	1000	24	16
211	0	1000	11	17
211	0	1000	23	18
211	0	1000	23	19
211	0	1000	64	20
211	0	1000	61	21
211	0	1000	222	22
211	0	1000	100	23
211	0	1000	170	24
211	0	1000	328	25
211	0	1000	578	26
211	0	1000	22	27
211	0	1000	12	28
211	0	1000	107	29
211	0	1000	0	30
211	0	1000	0	31
# Event data block #13
# Threshold	DAC	Events	Triggered	CH#
212	0	1000	20	0
212	0	1000	0	1
212	0	1000	64	2
212	0	1000	19	3
212	0	1000	69	4
212	0	1000	89	5
212	0	1000	107	6
212	0	1000	195	7
212	0	1000	134	8
212	0	1000	81	9
212	0	1000	546	10
212	0	1000	75	11
212	0	1000	75	12
212	0	1000	70	13
212	0	1000	1	14
212	0	1000	33	15
212	0	1000	46	16
212	0	1000	22	17
212	0	1000	36	18
212	0	1000	35	19
212	0	1000	71	20
212	0	1000	71	21
212	0	1000	314	22
212	0	1000	107	23
212	0	1000	179	24
212	0	1000	457	25
212	0	1000	710	26
212	0	1000	32	27
212	0	1000	24	28
212	0	1000	159	29
212	0	1000	1	30
212	0	1000	1	31
# Event data block #14
# Threshold	DAC	Events	Triggered	CH#
213	0	1000	21	0
213	0	1000	0	1
213	0	1000	75	2
213	0	1000	19	3
213	0	1000	77	4
213	0	1000	95	5
213	0	1000	121	6
213	0	1000	249	7
213	0	1000	156	8
213	0	1000	84	9
213	0	1000	682	10
213	0	1000	83	11
213	0	1000	81	12
213	0	1000	73	13
213	0	1000	3	14
213	0	1000	32	15
213	0	1000	52	16
213	0	1000	27	17
213	0	1000	34	18
213	0	1000	32	19
213	0	1000	80	20
213	0	1000	76	21
213	0	1000	426	22
213	0	1000	122	23
213	0	1000	222	24
213	0	1000	568	25
213	0	1000	753	26
213	0	1000	30	27
213	0	1000	25	28
213	0	1000	440	29
213	0	1000	3	30
213	0	1000	3	31
# Event data block #15
# Threshold	DAC	Events	Triggered	CH#
214	0	1000	34	0
214	0	1000	0	1
214	0	1000	95	2
214	0	1000	20	3
214	0	1000	80	4
214	0	1000	106	5
214	0	1000	126	6
214	0	1000	305	7
214	0	1000	183	8
214	0	1000	94	9
214	0	1000	756	10
214	0	1000	91	11
214	0	1000	89	12
214	0	1000	90	13
214	0	1000	0	14
214	0	1000	45	15
214	0	1000	68	16
214	0	1000	31	17
214	0	1000	40	18
214	0	1000	35	19
214	0	1000	86	20
214	0	1000	82	21
214	0	1000	511	22
214	0	1000	144	23
214	0	1000	252	24
214	0	1000	640	25
214	0	1000	793	26
214	0	1000	32	27
214	0	1000	25	28
214	0	1000	776	29
214	0	1000	1	30
214	0	1000	1	31
# Event data block #16
# Threshold	DAC	Events	Triggered	CH#
215	0	1000	55	0
215	0	1000	1	1
215	0	1000	135	2
215	0	1000	34	3
215	0	1000	103	4
215	0	1000	126	5
215	0	1000	150	6
215	0	1000	412	7
215	0	1000	212	8
215	0	1000	112	9
215	0	1000	791	10
215	0	1000	112	11
215	0	1000	111	12
215	0	1000	116	13
215	0	1000	7	14
215	0	1000	70	15
215	0	1000	103	16
215	0	1000	48	17
215	0	1000	52	18
215	0	1000	43	19
215	0	1000	107	20
215	0	1000	100	21
215	0	1000	592	22
215	0	1000	161	23
215	0	1000	320	24
215	0	1000	707	25
215	0	1000	824	26
215	0	1000	43	27
215	0	1000	43	28
215	0	1000	857	29
215	0	1000	10	30
215	0	1000	10	31
# Event data block #17
# Threshold	DAC	Events	Triggered	CH#
216	0	1000	71	0
216	0	1000	0	1
216	0	1000	165	2
216	0	1000	38	3
216	0	1000	98	4
216	0	1000	113	5
216	0	1000	144	6
216	0	1000	489	7
216	0	1000	218	8
216	0	1000	105	9
216	0	1000	806	10
216	0	1000	105	11
216	0	1000	107	12
216	0	1000	120	13
216	0	1000	4	14
216	0	1000	78	15
216	0	1000	114	16
216	0	1000	58	17
216	0	1000	59	18
216	0	1000	49	19
216	0	1000	102	20
216	0	1000	97	21
216	0	1000	655	22
216	0	1000	158	23
216	0	1000	395	24
216	0	1000	741	25
216	0	1000	820	26
216	0	1000	45	27
216	0	1000	44	28
216	0	1000	893	29
216	0	1000	15	30
216	0	1000	13	31
# Event data block #18
# Threshold	DAC	Events	Triggered	CH#
217	0	1000	101	0
217	0	1000	0	1
217	0	1000	371	2
217	0	1000	43	3
217	0	1000	102	4
217	0	1000	130	5
217	0	1000	171	6
217	0	1000	591	7
217	0	1000	281	8
217	0	1000	104	9
217	0	1000	826	10
217	0	1000	109	11
217	0	1000	116	12
217	0	1000	141	13
217	0	1000	5	14
217	0	1000	93	15
217	0	1000	185	16
217	0	1000	69	17
217	0	1000	67	18
217	0	1000	58	19
217	0	1000	105	20
217	0	1000	95	21
217	0	1000	741	22
217	0	1000	189	23
217	0	1000	464	24
217	0	1000	777	25
217	0	1000	843	26
217	0	1000	51	27
217	0	1000	55	28
217	0	1000	921	29
217	0	1000	28	30
217	0	1000	24	31
# Event data block #19
# Threshold	DAC	Events	Triggered	CH#
218	0	1000	169	0
218	0	1000	1	1
218	0	1000	722	2
218	0	1000	64	3
218	0	1000	138	4
218	0	1000	161	5
218	0	1000	211	6
218	0	1000	664	7
218	0	1000	345	8
218	0	1000	136	9
218	0	1000	854	10
218	0	1000	149	11
218	0	1000	154	12
218	0	1000	221	13
218	0	1000	13	14
218	0	1000	139	15
218	0	1000	403	16
218	0	1000	103	17
218	0	1000	95	18
218	0	1000	69	19
218	0	1000	136	20
218	0	1000	128	21
218	0	1000	771	22
218	0	1000	211	23
218	0	1000	531	24
218	0	1000	805	25
218	0	1000	864	26
218	0	1000	67	27
218	0	1000	72	28
218	0	1000	942	29
218	0	1000	47	30
218	0	1000	44	31
# Event data block #20
# Threshold	DAC	Events	Triggered	CH#
219	0	1000	498	0
219	0	1000	6	1
219	0	1000	860	2
219	0	1000	55	3
219	0	1000	126	4
219	0	1000	183	5
219	0	1000	255	6
219	0	1000	720	7
219	0	1000	426	8
219	0	1000	115	9
219	0	1000	887	10
219	0	1000	152	11
219	0	1000	171	12
219	0	1000	394	13
219	0	1000	13	14
219	0	1000	169	15
219	0	1000	759	16
219	0	1000	99	17
219	0	1000	78	18
219	0	1000	60	19
219	0	1000	128	20
219	0	1000	108	21
219	0	1000	798	22
219	0	1000	247	23
219	0	1000	601	24
219	0	1000	827	25
219	0	1000	895	26
219	0	1000	56	27
219	0	1000	61	28
219	0	1000	963	29
219	0	1000	54	30
219	0	1000	53	31
# Event data block #21
# Threshold	DAC	Events	Triggered	CH#
220	0	1000	824	0
220	0	1000	7	1
220	0	1000	889	2
220	0	1000	79	3
220	0	1000	160	4
220	0	1000	239	5
220	0	1000	338	6
220	0	1000	749	7
220	0	1000	522	8
220	0	1000	132	9
220	0	1000	886	10
220	0	1000	179	11
220	0	1000	242	12
220	0	1000	649	13
220	0	1000	22	14
220	0	1000	359	15
220	0	1000	849	16
220	0	1000	138	17
220	0	1000	105	18
220	0	1000	71	19
220	0	1000	151	20
220	0	1000	129	21
220	0	1000	813	22
220	0	1000	271	23
220	0	1000	643	24
220	0	1000	844	25
220	0	1000	895	26
220	0	1000	62	27
220	0	1000	82	28
220	0	1000	975	29
220	0	1000	85	30
220	0	1000	80	31
# Event data block #22
# Threshold	DAC	Events	Triggered	CH#
221	0	1000	893	0
221	0	1000	10	1
221	0	1000	921	2
221	0	1000	79	3
221	0	1000	250	4
221	0	1000	369	5
221	0	1000	473	6
221	0	1000	784	7
221	0	1000	625	8
221	0	1000	152	9
221	0	1000	908	10
221	0	1000	273	11
221	0	1000	431	12
221	0	1000	793	13
221	0	1000	27	14
221	0	1000	704	15
221	0	1000	896	16
221	0	1000	228	17
221	0	1000	107	18
221	0	1000	71	19
221	0	1000	204	20
221	0	1000	142	21
221	0	1000	844	22
221	0	1000	381	23
221	0	1000	701	24
221	0	1000	862	25
221	0	1000	911	26
221	0	1000	69	27
221	0	1000	84	28
221	0	1000	980	29
221	0	1000	109	30
221	0	1000	97	31
# Event data block #23
# Threshold	DAC	Events	Triggered	CH#
222	0	1000	903	0
222	0	1000	15	1
222	0	1000	924	2
222	0	1000	96	3
222	0	1000	431	4
222	0	1000	556	5
222	0	1000	616	6
222	0	1000	807	7
222	0	1000	691	8
222	0	1000	178	9
222	0	1000	899	10
222	0	1000	444	11
222	0	1000	645	12
222	0	1000	844	13
222	0	1000	27	14
222	0	1000	825	15
222	0	1000	911	16
222	0	1000	535	17
222	0	1000	151	18
222	0	1000	74	19
222	0	1000	280	20
222	0	1000	183	21
222	0	1000	849	22
222	0	1000	473	23
222	0	1000	750	24
222	0	1000	860	25
222	0	1000	906	26
222	0	1000	68	27
222	0	1000	99	28
222	0	1000	987	29
222	0	1000	214	30
222	0	1000	191	31
# Event data block #24
# Threshold	DAC	Events	Triggered	CH#
223	0	1000	944	0
223	0	1000	39	1
223	0	1000	952	2
223	0	1000	152	3
223	0	1000	616	4
223	0	1000	675	5
223	0	1000	692	6
223	0	1000	822	7
223	0	1000	741	8
223	0	1000	263	9
223	0	1000	920	10
223	0	1000	586	11
223	0	1000	763	12
223	0	1000	879	13
223	0	1000	55	14
223	0	1000	881	15
223	0	1000	940	16
223	0	1000	786	17
223	0	1000	252	18
223	0	1000	107	19
223	0	1000	430	20
223	0	1000	260	21
223	0	1000	865	22
223	0	1000	515	23
223	0	1000	777	24
223	0	1000	881	25
223	0	1000	920	26
223	0	1000	93	27
223	0	1000	150	28
223	0	1000	996	29
223	0	1000	601	30
223	0	1000	572	31
# Event data block #25
# Threshold	DAC	Events	Triggered	CH#
224	0	1000	959	0
224	0	1000	51	1
224	0	1000	959	2
224	0	1000	185	3
224	0	1000	736	4
224	0	1000	759	5
224	0	1000	754	6
224	0	1000	836	7
224	0	1000	767	8
224	0	1000	344	9
224	0	1000	930	10
224	0	1000	723	11
224	0	1000	809	12
224	0	1000	910	13
224	0	1000	62	14
224	0	1000	913	15
224	0	1000	955	16
224	0	1000	848	17
224	0	1000	422	18
224	0	1000	97	19
224	0	1000	568	20
224	0	1000	354	21
224	0	1000	870	22
224	0	1000	589	23
224	0	1000	795	24
224	0	1000	891	25
224	0	1000	932	26
224	0	1000	89	27
224	0	1000	172	28
224	0	1000	997	29
224	0	1000	832	30
224	0	1000	821	31
# Event data block #26
# Threshold	DAC	Events	Triggered	CH#
225	0	1000	975	0
225	0	1000	78	1
225	0	1000	978	2
225	0	1000	380	3
225	0	1000	813	4
225	0	1000	803	5
225	0	1000	793	6
225	0	1000	858	7
225	0	1000	790	8
225	0	1000	440	9
225	0	1000	950	10
225	0	1000	789	11
225	0	1000	858	12
225	0	1000	936	13
225	0	1000	75	14
225	0	1000	945	15
225	0	1000	971	16
225	0	1000	903	17
225	0	1000	662	18
225	0	1000	134	19
225	0	1000	692	20
225	0	1000	464	21
225	0	1000	903	22
225	0	1000	656	23
225	0	1000	812	24
225	0	1000	915	25
225	0	1000	952	26
225	0	1000	114	27
225	0	1000	337	28
225	0	1000	999	29
225	0	1000	908	30
225	0	1000	905	31
# Event data block #27
# Threshold	DAC	Events	Triggered	CH#
226	0	1000	992	0
226	0	1000	71	1
226	0	1000	990	2
226	0	1000	696	3
226	0	1000	874	4
226	0	1000	856	5
226	0	1000	845	6
226	0	1000	884	7
226	0	1000	836	8
226	0	1000	598	9
226	0	1000	963	10
226	0	1000	852	11
226	0	1000	897	12
226	0	1000	960	13
226	0	1000	55	14
226	0	1000	966	15
226	0	1000	987	16
226	0	1000	942	17
226	0	1000	813	18
226	0	1000	116	19
226	0	1000	797	20
226	0	1000	629	21
226	0	1000	921	22
226	0	1000	733	23
226	0	1000	851	24
226	0	1000	931	25
226	0	1000	963	26
226	0	1000	89	27
226	0	1000	597	28
226	0	1000	998	29
226	0	1000	949	30
226	0	1000	950	31
# Event data block #28
# Threshold	DAC	Events	Triggered	CH#
227	0	1000	995	0
227	0	1000	186	1
227	0	1000	995	2
227	0	1000	855	3
227	0	1000	915	4
227	0	1000	905	5
227	0	1000	891	6
227	0	1000	925	7
227	0	1000	882	8
227	0	1000	724	9
227	0	1000	971	10
227	0	1000	903	11
227	0	1000	945	12
227	0	1000	973	13
227	0	1000	57	14
227	0	1000	979	15
227	0	1000	994	16
227	0	1000	966	17
227	0	1000	891	18
227	0	1000	145	19
227	0	1000	877	20
227	0	1000	762	21
227	0	1000	952	22
227	0	1000	813	23
227	0	1000	885	24
227	0	1000	955	25
227	0	1000	972	26
227	0	1000	101	27
227	0	1000	822	28
227	0	1000	1000	29
227	0	1000	971	30
227	0	1000	968	31
# Event data block #29
# Threshold	DAC	Events	Triggered	CH#
228	0	1000	995	0
228	0	1000	748	1
228	0	1000	994	2
228	0	1000	892	3
228	0	1000	924	4
228	0	1000	905	5
228	0	1000	890	6
228	0	1000	912	7
228	0	1000	879	8
228	0	1000	797	9
228	0	1000	968	10
228	0	1000	904	11
228	0	1000	937	12
228	0	1000	970	13
228	0	1000	147	14
228	0	1000	981	15
228	0	1000	993	16
228	0	1000	963	17
228	0	1000	909	18
228	0	1000	325	19
228	0	1000	877	20
228	0	1000	808	21
228	0	1000	940	22
228	0	1000	818	23
228	0	1000	880	24
228	0	1000	941	25
228	0	1000	968	26
228	0	1000	191	27
228	0	1000	877	28
228	0	1000	1000	29
228	0	1000	977	30
228	0	1000	975	31
# Event data block #30
# Threshold	DAC	Events	Triggered	CH#
229	0	1000	998	0
229	0	1000	878	1
229	0	1000	996	2
229	0	1000	895	3
229	0	1000	909	4
229	0	1000	895	5
229	0	1000	875	6
229	0	1000	892	7
229	0	1000	863	8
229	0	1000	805	9
229	0	1000	962	10
229	0	1000	894	11
229	0	1000	926	12
229	0	1000	973	13
229	0	1000	462	14
229	0	1000	983	15
229	0	1000	996	16
229	0	1000	971	17
229	0	1000	906	18
229	0	1000	561	19
229	0	1000	869	20
229	0	1000	820	21
229	0	1000	923	22
229	0	1000	795	23
229	0	1000	865	24
229	0	1000	926	25
229	0	1000	966	26
229	0	1000	363	27
229	0	1000	877	28
229	0	1000	1000	29
229	0	1000	981	30
229	0	1000	980	31
# Event data block #31
# Threshold	DAC	Events	Triggered	CH#
230	0	1000	996	0
230	0	1000	902	1
230	0	1000	994	2
230	0	1000	903	3
230	0	1000	906	4
230	0	1000	891	5
230	0	1000	877	6
230	0	1000	889	7
230	0	1000	862	8
230	0	1000	822	9
230	0	1000	956	10
230	0	1000	896	11
230	0	1000	918	12
230	0	1000	962	13
230	0	1000	768	14
230	0	1000	980	15
230	0	1000	995	16
230	0	1000	963	17
230	0	1000	910	18
230	0	1000	717	19
230	0	1000	877	20
230	0	1000	832	21
230	0	1000	912	22
230	0	1000	803	23
230	0	1000	865	24
230	0	1000	918	25
230	0	1000	959	26
230	0	1000	575	27
230	0	1000	891	28
230	0	1000	1000	29
230	0	1000	985	30
230	0	1000	984	31
# Event data block #32
# Threshold	DAC	Events	Triggered	CH#
231	0	1000	1000	0
231	0	1000	913	1
231	0	1000	997	2
231	0	1000	902	3
231	0	1000	901	4
231	0	1000	882	5
231	0	1000	871	6
231	0	1000	874	7
231	0	1000	848	8
231	0	1000	811	9
231	0	1000	956	10
231	0	1000	886	11
231	0	1000	919	12
231	0	1000	969	13
231	0	1000	817	14
231	0	1000	986	15
231	0	1000	997	16
231	0	1000	975	17
231	0	1000	908	18
231	0	1000	774	19
231	0	1000	866	20
231	0	1000	825	21
231	0	1000	905	22
231	0	1000	793	23
231	0	1000	842	24
231	0	1000	913	25
231	0	1000	962	26
231	0	1000	729	27
231	0	1000	890	28
231	0	1000	1000	29
231	0	1000	990	30
231	0	1000	989	31
# Event data block #33
# Threshold	DAC	Events	Triggered	CH#
232	0	1000	1000	0
232	0	1000	928	1
232	0	1000	999	2
232	0	1000	903	3
232	0	1000	901	4
232	0	1000	888	5
232	0	1000	864	6
232	0	1000	869	7
232	0	1000	852	8
232	0	1000	822	9
232	0	1000	959	10
232	0	1000	894	11
232	0	1000	919	12
232	0	1000	973	13
232	0	1000	856	14
232	0	1000	989	15
232	0	1000	999	16
232	0	1000	975	17
232	0	1000	908	18
232	0	1000	805	19
232	0	1000	864	20
232	0	1000	833	21
232	0	1000	900	22
232	0	1000	796	23
232	0	1000	844	24
232	0	1000	911	25
232	0	1000	959	26
232	0	1000	772	27
232	0	1000	897	28
232	0	1000	1000	29
232	0	1000	991	30
232	0	1000	992	31
# Event data block #34
# Threshold	DAC	Events	Triggered	CH#
233	0	1000	998	0
233	0	1000	946	1
233	0	1000	996	2
233	0	1000	916	3
233	0	1000	900	4
233	0	1000	874	5
233	0	1000	850	6
233	0	1000	857	7
233	0	1000	831	8
233	0	1000	809	9
233	0	1000	953	10
233	0	1000	887	11
233	0	1000	924	12
233	0	1000	974	13
233	0	1000	859	14
233	0	1000	991	15
233	0	1000	997	16
233	0	1000	974	17
233	0	1000	916	18
233	0	1000	804	19
233	0	1000	856	20
233	0	1000	823	21
233	0	1000	892	22
233	0	1000	784	23
233	0	1000	827	24
233	0	1000	905	25
233	0	1000	950	26
233	0	1000	780	27
233	0	1000	902	28
233	0	1000	999	29
233	0	1000	992	30
233	0	1000	993	31
# Event data block #35
# Threshold	DAC	Events	Triggered	CH#
234	0	1000	1000	0
234	0	1000	974	1
234	0	1000	1000	2
234	0	1000	935	3
234	0	1000	927	4
234	0	1000	906	5
234	0	1000	891	6
234	0	1000	895	7
234	0	1000	868	8
234	0	1000	849	9
234	0	1000	967	10
234	0	1000	914	11
234	0	1000	942	12
234	0	1000	981	13
234	0	1000	910	14
234	0	1000	996	15
234	0	1000	1000	16
234	0	1000	987	17
234	0	1000	937	18
234	0	1000	850	19
234	0	1000	899	20
234	0	1000	859	21
234	0	1000	916	22
234	0	1000	816	23
234	0	1000	858	24
234	0	1000	925	25
234	0	1000	968	26
234	0	1000	829	27
234	0	1000	926	28
234	0	1000	1000	29
234	0	1000	999	30
234	0	1000	999	31
# Event data block #36
# Threshold	DAC	Events	Triggered	CH#
235	0	1000	1000	0
235	0	1000	980	1
235	0	1000	1000	2
235	0	1000	934	3
235	0	1000	917	4
235	0	1000	891	5
235	0	1000	873	6
235	0	1000	874	7
235	0	1000	857	8
235	0	1000	846	9
235	0	1000	959	10
235	0	1000	901	11
235	0	1000	938	12
235	0	1000	982	13
235	0	1000	907	14
235	0	1000	995	15
235	0	1000	1000	16
235	0	1000	989	17
235	0	1000	933	18
235	0	1000	851	19
235	0	1000	878	20
235	0	1000	854	21
235	0	1000	897	22
235	0	1000	815	23
235	0	1000	851	24
235	0	1000	908	25
235	0	1000	954	26
235	0	1000	832	27
235	0	1000	925	28
235	0	1000	1000	29
235	0	1000	998	30
235	0	1000	999	31
# Event data block #37
# Threshold	DAC	Events	Triggered	CH#
236	0	1000	1000	0
236	0	1000	993	1
236	0	1000	1000	2
236	0	1000	955	3
236	0	1000	937	4
236	0	1000	905	5
236	0	1000	870	6
236	0	1000	874	7
236	0	1000	858	8
236	0	1000	845	9
236	0	1000	973	10
236	0	1000	919	11
236	0	1000	962	12
236	0	1000	991	13
236	0	1000	930	14
236	0	1000	998	15
236	0	1000	1000	16
236	0	1000	996	17
236	0	1000	953	18
236	0	1000	854	19
236	0	1000	883	20
236	0	1000	852	21
236	0	1000	910	22
236	0	1000	804	23
236	0	1000	847	24
236	0	1000	924	25
236	0	1000	974	26
236	0	1000	847	27
236	0	1000	944	28
236	0	1000	1000	29
236	0	1000	1000	30
236	0	1000	999	31
# Event data block #38
# Threshold	DAC	Events	Triggered	CH#
237	0	1000	1000	0
237	0	1000	997	1
237	0	1000	999	2
237	0	1000	961	3
237	0	1000	937	4
237	0	1000	917	5
237	0	1000	885	6
237	0	1000	886	7
237	0	1000	865	8
237	0	1000	848	9
237	0	1000	967	10
237	0	1000	925	11
237	0	1000	954	12
237	0	1000	992	13
237	0	1000	941	14
237	0	1000	998	15
237	0	1000	1000	16
237	0	1000	995	17
237	0	1000	955	18
237	0	1000	871	19
237	0	1000	902	20
237	0	1000	869	21
237	0	1000	923	22
237	0	1000	816	23
237	0	1000	851	24
237	0	1000	930	25
237	0	1000	969	26
237	0	1000	859	27
237	0	1000	947	28
237	0	1000	1000	29
237	0	1000	999	30
237	0	1000	999	31
# Event data block #39
# Threshold	DAC	Events	Triggered	CH#
238	0	1000	1000	0
238	0	1000	999	1
238	0	1000	1000	2
238	0	1000	977	3
238	0	1000	963	4
238	0	1000	941	5
238	0	1000	913	6
238	0	1000	904	7
238	0	1000	888	8
238	0	1000	874	9
238	0	1000	982	10
238	0	1000	949	11
238	0	1000	976	12
238	0	1000	995	13
238	0	1000	969	14
238	0	1000	1000	15
238	0	1000	1000	16
238	0	1000	999	17
238	0	1000	976	18
238	0	1000	906	19
238	0	1000	927	20
238	0	1000	900	21
238	0	1000	941	22
238	0	1000	845	23
238	0	1000	878	24
238	0	1000	950	25
238	0	1000	982	26
238	0	1000	887	27
238	0	1000	971	28
238	0	1000	1000	29
238	0	1000	1000	30
238	0	1000	1000	31
# Event data block #40
# Threshold	DAC	Events	Triggered	CH#
239	0	1000	1000	0
239	0	1000	999	1
239	0	1000	1000	2
239	0	1000	980	3
239	0	1000	963	4
239	0	1000	950	5
239	0	1000	922	6
239	0	1000	917	7
239	0	1000	895	8
239	0	1000	893	9
239	0	1000	986	10
239	0	1000	954	11
239	0	1000	976	12
239	0	1000	999	13
239	0	1000	973	14
239	0	1000	999	15
239	0	1000	1000	16
239	0	1000	999	17
239	0	1000	976	18
239	0	1000	917	19
239	0	1000	943	20
239	0	1000	914	21
239	0	1000	943	22
239	0	1000	876	23
239	0	1000	898	24
239	0	1000	948	25
239	0	1000	985	26
239	0	1000	911	27
239	0	1000	973	28
239	0	1000	1000	29
239	0	1000	1000	30
239	0	1000	1000	31
# Event data block #41
# Threshold	DAC	Events	Triggered	CH#
240	0	1000	1000	0
240	0	1000	1000	1
240	0	1000	1000	2
240	0	1000	983	3
240	0	1000	970	4
240	0	1000	952	5
240	0	1000	922	6
240	0	1000	912	7
240	0	1000	890	8
240	0	1000	889	9
240	0	1000	979	10
240	0	1000	953	11
240	0	1000	978	12
240	0	1000	999	13
240	0	1000	977	14
240	0	1000	1000	15
240	0	1000	1000	16
240	0	1000	999	17
240	0	1000	980	18
240	0	1000	913	19
240	0	1000	944	20
240	0	1000	909	21
240	0	1000	941	22
240	0	1000	937	23
240	0	1000	888	24
240	0	1000	950	25
240	0	1000	979	26
240	0	1000	904	27
240	0	1000	977	28
240	0	1000	1000	29
240	0	1000	1000	30
240	0	1000	1000	31
# Event data block #42
# Threshold	DAC	Events	Triggered	CH#
241	0	1000	1000	0
241	0	1000	1000	1
241	0	1000	1000	2
241	0	1000	985	3
241	0	1000	973	4
241	0	1000	991	5
241	0	1000	920	6
241	0	1000	908	7
241	0	1000	887	8
241	0	1000	890	9
241	0	1000	980	10
241	0	1000	963	11
241	0	1000	976	12
241	0	1000	999	13
241	0	1000	984	14
241	0	1000	1000	15
241	0	1000	1000	16
241	0	1000	1000	17
241	0	1000	981	18
241	0	1000	917	19
241	0	1000	999	20
241	0	1000	908	21
241	0	1000	935	22
241	0	1000	1000	23
241	0	1000	885	24
241	0	1000	942	25
241	0	1000	980	26
241	0	1000	907	27
241	0	1000	979	28
241	0	1000	1000	29
241	0	1000	1000	30
241	0	1000	1000	31
# Event data block #43
# Threshold	DAC	Events	Triggered	CH#
242	0	1000	1000	0
242	0	1000	999	1
242	0	1000	1000	2
242	0	1000	993	3
242	0	1000	982	4
242	0	1000	1000	5
242	0	1000	940	6
242	0	1000	917	7
242	0	1000	898	8
242	0	1000	898	9
242	0	1000	989	10
242	0	1000	976	11
242	0	1000	987	12
242	0	1000	999	13
242	0	1000	996	14
242	0	1000	1000	15
242	0	1000	1000	16
242	0	1000	999	17
242	0	1000	991	18
242	0	1000	929	19
242	0	1000	1000	20
242	0	1000	939	21
242	0	1000	950	22
242	0	1000	1000	23
242	0	1000	891	24
242	0	1000	959	25
242	0	1000	990	26
242	0	1000	922	27
242	0	1000	988	28
242	0	1000	1000	29
242	0	1000	1000	30
242	0	1000	1000	31
# Event data block #44
# Threshold	DAC	Events	Triggered	CH#
243	0	1000	1000	0
243	0	1000	1000	1
243	0	1000	1000	2
243	0	1000	993	3
243	0	1000	986	4
243	0	1000	1000	5
243	0	1000	942	6
243	0	1000	907	7
243	0	1000	885	8
243	0	1000	890	9
243	0	1000	986	10
243	0	1000	1000	11
243	0	1000	983	12
243	0	1000	1000	13
243	0	1000	999	14
243	0	1000	1000	15
243	0	1000	1000	16
243	0	1000	1000	17
243	0	1000	991	18
243	0	1000	915	19
243	0	1000	1000	20
243	0	1000	1000	21
243	0	1000	942	22
243	0	1000	1000	23
243	0	1000	884	24
243	0	1000	947	25
243	0	1000	984	26
243	0	1000	909	27
243	0	1000	990	28
243	0	1000	1000	29
243	0	1000	1000	30
243	0	1000	1000	31
# Event data block #45
# Threshold	DAC	Events	Triggered	CH#
244	0	1000	1000	0
244	0	1000	1000	1
244	0	1000	1000	2
244	0	1000	995	3
244	0	1000	993	4
244	0	1000	1000	5
244	0	1000	1000	6
244	0	1000	939	7
244	0	1000	917	8
244	0	1000	927	9
244	0	1000	994	10
244	0	1000	1000	11
244	0	1000	994	12
244	0	1000	1000	13
244	0	1000	1000	14
244	0	1000	1000	15
244	0	1000	1000	16
244	0	1000	1000	17
244	0	1000	995	18
244	0	1000	951	19
244	0	1000	1000	20
244	0	1000	1000	21
244	0	1000	962	22
244	0	1000	1000	23
244	0	1000	918	24
244	0	1000	970	25
244	0	1000	994	26
244	0	1000	941	27
244	0	1000	995	28
244	0	1000	1000	29
244	0	1000	1000	30
244	0	1000	1000	31
# Event data block #46
# Threshold	DAC	Events	Triggered	CH#
245	0	1000	1000	0
245	0	1000	1000	1
245	0	1000	1000	2
245	0	1000	998	3
245	0	1000	1000	4
245	0	1000	1000	5
245	0	1000	1000	6
245	0	1000	929	7
245	0	1000	906	8
245	0	1000	917	9
245	0	1000	991	10
245	0	1000	1000	11
245	0	1000	987	12
245	0	1000	1000	13
245	0	1000	1000	14
245	0	1000	1000	15
245	0	1000	1000	16
245	0	1000	1000	17
245	0	1000	998	18
245	0	1000	947	19
245	0	1000	1000	20
245	0	1000	1000	21
245	0	1000	948	22
245	0	1000	1000	23
245	0	1000	918	24
245	0	1000	955	25
245	0	1000	987	26
245	0	1000	935	27
245	0	1000	991	28
245	0	1000	1000	29
245	0	1000	1000	30
245	0	1000	1000	31
# Event data block #47
# Threshold	DAC	Events	Triggered	CH#
246	0	1000	1000	0
246	0	1000	1000	1
246	0	1000	1000	2
246	0	1000	996	3
246	0	1000	1000	4
246	0	1000	1000	5
246	0	1000	1000	6
246	0	1000	1000	7
246	0	1000	917	8
246	0	1000	932	9
246	0	1000	992	10
246	0	1000	1000	11
246	0	1000	991	12
246	0	1000	1000	13
246	0	1000	1000	14
246	0	1000	1000	15
246	0	1000	1000	16
246	0	1000	1000	17
246	0	1000	1000	18
246	0	1000	951	19
246	0	1000	1000	20
246	0	1000	1000	21
246	0	1000	952	22
246	0	1000	1000	23
246	0	1000	1000	24
246	0	1000	956	25
246	0	1000	992	26
246	0	1000	946	27
246	0	1000	994	28
246	0	1000	1000	29
246	0	1000	1000	30
246	0	1000	1000	31
# Event data block #48
# Threshold	DAC	Events	Triggered	CH#
247	0	1000	1000	0
247	0	1000	1000	1
247	0	1000	1000	2
247	0	1000	998	3
247	0	1000	1000	4
247	0	1000	1000	5
247	0	1000	1000	6
247	0	1000	1000	7
247	0	1000	943	8
247	0	1000	999	9
247	0	1000	993	10
247	0	1000	1000	11
247	0	1000	993	12
247	0	1000	1000	13
247	0	1000	1000	14
247	0	1000	1000	15
247	0	1000	1000	16
247	0	1000	1000	17
247	0	1000	1000	18
247	0	1000	974	19
247	0	1000	1000	20
247	0	1000	1000	21
247	0	1000	972	22
247	0	1000	1000	23
247	0	1000	1000	24
247	0	1000	972	25
247	0	1000	993	26
247	0	1000	964	27
247	0	1000	996	28
247	0	1000	1000	29
247	0	1000	1000	30
247	0	1000	1000	31
# Event data block #49
# Threshold	DAC	Events	Triggered	CH#
248	0	1000	1000	0
248	0	1000	1000	1
248	0	1000	1000	2
248	0	1000	999	3
248	0	1000	1000	4
248	0	1000	1000	5
248	0	1000	1000	6
248	0	1000	1000	7
248	0	1000	942	8
248	0	1000	1000	9
248	0	1000	998	10
248	0	1000	1000	11
248	0	1000	998	12
248	0	1000	1000	13
248	0	1000	1000	14
248	0	1000	1000	15
248	0	1000	1000	16
248	0	1000	1000	17
248	0	1000	1000	18
248	0	1000	972	19
248	0	1000	1000	20
248	0	1000	1000	21
248	0	1000	965	22
248	0	1000	1000	23
248	0	1000	1000	24
248	0	1000	969	25
248	0	1000	997	26
248	0	1000	965	27
248	0	1000	1000	28
248	0	1000	1000	29
248	0	1000	1000	30
248	0	1000	1000	31
# Event data block #50
# Threshold	DAC	Events	Triggered	CH#
249	0	1000	1000	0
249	0	1000	1000	1
249	0	1000	1000	2
249	0	1000	1000	3
249	0	1000	1000	4
249	0	1000	1000	5
249	0	1000	1000	6
249	0	1000	1000	7
249	0	1000	1000	8
249	0	1000	1000	9
249	0	1000	992	10
249	0	1000	1000	11
249	0	1000	992	12
249	0	1000	1000	13
249	0	1000	1000	14
249	0	1000	1000	15
249	0	1000	1000	16
249	0	1000	1000	17
249	0	1000	1000	18
249	0	1000	977	19
249	0	1000	1000	20
249	0	1000	1000	21
249	0	1000	972	22
249	0	1000	1000	23
249	0	1000	1000	24
249	0	1000	973	25
249	0	1000	989	26
249	0	1000	973	27
249	0	1000	1000	28
249	0	1000	1000	29
249	0	1000	1000	30
249	0	1000	1000	31
# Event data block #51
# Threshold	DAC	Events	Triggered	CH#
250	0	1000	1000	0
250	0	1000	1000	1
250	0	1000	1000	2
250	0	1000	1000	3
250	0	1000	1000	4
250	0	1000	1000	5
250	0	1000	1000	6
250	0	1000	1000	7
250	0	1000	1000	8
250	0	1000	1000	9
250	0	1000	1000	10
250	0	1000	1000	11
250	0	1000	997	12
250	0	1000	1000	13
250	0	1000	1000	14
250	0	1000	1000	15
250	0	1000	1000	16
250	0	1000	1000	17
250	0	1000	1000	18
250	0	1000	1000	19
250	0	1000	1000	20
250	0	1000	1000	21
250	0	1000	985	22
250	0	1000	1000	23
250	0	1000	1000	24
250	0	1000	980	25
250	0	1000	996	26
250	0	1000	1000	27
250	0	1000	1000	28
250	0	1000	1000	29
250	0	1000	1000	30
250	0	1000	1000	31
# Event data block #52
# Threshold	DAC	Events	Triggered	CH#
251	0	1000	1000	0
251	0	1000	1000	1
251	0	1000	1000	2
251	0	1000	1000	3
251	0	1000	1000	4
251	0	1000	1000	5
251	0	1000	1000	6
251	0	1000	1000	7
251	0	1000	1000	8
251	0	1000	1000	9
251	0	1000	1000	10
251	0	1000	1000	11
251	0	1000	1000	12
251	0	1000	1000	13
251	0	1000	1000	14
251	0	1000	1000	15
251	0	1000	1000	16
251	0	1000	1000	17
251	0	1000	1000	18
251	0	1000	1000	19
251	0	1000	1000	20
251	0	1000	1000	21
251	0	1000	1000	22
251	0	1000	1000	23
251	0	1000	1000	24
251	0	1000	984	25
251	0	1000	1000	26
251	0	1000	1000	27
251	0	1000	1000	28
251	0	1000	1000	29
251	0	1000	1000	30
251	0	1000	1000	31
# Event data block #53
# Threshold	DAC	Events	Triggered	CH#
252	0	1000	1000	0
252	0	1000	1000	1
252	0	1000	1000	2
252	0	1000	1000	3
252	0	1000	1000	4
252	0	1000	1000	5
252	0	1000	1000	6
252	0	1000	1000	7
252	0	1000	1000	8
252	0	1000	1000	9
252	0	1000	1000	10
252	0	1000	1000	11
252	0	1000	1000	12
252	0	1000	1000	13
252	0	1000	1000	14
252	0	1000	1000	15
252	0	1000	1000	16
252	0	1000	1000	17
252	0	1000	1000	18
252	0	1000	1000	19
252	0	1000	1000	20
252	0	1000	1000	21
252	0	1000	1000	22
252	0	1000	1000	23
252	0	1000	1000	24
252	0	1000	989	25
252	0	1000	1000	26
252	0	1000	1000	27
252	0	1000	1000	28
252	0	1000	1000	29
252	0	1000	1000	30
252	0	1000	1000	31
# Event data block #54
# Threshold	DAC	Events	Triggered	CH#
253	0	1000	1000	0
253	0	1000	1000	1
253	0	1000	1000	2
253	0	1000	1000	3
253	0	1000	1000	4
253	0	1000	1000	5
253	0	1000	1000	6
253	0	1000	1000	7
253	0	1000	1000	8
253	0	1000	1000	9
253	0	1000	1000	10
253	0	1000	1000	11
253	0	1000	1000	12
253	0	1000	1000	13
253	0	1000	1000	14
253	0	1000	1000	15
253	0	1000	1000	16
253	0	1000	1000	17
253	0	1000	1000	18
253	0	1000	1000	19
253	0	1000	1000	20
253	0	1000	1000	21
253	0	1000	1000	22
253	0	1000	1000	23
253	0	1000	1000	24
253	0	1000	1000	25
253	0	1000	1000	26
253	0	1000	1000	27
253	0	1000	1000	28
253	0	1000	1000	29
253	0	1000	1000	30
253	0	1000	1000	31
# Event data block #55
# Threshold	DAC	Events	Triggered	CH#
254	0	1000	1000	0
254	0	1000	1000	1
254	0	1000	1000	2
254	0	1000	1000	3
254	0	1000	1000	4
254	0	1000	1000	5
254	0	1000	1000	6
254	0	1000	1000	7
254	0	1000	1000	8
254	0	1000	1000	9
254	0	1000	1000	10
254	0	1000	1000	11
254	0	1000	1000	12
254	0	1000	1000	13
254	0	1000	1000	14
254	0	1000	1000	15
254	0	1000	1000	16
254	0	1000	1000	17
254	0	1000	1000	18
254	0	1000	1000	19
254	0	1000	1000	20
254	0	1000	1000	21
254	0	1000	1000	22
254	0	1000	1000	23
254	0	1000	1000	24
254	0	1000	1000	25
254	0	1000	1000	26
254	0	1000	1000	27
254	0	1000	1000	28
254	0	1000	1000	29
254	0	1000	1000	30
254	0	1000	1000	31
# Event data block #56
# Threshold	DAC	Events	Triggered	CH#
255	0	1000	1000	0
255	0	1000	1000	1
255	0	1000	1000	2
255	0	1000	1000	3
255	0	1000	1000	4
255	0	1000	1000	5
255	0	1000	1000	6
255	0	1000	1000	7
255	0	1000	1000	8
255	0	1000	1000	9
255	0	1000	1000	10
255	0	1000	1000	11
255	0	1000	1000	12
255	0	1000	1000	13
255	0	1000	1000	14
255	0	1000	1000	15
255	0	1000	1000	16
255	0	1000	1000	17
255	0	1000	1000	18
255	0	1000	1000	19
255	0	1000	1000	20
255	0	1000	1000	21
255	0	1000	1000	22
255	0	1000	1000	23
255	0	1000	1000	24
255	0	1000	1000	25
255	0	1000	1000	26
255	0	1000	1000	27
255	0	1000	1000	28
255	0	1000	1000	29
255	0	1000	1000	30
255	0	1000	1000	31
