ch	pt	m	q
 0	 0	1.9634	-223.6730
 0	 1	2.1482	-257.1633
 0	 2	2.2825	-280.9353
 0	 3	2.2563	-276.2526
 0	 4	2.2575	-277.0923
 0	 5	2.1325	-254.0953
 0	 6	2.2247	-271.1197
 0	 7	1.9265	-216.3037
 1	 0	1.9513	-125.6707
 1	 1	2.1107	-147.0124
 1	 2	2.1872	-157.3381
 1	 3	2.2399	-163.7231
 1	 4	2.1777	-155.9409
 1	 5	2.0965	-144.9867
 1	 6	2.2459	-164.9179
 1	 7	1.9226	-121.9859
 2	 0	1.4707	-70.9391
 2	 1	1.5981	-88.5131
 2	 2	1.6998	-102.1302
 2	 3	1.5719	-84.4884
 2	 4	1.6075	-89.2638
 2	 5	1.6109	-89.6785
 2	 6	1.6446	-94.4097
 2	 7	1.4740	-70.7066
 3	 0	1.1875	-34.7126
 3	 1	1.2665	-46.1133
 3	 2	1.3153	-52.9785
 3	 3	1.2251	-39.9194
 3	 4	1.2518	-44.0228
 3	 5	1.2541	-44.1081
 3	 6	1.2552	-44.4076
 3	 7	1.2028	-36.8429
 4	 0	0.9820	25.3451
 4	 1	1.0298	19.9888
 4	 2	1.0609	16.7504
 4	 3	1.0009	23.2602
 4	 4	1.0092	22.3633
 4	 5	0.9942	24.0702
 4	 6	1.0011	23.3094
 4	 7	0.9644	27.4008
 5	 0	0.8448	40.6697
 5	 1	0.9022	34.3698
 5	 2	0.9117	33.4911
 5	 3	0.8870	36.1010
 5	 4	0.8724	37.7784
 5	 5	0.8400	41.3132
 5	 6	0.8499	40.1990
 5	 7	0.8177	43.8296
 6	 0	0.6692	54.7701
 6	 1	0.6785	53.7346
 6	 2	0.6870	52.9804
 6	 3	0.6526	56.8273
 6	 4	0.6494	57.4293
 6	 5	0.6330	59.1991
 6	 6	0.6346	59.0421
 6	 7	0.6195	61.3045
 7	 0	0.5375	65.5946
 7	 1	0.5768	60.5359
 7	 2	0.5800	60.1649
 7	 3	0.5747	61.0020
 7	 4	0.5431	64.7941
 7	 5	0.5242	67.1675
 7	 6	0.5271	66.7990
 7	 7	0.5150	68.4565
 8	 0	0.5482	62.9351
 8	 1	0.5426	63.6325
 8	 2	0.5338	64.8635
 8	 3	0.5433	63.4409
 8	 4	0.5116	67.5191
 8	 5	0.4986	69.3005
 8	 6	0.4918	70.1045
 8	 7	0.4701	72.9647
 9	 0	0.6465	60.5027
 9	 1	0.6816	56.4687
 9	 2	0.6644	58.3235
 9	 3	0.6504	59.8455
 9	 4	0.6329	61.9259
 9	 5	0.6203	63.3891
 9	 6	0.6223	62.9117
 9	 7	0.5976	65.9979
10	 0	0.7332	33.4914
10	 1	0.7239	34.9357
10	 2	0.7109	36.6577
10	 3	0.6883	39.4802
10	 4	0.6852	40.0384
10	 5	0.6935	38.9337
10	 6	0.6823	40.4567
10	 7	0.6824	40.5506
11	 0	0.8471	17.2101
11	 1	0.8672	14.5888
11	 2	0.8687	14.3174
11	 3	0.8551	16.2668
11	 4	0.8222	20.6278
11	 5	0.8353	18.8187
11	 6	0.8287	19.6072
11	 7	0.8038	23.0735
12	 0	0.9907	23.9405
12	 1	0.9846	24.7168
12	 2	0.9760	25.7102
12	 3	0.9813	24.8394
12	 4	0.9593	27.3858
12	 5	0.9462	28.9005
12	 6	0.9582	27.3682
12	 7	0.9041	33.6112
13	 0	1.1476	-22.8740
13	 1	1.1623	-24.7990
13	 2	1.1353	-21.0278
13	 3	1.0571	-10.2035
13	 4	1.0686	-11.9279
13	 5	1.0816	-13.6317
13	 6	1.0986	-16.2289
13	 7	1.0090	-3.8049
14	 0	1.3500	-27.2708
14	 1	1.4188	-35.6957
14	 2	1.4086	-34.2718
14	 3	1.3692	-29.4651
14	 4	1.3159	-23.3354
14	 5	1.2904	-20.5171
14	 6	1.3421	-26.7835
14	 7	1.1084	1.2593
15	 0	1.4578	-95.7889
15	 1	1.5350	-107.7523
15	 2	1.4957	-101.6613
15	 3	1.5060	-103.0195
15	 4	1.4399	-93.1237
15	 5	1.3703	-82.1173
15	 6	1.4392	-93.4535
15	 7	1.1682	-50.6082
16	 0	1.5688	-81.5706
16	 1	1.6409	-91.6957
16	 2	1.7229	-102.4495
16	 3	1.7188	-101.5208
16	 4	1.7451	-105.8457
16	 5	1.7539	-107.2253
16	 6	1.7877	-111.6539
16	 7	1.5875	-84.3636
17	 0	1.4554	-58.9847
17	 1	1.4790	-62.1882
17	 2	1.5070	-65.5200
17	 3	1.4864	-62.4787
17	 4	1.5342	-69.6899
17	 5	1.5198	-67.8343
17	 6	1.5636	-73.4680
17	 7	1.4217	-54.7182
18	 0	1.1092	-33.0020
18	 1	1.1075	-32.7086
18	 2	1.1126	-33.3462
18	 3	1.0838	-28.9935
18	 4	1.1376	-37.1907
18	 5	1.1658	-41.3778
18	 6	1.1656	-41.3036
18	 7	1.1185	-34.4151
19	 0	0.8910	28.2491
19	 1	0.9087	26.0242
19	 2	0.9328	23.0643
19	 3	0.9665	19.2998
19	 4	0.9787	17.6432
19	 5	0.9820	17.4886
19	 6	1.0003	15.2448
19	 7	0.9452	21.6922
20	 0	0.7856	47.4308
20	 1	0.7911	46.7870
20	 2	0.8165	43.9083
20	 3	0.8538	39.7564
20	 4	0.8641	38.9243
20	 5	0.8525	40.1977
20	 6	0.8783	37.2604
20	 7	0.8354	41.9951
21	 0	0.8073	22.6758
21	 1	0.7823	26.1611
21	 2	0.7895	25.0583
21	 3	0.8341	19.0072
21	 4	0.8408	18.0195
21	 5	0.8384	18.4886
21	 6	0.8443	17.7271
21	 7	0.8262	19.9075
22	 0	0.6757	26.6415
22	 1	0.6456	31.3995
22	 2	0.6412	32.0681
22	 3	0.6985	23.1441
22	 4	0.6950	23.4284
22	 5	0.6762	26.5607
22	 6	0.6850	25.1741
22	 7	0.6585	29.2625
23	 0	0.5616	84.6479
23	 1	0.5627	84.6151
23	 2	0.5702	83.5859
23	 3	0.6222	78.9630
23	 4	0.6371	77.7124
23	 5	0.6150	79.8841
23	 6	0.6428	77.1636
23	 7	0.6183	79.7569
24	 0	0.6149	63.5182
24	 1	0.5838	66.9206
24	 2	0.5872	66.4459
24	 3	0.6283	61.3600
24	 4	0.6436	60.0000
24	 5	0.6297	61.8516
24	 6	0.6442	60.0717
24	 7	0.6260	62.1014
25	 0	0.7257	47.9057
25	 1	0.7077	49.9090
25	 2	0.7080	49.5663
25	 3	0.7474	45.0761
25	 4	0.7650	43.0958
25	 5	0.7594	43.8530
25	 6	0.7752	42.0620
25	 7	0.7405	46.1220
26	 0	0.8356	15.3872
26	 1	0.8304	16.2565
26	 2	0.8412	14.3504
26	 3	0.8641	11.7125
26	 4	0.8959	6.8484
26	 5	0.9002	6.3509
26	 6	0.9221	3.3962
26	 7	0.9058	5.7217
27	 0	0.9972	16.9104
27	 1	1.0078	15.7811
27	 2	1.0155	14.9641
27	 3	1.0420	11.7620
27	 4	1.0733	8.0807
27	 5	1.0668	8.7581
27	 6	1.0977	5.3751
27	 7	1.0440	11.4936
28	 0	1.2380	-40.5134
28	 1	1.2768	-46.0043
28	 2	1.3167	-51.3120
28	 3	1.2848	-47.0057
28	 4	1.3491	-56.3382
28	 5	1.3610	-58.0127
28	 6	1.3832	-61.0447
28	 7	1.3057	-50.1157
29	 0	1.5406	-167.8240
29	 1	1.5713	-174.0826
29	 2	1.6190	-183.0338
29	 3	1.5888	-176.6102
29	 4	1.6516	-189.4740
29	 5	1.6488	-188.6289
29	 6	1.7015	-198.6515
29	 7	1.5268	-164.5359
30	 0	1.8005	-147.7056
30	 1	1.8724	-158.9447
30	 2	1.9894	-176.6737
30	 3	2.0794	-190.3660
30	 4	2.0383	-184.5611
30	 5	1.9172	-165.4908
30	 6	2.1028	-194.4506
30	 7	1.6544	-124.4086
31	 0	1.8283	-162.0633
31	 1	1.9398	-180.2078
31	 2	2.0367	-195.3319
31	 3	2.1293	-210.0377
31	 4	2.1272	-210.0034
31	 5	2.0182	-191.3419
31	 6	2.1490	-213.1184
31	 7	1.7452	-148.2933
