# ASIC configuration for the measurements:
# ------------------------------------------------------------------------------
# Mode = 000 
# Bias = 0101 
# CSArefs = 1011 
# Shaper = 100 
# Leakage mask = 00000000000000000000000000000000 
# Discr. enable mask = 11111111111111111111111111111111 
# Calibration mask = 00000000000000000000000000000000 
# Threshold = 255 
# FineTHR[0] = 111 
# FineTHR[1] = 111 
# FineTHR[2] = 111 
# FineTHR[3] = 111 
# FineTHR[4] = 111 
# FineTHR[5] = 111 
# FineTHR[6] = 111 
# FineTHR[7] = 111 
# FineTHR[8] = 111 
# FineTHR[9] = 111 
# FineTHR[10] = 111 
# FineTHR[11] = 111 
# FineTHR[12] = 111 
# FineTHR[13] = 111 
# FineTHR[14] = 111 
# FineTHR[15] = 111 
# FineTHR[16] = 111 
# FineTHR[17] = 111 
# FineTHR[18] = 111 
# FineTHR[19] = 111 
# FineTHR[20] = 111 
# FineTHR[21] = 111 
# FineTHR[22] = 111 
# FineTHR[23] = 111 
# FineTHR[24] = 111 
# FineTHR[25] = 111 
# FineTHR[26] = 111 
# FineTHR[27] = 111 
# FineTHR[28] = 111 
# FineTHR[29] = 111 
# FineTHR[30] = 111 
# FineTHR[31] = 111 
# ------------------------------------------------------------------------------
# Event data block #1
# Threshold	DAC	Events	Triggered	CH#
200	0	1000	1	0
200	0	1000	0	1
200	0	1000	1	2
200	0	1000	22	3
200	0	1000	137	4
200	0	1000	42	5
200	0	1000	147	6
200	0	1000	89	7
200	0	1000	135	8
200	0	1000	80	9
200	0	1000	74	10
200	0	1000	38	11
200	0	1000	45	12
200	0	1000	26	13
200	0	1000	1	14
200	0	1000	1	15
200	0	1000	3	16
200	0	1000	10	17
200	0	1000	1	18
200	0	1000	131	19
200	0	1000	169	20
200	0	1000	102	21
200	0	1000	143	22
200	0	1000	78	23
200	0	1000	131	24
200	0	1000	82	25
200	0	1000	109	26
200	0	1000	24	27
200	0	1000	2	28
200	0	1000	16	29
200	0	1000	25	30
200	0	1000	133	31
# Event data block #2
# Threshold	DAC	Events	Triggered	CH#
201	0	1000	0	0
201	0	1000	0	1
201	0	1000	1	2
201	0	1000	29	3
201	0	1000	132	4
201	0	1000	52	5
201	0	1000	148	6
201	0	1000	86	7
201	0	1000	129	8
201	0	1000	76	9
201	0	1000	74	10
201	0	1000	54	11
201	0	1000	58	12
201	0	1000	31	13
201	0	1000	1	14
201	0	1000	2	15
201	0	1000	3	16
201	0	1000	13	17
201	0	1000	1	18
201	0	1000	130	19
201	0	1000	203	20
201	0	1000	102	21
201	0	1000	140	22
201	0	1000	66	23
201	0	1000	126	24
201	0	1000	77	25
201	0	1000	104	26
201	0	1000	29	27
201	0	1000	1	28
201	0	1000	17	29
201	0	1000	35	30
201	0	1000	182	31
# Event data block #3
# Threshold	DAC	Events	Triggered	CH#
202	0	1000	1	0
202	0	1000	0	1
202	0	1000	1	2
202	0	1000	27	3
202	0	1000	152	4
202	0	1000	50	5
202	0	1000	160	6
202	0	1000	90	7
202	0	1000	142	8
202	0	1000	82	9
202	0	1000	76	10
202	0	1000	54	11
202	0	1000	59	12
202	0	1000	35	13
202	0	1000	1	14
202	0	1000	1	15
202	0	1000	1	16
202	0	1000	13	17
202	0	1000	1	18
202	0	1000	149	19
202	0	1000	245	20
202	0	1000	109	21
202	0	1000	148	22
202	0	1000	79	23
202	0	1000	139	24
202	0	1000	82	25
202	0	1000	116	26
202	0	1000	27	27
202	0	1000	1	28
202	0	1000	20	29
202	0	1000	50	30
202	0	1000	411	31
# Event data block #4
# Threshold	DAC	Events	Triggered	CH#
203	0	1000	2	0
203	0	1000	0	1
203	0	1000	2	2
203	0	1000	29	3
203	0	1000	139	4
203	0	1000	50	5
203	0	1000	145	6
203	0	1000	81	7
203	0	1000	114	8
203	0	1000	79	9
203	0	1000	77	10
203	0	1000	52	11
203	0	1000	61	12
203	0	1000	38	13
203	0	1000	1	14
203	0	1000	3	15
203	0	1000	4	16
203	0	1000	23	17
203	0	1000	1	18
203	0	1000	135	19
203	0	1000	291	20
203	0	1000	99	21
203	0	1000	138	22
203	0	1000	72	23
203	0	1000	115	24
203	0	1000	79	25
203	0	1000	103	26
203	0	1000	27	27
203	0	1000	1	28
203	0	1000	25	29
203	0	1000	63	30
203	0	1000	778	31
# Event data block #5
# Threshold	DAC	Events	Triggered	CH#
204	0	1000	4	0
204	0	1000	1	1
204	0	1000	3	2
204	0	1000	42	3
204	0	1000	175	4
204	0	1000	55	5
204	0	1000	164	6
204	0	1000	82	7
204	0	1000	129	8
204	0	1000	79	9
204	0	1000	78	10
204	0	1000	59	11
204	0	1000	67	12
204	0	1000	43	13
204	0	1000	1	14
204	0	1000	2	15
204	0	1000	10	16
204	0	1000	33	17
204	0	1000	0	18
204	0	1000	165	19
204	0	1000	477	20
204	0	1000	103	21
204	0	1000	142	22
204	0	1000	70	23
204	0	1000	124	24
204	0	1000	77	25
204	0	1000	109	26
204	0	1000	37	27
204	0	1000	3	28
204	0	1000	38	29
204	0	1000	79	30
204	0	1000	894	31
# Event data block #6
# Threshold	DAC	Events	Triggered	CH#
205	0	1000	11	0
205	0	1000	2	1
205	0	1000	7	2
205	0	1000	56	3
205	0	1000	244	4
205	0	1000	67	5
205	0	1000	181	6
205	0	1000	86	7
205	0	1000	140	8
205	0	1000	79	9
205	0	1000	81	10
205	0	1000	68	11
205	0	1000	73	12
205	0	1000	64	13
205	0	1000	5	14
205	0	1000	7	15
205	0	1000	19	16
205	0	1000	44	17
205	0	1000	4	18
205	0	1000	211	19
205	0	1000	603	20
205	0	1000	112	21
205	0	1000	166	22
205	0	1000	71	23
205	0	1000	137	24
205	0	1000	77	25
205	0	1000	126	26
205	0	1000	43	27
205	0	1000	6	28
205	0	1000	55	29
205	0	1000	107	30
205	0	1000	914	31
# Event data block #7
# Threshold	DAC	Events	Triggered	CH#
206	0	1000	25	0
206	0	1000	4	1
206	0	1000	10	2
206	0	1000	81	3
206	0	1000	425	4
206	0	1000	88	5
206	0	1000	278	6
206	0	1000	117	7
206	0	1000	175	8
206	0	1000	114	9
206	0	1000	121	10
206	0	1000	94	11
206	0	1000	107	12
206	0	1000	88	13
206	0	1000	9	14
206	0	1000	12	15
206	0	1000	36	16
206	0	1000	70	17
206	0	1000	7	18
206	0	1000	382	19
206	0	1000	735	20
206	0	1000	152	21
206	0	1000	212	22
206	0	1000	97	23
206	0	1000	168	24
206	0	1000	108	25
206	0	1000	161	26
206	0	1000	66	27
206	0	1000	8	28
206	0	1000	83	29
206	0	1000	170	30
206	0	1000	920	31
# Event data block #8
# Threshold	DAC	Events	Triggered	CH#
207	0	1000	22	0
207	0	1000	2	1
207	0	1000	10	2
207	0	1000	73	3
207	0	1000	617	4
207	0	1000	76	5
207	0	1000	357	6
207	0	1000	103	7
207	0	1000	176	8
207	0	1000	99	9
207	0	1000	108	10
207	0	1000	85	11
207	0	1000	101	12
207	0	1000	78	13
207	0	1000	5	14
207	0	1000	11	15
207	0	1000	36	16
207	0	1000	67	17
207	0	1000	4	18
207	0	1000	578	19
207	0	1000	783	20
207	0	1000	143	21
207	0	1000	231	22
207	0	1000	86	23
207	0	1000	166	24
207	0	1000	96	25
207	0	1000	158	26
207	0	1000	52	27
207	0	1000	4	28
207	0	1000	81	29
207	0	1000	341	30
207	0	1000	931	31
# Event data block #9
# Threshold	DAC	Events	Triggered	CH#
208	0	1000	40	0
208	0	1000	5	1
208	0	1000	15	2
208	0	1000	80	3
208	0	1000	741	4
208	0	1000	78	5
208	0	1000	477	6
208	0	1000	114	7
208	0	1000	215	8
208	0	1000	110	9
208	0	1000	113	10
208	0	1000	95	11
208	0	1000	107	12
208	0	1000	92	13
208	0	1000	6	14
208	0	1000	19	15
208	0	1000	53	16
208	0	1000	84	17
208	0	1000	6	18
208	0	1000	725	19
208	0	1000	826	20
208	0	1000	164	21
208	0	1000	311	22
208	0	1000	93	23
208	0	1000	197	24
208	0	1000	111	25
208	0	1000	194	26
208	0	1000	57	27
208	0	1000	6	28
208	0	1000	97	29
208	0	1000	733	30
208	0	1000	960	31
# Event data block #10
# Threshold	DAC	Events	Triggered	CH#
209	0	1000	65	0
209	0	1000	8	1
209	0	1000	21	2
209	0	1000	90	3
209	0	1000	816	4
209	0	1000	86	5
209	0	1000	602	6
209	0	1000	111	7
209	0	1000	248	8
209	0	1000	115	9
209	0	1000	122	10
209	0	1000	96	11
209	0	1000	119	12
209	0	1000	98	13
209	0	1000	17	14
209	0	1000	31	15
209	0	1000	76	16
209	0	1000	93	17
209	0	1000	7	18
209	0	1000	809	19
209	0	1000	849	20
209	0	1000	174	21
209	0	1000	406	22
209	0	1000	95	23
209	0	1000	203	24
209	0	1000	106	25
209	0	1000	217	26
209	0	1000	69	27
209	0	1000	9	28
209	0	1000	111	29
209	0	1000	855	30
209	0	1000	975	31
# Event data block #11
# Threshold	DAC	Events	Triggered	CH#
210	0	1000	102	0
210	0	1000	17	1
210	0	1000	41	2
210	0	1000	116	3
210	0	1000	837	4
210	0	1000	104	5
210	0	1000	684	6
210	0	1000	127	7
210	0	1000	306	8
210	0	1000	128	9
210	0	1000	140	10
210	0	1000	121	11
210	0	1000	139	12
210	0	1000	125	13
210	0	1000	24	14
210	0	1000	50	15
210	0	1000	103	16
210	0	1000	125	17
210	0	1000	11	18
210	0	1000	835	19
210	0	1000	856	20
210	0	1000	225	21
210	0	1000	503	22
210	0	1000	110	23
210	0	1000	244	24
210	0	1000	122	25
210	0	1000	287	26
210	0	1000	81	27
210	0	1000	12	28
210	0	1000	148	29
210	0	1000	881	30
210	0	1000	980	31
# Event data block #12
# Threshold	DAC	Events	Triggered	CH#
211	0	1000	136	0
211	0	1000	39	1
211	0	1000	57	2
211	0	1000	128	3
211	0	1000	871	4
211	0	1000	113	5
211	0	1000	771	6
211	0	1000	133	7
211	0	1000	401	8
211	0	1000	138	9
211	0	1000	150	10
211	0	1000	124	11
211	0	1000	151	12
211	0	1000	140	13
211	0	1000	44	14
211	0	1000	64	15
211	0	1000	121	16
211	0	1000	148	17
211	0	1000	20	18
211	0	1000	865	19
211	0	1000	883	20
211	0	1000	296	21
211	0	1000	625	22
211	0	1000	116	23
211	0	1000	286	24
211	0	1000	132	25
211	0	1000	411	26
211	0	1000	80	27
211	0	1000	30	28
211	0	1000	199	29
211	0	1000	927	30
211	0	1000	994	31
# Event data block #13
# Threshold	DAC	Events	Triggered	CH#
212	0	1000	352	0
212	0	1000	35	1
212	0	1000	53	2
212	0	1000	121	3
212	0	1000	869	4
212	0	1000	101	5
212	0	1000	783	6
212	0	1000	114	7
212	0	1000	507	8
212	0	1000	124	9
212	0	1000	148	10
212	0	1000	117	11
212	0	1000	170	12
212	0	1000	148	13
212	0	1000	34	14
212	0	1000	58	15
212	0	1000	140	16
212	0	1000	210	17
212	0	1000	20	18
212	0	1000	866	19
212	0	1000	873	20
212	0	1000	436	21
212	0	1000	674	22
212	0	1000	99	23
212	0	1000	367	24
212	0	1000	121	25
212	0	1000	561	26
212	0	1000	70	27
212	0	1000	23	28
212	0	1000	471	29
212	0	1000	926	30
212	0	1000	985	31
# Event data block #14
# Threshold	DAC	Events	Triggered	CH#
213	0	1000	734	0
213	0	1000	60	1
213	0	1000	76	2
213	0	1000	186	3
213	0	1000	908	4
213	0	1000	111	5
213	0	1000	846	6
213	0	1000	141	7
213	0	1000	621	8
213	0	1000	147	9
213	0	1000	192	10
213	0	1000	142	11
213	0	1000	244	12
213	0	1000	248	13
213	0	1000	50	14
213	0	1000	89	15
213	0	1000	312	16
213	0	1000	486	17
213	0	1000	30	18
213	0	1000	906	19
213	0	1000	912	20
213	0	1000	584	21
213	0	1000	765	22
213	0	1000	115	23
213	0	1000	454	24
213	0	1000	145	25
213	0	1000	711	26
213	0	1000	92	27
213	0	1000	37	28
213	0	1000	790	29
213	0	1000	967	30
213	0	1000	998	31
# Event data block #15
# Threshold	DAC	Events	Triggered	CH#
214	0	1000	899	0
214	0	1000	83	1
214	0	1000	93	2
214	0	1000	431	3
214	0	1000	909	4
214	0	1000	118	5
214	0	1000	848	6
214	0	1000	141	7
214	0	1000	711	8
214	0	1000	171	9
214	0	1000	272	10
214	0	1000	164	11
214	0	1000	447	12
214	0	1000	510	13
214	0	1000	71	14
214	0	1000	106	15
214	0	1000	750	16
214	0	1000	793	17
214	0	1000	40	18
214	0	1000	906	19
214	0	1000	911	20
214	0	1000	722	21
214	0	1000	800	22
214	0	1000	118	23
214	0	1000	540	24
214	0	1000	158	25
214	0	1000	789	26
214	0	1000	100	27
214	0	1000	44	28
214	0	1000	858	29
214	0	1000	980	30
214	0	1000	1000	31
# Event data block #16
# Threshold	DAC	Events	Triggered	CH#
215	0	1000	932	0
215	0	1000	110	1
215	0	1000	124	2
215	0	1000	702	3
215	0	1000	919	4
215	0	1000	135	5
215	0	1000	860	6
215	0	1000	167	7
215	0	1000	756	8
215	0	1000	209	9
215	0	1000	365	10
215	0	1000	222	11
215	0	1000	640	12
215	0	1000	721	13
215	0	1000	81	14
215	0	1000	140	15
215	0	1000	850	16
215	0	1000	844	17
215	0	1000	41	18
215	0	1000	918	19
215	0	1000	921	20
215	0	1000	773	21
215	0	1000	819	22
215	0	1000	137	23
215	0	1000	622	24
215	0	1000	175	25
215	0	1000	823	26
215	0	1000	114	27
215	0	1000	43	28
215	0	1000	886	29
215	0	1000	979	30
215	0	1000	999	31
# Event data block #17
# Threshold	DAC	Events	Triggered	CH#
216	0	1000	945	0
216	0	1000	188	1
216	0	1000	195	2
216	0	1000	811	3
216	0	1000	907	4
216	0	1000	158	5
216	0	1000	858	6
216	0	1000	185	7
216	0	1000	796	8
216	0	1000	301	9
216	0	1000	574	10
216	0	1000	402	11
216	0	1000	778	12
216	0	1000	811	13
216	0	1000	100	14
216	0	1000	234	15
216	0	1000	882	16
216	0	1000	867	17
216	0	1000	62	18
216	0	1000	908	19
216	0	1000	906	20
216	0	1000	811	21
216	0	1000	826	22
216	0	1000	145	23
216	0	1000	696	24
216	0	1000	206	25
216	0	1000	830	26
216	0	1000	123	27
216	0	1000	69	28
216	0	1000	899	29
216	0	1000	989	30
216	0	1000	1000	31
# Event data block #18
# Threshold	DAC	Events	Triggered	CH#
217	0	1000	965	0
217	0	1000	599	1
217	0	1000	542	2
217	0	1000	849	3
217	0	1000	926	4
217	0	1000	197	5
217	0	1000	867	6
217	0	1000	224	7
217	0	1000	812	8
217	0	1000	437	9
217	0	1000	711	10
217	0	1000	620	11
217	0	1000	824	12
217	0	1000	851	13
217	0	1000	106	14
217	0	1000	580	15
217	0	1000	914	16
217	0	1000	904	17
217	0	1000	52	18
217	0	1000	926	19
217	0	1000	927	20
217	0	1000	830	21
217	0	1000	834	22
217	0	1000	156	23
217	0	1000	731	24
217	0	1000	270	25
217	0	1000	845	26
217	0	1000	122	27
217	0	1000	56	28
217	0	1000	925	29
217	0	1000	992	30
217	0	1000	1000	31
# Event data block #19
# Threshold	DAC	Events	Triggered	CH#
218	0	1000	979	0
218	0	1000	843	1
218	0	1000	818	2
218	0	1000	887	3
218	0	1000	934	4
218	0	1000	319	5
218	0	1000	887	6
218	0	1000	318	7
218	0	1000	847	8
218	0	1000	564	9
218	0	1000	804	10
218	0	1000	770	11
218	0	1000	859	12
218	0	1000	881	13
218	0	1000	159	14
218	0	1000	820	15
218	0	1000	937	16
218	0	1000	915	17
218	0	1000	82	18
218	0	1000	938	19
218	0	1000	935	20
218	0	1000	862	21
218	0	1000	864	22
218	0	1000	207	23
218	0	1000	784	24
218	0	1000	386	25
218	0	1000	876	26
218	0	1000	187	27
218	0	1000	88	28
218	0	1000	945	29
218	0	1000	997	30
218	0	1000	1000	31
# Event data block #20
# Threshold	DAC	Events	Triggered	CH#
219	0	1000	987	0
219	0	1000	907	1
219	0	1000	892	2
219	0	1000	919	3
219	0	1000	954	4
219	0	1000	467	5
219	0	1000	914	6
219	0	1000	397	7
219	0	1000	868	8
219	0	1000	701	9
219	0	1000	849	10
219	0	1000	846	11
219	0	1000	893	12
219	0	1000	922	13
219	0	1000	267	14
219	0	1000	884	15
219	0	1000	965	16
219	0	1000	953	17
219	0	1000	77	18
219	0	1000	957	19
219	0	1000	953	20
219	0	1000	890	21
219	0	1000	886	22
219	0	1000	220	23
219	0	1000	832	24
219	0	1000	476	25
219	0	1000	900	26
219	0	1000	253	27
219	0	1000	82	28
219	0	1000	967	29
219	0	1000	999	30
219	0	1000	1000	31
# Event data block #21
# Threshold	DAC	Events	Triggered	CH#
220	0	1000	997	0
220	0	1000	961	1
220	0	1000	954	2
220	0	1000	960	3
220	0	1000	971	4
220	0	1000	671	5
220	0	1000	952	6
220	0	1000	524	7
220	0	1000	916	8
220	0	1000	817	9
220	0	1000	910	10
220	0	1000	905	11
220	0	1000	949	12
220	0	1000	960	13
220	0	1000	645	14
220	0	1000	950	15
220	0	1000	987	16
220	0	1000	976	17
220	0	1000	58	18
220	0	1000	976	19
220	0	1000	970	20
220	0	1000	943	21
220	0	1000	934	22
220	0	1000	243	23
220	0	1000	878	24
220	0	1000	629	25
220	0	1000	952	26
220	0	1000	424	27
220	0	1000	61	28
220	0	1000	986	29
220	0	1000	1000	30
220	0	1000	1000	31
# Event data block #22
# Threshold	DAC	Events	Triggered	CH#
221	0	1000	999	0
221	0	1000	968	1
221	0	1000	961	2
221	0	1000	964	3
221	0	1000	973	4
221	0	1000	820	5
221	0	1000	953	6
221	0	1000	644	7
221	0	1000	941	8
221	0	1000	886	9
221	0	1000	939	10
221	0	1000	938	11
221	0	1000	952	12
221	0	1000	965	13
221	0	1000	891	14
221	0	1000	962	15
221	0	1000	986	16
221	0	1000	981	17
221	0	1000	50	18
221	0	1000	974	19
221	0	1000	973	20
221	0	1000	951	21
221	0	1000	948	22
221	0	1000	280	23
221	0	1000	915	24
221	0	1000	727	25
221	0	1000	955	26
221	0	1000	656	27
221	0	1000	55	28
221	0	1000	986	29
221	0	1000	1000	30
221	0	1000	1000	31
# Event data block #23
# Threshold	DAC	Events	Triggered	CH#
222	0	1000	997	0
222	0	1000	956	1
222	0	1000	950	2
222	0	1000	951	3
222	0	1000	964	4
222	0	1000	858	5
222	0	1000	940	6
222	0	1000	735	7
222	0	1000	929	8
222	0	1000	867	9
222	0	1000	928	10
222	0	1000	929	11
222	0	1000	942	12
222	0	1000	948	13
222	0	1000	921	14
222	0	1000	950	15
222	0	1000	982	16
222	0	1000	974	17
222	0	1000	87	18
222	0	1000	968	19
222	0	1000	962	20
222	0	1000	939	21
222	0	1000	934	22
222	0	1000	391	23
222	0	1000	900	24
222	0	1000	793	25
222	0	1000	940	26
222	0	1000	805	27
222	0	1000	90	28
222	0	1000	982	29
222	0	1000	998	30
222	0	1000	1000	31
# Event data block #24
# Threshold	DAC	Events	Triggered	CH#
223	0	1000	1000	0
223	0	1000	976	1
223	0	1000	958	2
223	0	1000	958	3
223	0	1000	970	4
223	0	1000	874	5
223	0	1000	936	6
223	0	1000	801	7
223	0	1000	911	8
223	0	1000	868	9
223	0	1000	917	10
223	0	1000	917	11
223	0	1000	940	12
223	0	1000	954	13
223	0	1000	917	14
223	0	1000	963	15
223	0	1000	991	16
223	0	1000	988	17
223	0	1000	146	18
223	0	1000	978	19
223	0	1000	969	20
223	0	1000	935	21
223	0	1000	920	22
223	0	1000	539	23
223	0	1000	880	24
223	0	1000	824	25
223	0	1000	938	26
223	0	1000	857	27
223	0	1000	165	28
223	0	1000	990	29
223	0	1000	1000	30
223	0	1000	1000	31
# Event data block #25
# Threshold	DAC	Events	Triggered	CH#
224	0	1000	998	0
224	0	1000	971	1
224	0	1000	953	2
224	0	1000	953	3
224	0	1000	957	4
224	0	1000	874	5
224	0	1000	914	6
224	0	1000	809	7
224	0	1000	894	8
224	0	1000	861	9
224	0	1000	896	10
224	0	1000	902	11
224	0	1000	924	12
224	0	1000	950	13
224	0	1000	911	14
224	0	1000	955	15
224	0	1000	992	16
224	0	1000	980	17
224	0	1000	369	18
224	0	1000	964	19
224	0	1000	958	20
224	0	1000	911	21
224	0	1000	904	22
224	0	1000	596	23
224	0	1000	869	24
224	0	1000	829	25
224	0	1000	919	26
224	0	1000	865	27
224	0	1000	393	28
224	0	1000	986	29
224	0	1000	1000	30
224	0	1000	1000	31
# Event data block #26
# Threshold	DAC	Events	Triggered	CH#
225	0	1000	1000	0
225	0	1000	983	1
225	0	1000	964	2
225	0	1000	955	3
225	0	1000	964	4
225	0	1000	868	5
225	0	1000	923	6
225	0	1000	801	7
225	0	1000	894	8
225	0	1000	851	9
225	0	1000	902	10
225	0	1000	905	11
225	0	1000	933	12
225	0	1000	956	13
225	0	1000	928	14
225	0	1000	974	15
225	0	1000	995	16
225	0	1000	988	17
225	0	1000	669	18
225	0	1000	976	19
225	0	1000	962	20
225	0	1000	919	21
225	0	1000	903	22
225	0	1000	629	23
225	0	1000	854	24
225	0	1000	802	25
225	0	1000	927	26
225	0	1000	859	27
225	0	1000	660	28
225	0	1000	994	29
225	0	1000	1000	30
225	0	1000	1000	31
# Event data block #27
# Threshold	DAC	Events	Triggered	CH#
226	0	1000	1000	0
226	0	1000	986	1
226	0	1000	967	2
226	0	1000	952	3
226	0	1000	962	4
226	0	1000	861	5
226	0	1000	906	6
226	0	1000	805	7
226	0	1000	870	8
226	0	1000	831	9
226	0	1000	884	10
226	0	1000	893	11
226	0	1000	918	12
226	0	1000	952	13
226	0	1000	919	14
226	0	1000	965	15
226	0	1000	996	16
226	0	1000	990	17
226	0	1000	784	18
226	0	1000	967	19
226	0	1000	957	20
226	0	1000	904	21
226	0	1000	882	22
226	0	1000	673	23
226	0	1000	834	24
226	0	1000	805	25
226	0	1000	907	26
226	0	1000	855	27
226	0	1000	788	28
226	0	1000	996	29
226	0	1000	1000	30
226	0	1000	1000	31
# Event data block #28
# Threshold	DAC	Events	Triggered	CH#
227	0	1000	1000	0
227	0	1000	993	1
227	0	1000	981	2
227	0	1000	969	3
227	0	1000	972	4
227	0	1000	865	5
227	0	1000	911	6
227	0	1000	816	7
227	0	1000	880	8
227	0	1000	845	9
227	0	1000	893	10
227	0	1000	907	11
227	0	1000	931	12
227	0	1000	968	13
227	0	1000	942	14
227	0	1000	981	15
227	0	1000	998	16
227	0	1000	997	17
227	0	1000	828	18
227	0	1000	977	19
227	0	1000	969	20
227	0	1000	910	21
227	0	1000	895	22
227	0	1000	732	23
227	0	1000	848	24
227	0	1000	811	25
227	0	1000	922	26
227	0	1000	868	27
227	0	1000	827	28
227	0	1000	997	29
227	0	1000	1000	30
227	0	1000	1000	31
# Event data block #29
# Threshold	DAC	Events	Triggered	CH#
228	0	1000	999	0
228	0	1000	997	1
228	0	1000	990	2
228	0	1000	975	3
228	0	1000	975	4
228	0	1000	871	5
228	0	1000	912	6
228	0	1000	820	7
228	0	1000	881	8
228	0	1000	844	9
228	0	1000	893	10
228	0	1000	906	11
228	0	1000	941	12
228	0	1000	972	13
228	0	1000	952	14
228	0	1000	987	15
228	0	1000	997	16
228	0	1000	996	17
228	0	1000	848	18
228	0	1000	980	19
228	0	1000	973	20
228	0	1000	915	21
228	0	1000	892	22
228	0	1000	739	23
228	0	1000	847	24
228	0	1000	818	25
228	0	1000	923	26
228	0	1000	872	27
228	0	1000	844	28
228	0	1000	997	29
228	0	1000	1000	30
228	0	1000	1000	31
# Event data block #30
# Threshold	DAC	Events	Triggered	CH#
229	0	1000	1000	0
229	0	1000	998	1
229	0	1000	991	2
229	0	1000	977	3
229	0	1000	978	4
229	0	1000	891	5
229	0	1000	919	6
229	0	1000	834	7
229	0	1000	890	8
229	0	1000	862	9
229	0	1000	911	10
229	0	1000	922	11
229	0	1000	947	12
229	0	1000	974	13
229	0	1000	960	14
229	0	1000	987	15
229	0	1000	1000	16
229	0	1000	998	17
229	0	1000	872	18
229	0	1000	982	19
229	0	1000	974	20
229	0	1000	920	21
229	0	1000	900	22
229	0	1000	763	23
229	0	1000	865	24
229	0	1000	831	25
229	0	1000	930	26
229	0	1000	892	27
229	0	1000	877	28
229	0	1000	1000	29
229	0	1000	1000	30
229	0	1000	1000	31
# Event data block #31
# Threshold	DAC	Events	Triggered	CH#
230	0	1000	1000	0
230	0	1000	1000	1
230	0	1000	998	2
230	0	1000	992	3
230	0	1000	988	4
230	0	1000	898	5
230	0	1000	931	6
230	0	1000	845	7
230	0	1000	896	8
230	0	1000	872	9
230	0	1000	917	10
230	0	1000	932	11
230	0	1000	961	12
230	0	1000	991	13
230	0	1000	977	14
230	0	1000	996	15
230	0	1000	1000	16
230	0	1000	1000	17
230	0	1000	887	18
230	0	1000	996	19
230	0	1000	979	20
230	0	1000	937	21
230	0	1000	908	22
230	0	1000	768	23
230	0	1000	871	24
230	0	1000	844	25
230	0	1000	942	26
230	0	1000	902	27
230	0	1000	885	28
230	0	1000	1000	29
230	0	1000	1000	30
230	0	1000	1000	31
# Event data block #32
# Threshold	DAC	Events	Triggered	CH#
231	0	1000	1000	0
231	0	1000	1000	1
231	0	1000	993	2
231	0	1000	986	3
231	0	1000	985	4
231	0	1000	893	5
231	0	1000	928	6
231	0	1000	842	7
231	0	1000	890	8
231	0	1000	863	9
231	0	1000	916	10
231	0	1000	932	11
231	0	1000	962	12
231	0	1000	986	13
231	0	1000	979	14
231	0	1000	994	15
231	0	1000	1000	16
231	0	1000	1000	17
231	0	1000	893	18
231	0	1000	988	19
231	0	1000	981	20
231	0	1000	935	21
231	0	1000	904	22
231	0	1000	787	23
231	0	1000	863	24
231	0	1000	849	25
231	0	1000	944	26
231	0	1000	899	27
231	0	1000	886	28
231	0	1000	1000	29
231	0	1000	1000	30
231	0	1000	1000	31
# Event data block #33
# Threshold	DAC	Events	Triggered	CH#
232	0	1000	1000	0
232	0	1000	999	1
232	0	1000	998	2
232	0	1000	993	3
232	0	1000	990	4
232	0	1000	896	5
232	0	1000	930	6
232	0	1000	844	7
232	0	1000	896	8
232	0	1000	867	9
232	0	1000	917	10
232	0	1000	940	11
232	0	1000	967	12
232	0	1000	993	13
232	0	1000	983	14
232	0	1000	997	15
232	0	1000	1000	16
232	0	1000	999	17
232	0	1000	905	18
232	0	1000	994	19
232	0	1000	982	20
232	0	1000	940	21
232	0	1000	903	22
232	0	1000	788	23
232	0	1000	861	24
232	0	1000	840	25
232	0	1000	952	26
232	0	1000	901	27
232	0	1000	900	28
232	0	1000	999	29
232	0	1000	1000	30
232	0	1000	1000	31
# Event data block #34
# Threshold	DAC	Events	Triggered	CH#
233	0	1000	1000	0
233	0	1000	1000	1
233	0	1000	997	2
233	0	1000	994	3
233	0	1000	988	4
233	0	1000	890	5
233	0	1000	926	6
233	0	1000	823	7
233	0	1000	880	8
233	0	1000	852	9
233	0	1000	918	10
233	0	1000	936	11
233	0	1000	966	12
233	0	1000	990	13
233	0	1000	986	14
233	0	1000	996	15
233	0	1000	1000	16
233	0	1000	1000	17
233	0	1000	910	18
233	0	1000	990	19
233	0	1000	981	20
233	0	1000	940	21
233	0	1000	901	22
233	0	1000	764	23
233	0	1000	846	24
233	0	1000	827	25
233	0	1000	949	26
233	0	1000	904	27
233	0	1000	905	28
233	0	1000	1000	29
233	0	1000	1000	30
233	0	1000	1000	31
# Event data block #35
# Threshold	DAC	Events	Triggered	CH#
234	0	1000	1000	0
234	0	1000	1000	1
234	0	1000	999	2
234	0	1000	998	3
234	0	1000	997	4
234	0	1000	933	5
234	0	1000	952	6
234	0	1000	864	7
234	0	1000	926	8
234	0	1000	906	9
234	0	1000	949	10
234	0	1000	959	11
234	0	1000	986	12
234	0	1000	998	13
234	0	1000	997	14
234	0	1000	999	15
234	0	1000	1000	16
234	0	1000	1000	17
234	0	1000	945	18
234	0	1000	998	19
234	0	1000	993	20
234	0	1000	960	21
234	0	1000	938	22
234	0	1000	808	23
234	0	1000	896	24
234	0	1000	878	25
234	0	1000	964	26
234	0	1000	940	27
234	0	1000	943	28
234	0	1000	1000	29
234	0	1000	1000	30
234	0	1000	1000	31
# Event data block #36
# Threshold	DAC	Events	Triggered	CH#
235	0	1000	1000	0
235	0	1000	1000	1
235	0	1000	999	2
235	0	1000	994	3
235	0	1000	991	4
235	0	1000	915	5
235	0	1000	934	6
235	0	1000	858	7
235	0	1000	903	8
235	0	1000	878	9
235	0	1000	929	10
235	0	1000	949	11
235	0	1000	968	12
235	0	1000	992	13
235	0	1000	992	14
235	0	1000	999	15
235	0	1000	1000	16
235	0	1000	1000	17
235	0	1000	945	18
235	0	1000	992	19
235	0	1000	982	20
235	0	1000	941	21
235	0	1000	920	22
235	0	1000	812	23
235	0	1000	873	24
235	0	1000	867	25
235	0	1000	947	26
235	0	1000	924	27
235	0	1000	934	28
235	0	1000	1000	29
235	0	1000	1000	30
235	0	1000	1000	31
# Event data block #37
# Threshold	DAC	Events	Triggered	CH#
236	0	1000	1000	0
236	0	1000	1000	1
236	0	1000	997	2
236	0	1000	994	3
236	0	1000	993	4
236	0	1000	916	5
236	0	1000	948	6
236	0	1000	852	7
236	0	1000	905	8
236	0	1000	893	9
236	0	1000	944	10
236	0	1000	959	11
236	0	1000	978	12
236	0	1000	994	13
236	0	1000	994	14
236	0	1000	997	15
236	0	1000	1000	16
236	0	1000	1000	17
236	0	1000	963	18
236	0	1000	992	19
236	0	1000	986	20
236	0	1000	952	21
236	0	1000	917	22
236	0	1000	802	23
236	0	1000	875	24
236	0	1000	861	25
236	0	1000	963	26
236	0	1000	936	27
236	0	1000	949	28
236	0	1000	1000	29
236	0	1000	1000	30
236	0	1000	1000	31
# Event data block #38
# Threshold	DAC	Events	Triggered	CH#
237	0	1000	1000	0
237	0	1000	1000	1
237	0	1000	1000	2
237	0	1000	1000	3
237	0	1000	994	4
237	0	1000	938	5
237	0	1000	964	6
237	0	1000	879	7
237	0	1000	923	8
237	0	1000	917	9
237	0	1000	962	10
237	0	1000	972	11
237	0	1000	986	12
237	0	1000	999	13
237	0	1000	999	14
237	0	1000	1000	15
237	0	1000	1000	16
237	0	1000	1000	17
237	0	1000	988	18
237	0	1000	999	19
237	0	1000	989	20
237	0	1000	965	21
237	0	1000	937	22
237	0	1000	844	23
237	0	1000	895	24
237	0	1000	885	25
237	0	1000	969	26
237	0	1000	957	27
237	0	1000	969	28
237	0	1000	1000	29
237	0	1000	1000	30
237	0	1000	1000	31
# Event data block #39
# Threshold	DAC	Events	Triggered	CH#
238	0	1000	1000	0
238	0	1000	1000	1
238	0	1000	1000	2
238	0	1000	998	3
238	0	1000	997	4
238	0	1000	955	5
238	0	1000	973	6
238	0	1000	891	7
238	0	1000	931	8
238	0	1000	929	9
238	0	1000	971	10
238	0	1000	984	11
238	0	1000	993	12
238	0	1000	998	13
238	0	1000	998	14
238	0	1000	1000	15
238	0	1000	1000	16
238	0	1000	1000	17
238	0	1000	1000	18
238	0	1000	998	19
238	0	1000	996	20
238	0	1000	978	21
238	0	1000	954	22
238	0	1000	844	23
238	0	1000	902	24
238	0	1000	896	25
238	0	1000	983	26
238	0	1000	974	27
238	0	1000	982	28
238	0	1000	1000	29
238	0	1000	1000	30
238	0	1000	1000	31
# Event data block #40
# Threshold	DAC	Events	Triggered	CH#
239	0	1000	1000	0
239	0	1000	1000	1
239	0	1000	1000	2
239	0	1000	997	3
239	0	1000	996	4
239	0	1000	950	5
239	0	1000	962	6
239	0	1000	878	7
239	0	1000	923	8
239	0	1000	971	9
239	0	1000	963	10
239	0	1000	977	11
239	0	1000	988	12
239	0	1000	997	13
239	0	1000	997	14
239	0	1000	1000	15
239	0	1000	1000	16
239	0	1000	1000	17
239	0	1000	1000	18
239	0	1000	996	19
239	0	1000	991	20
239	0	1000	971	21
239	0	1000	948	22
239	0	1000	836	23
239	0	1000	898	24
239	0	1000	899	25
239	0	1000	972	26
239	0	1000	965	27
239	0	1000	980	28
239	0	1000	1000	29
239	0	1000	1000	30
239	0	1000	1000	31
# Event data block #41
# Threshold	DAC	Events	Triggered	CH#
240	0	1000	1000	0
240	0	1000	1000	1
240	0	1000	1000	2
240	0	1000	998	3
240	0	1000	997	4
240	0	1000	946	5
240	0	1000	961	6
240	0	1000	899	7
240	0	1000	934	8
240	0	1000	1000	9
240	0	1000	962	10
240	0	1000	980	11
240	0	1000	993	12
240	0	1000	998	13
240	0	1000	998	14
240	0	1000	999	15
240	0	1000	1000	16
240	0	1000	1000	17
240	0	1000	1000	18
240	0	1000	997	19
240	0	1000	996	20
240	0	1000	970	21
240	0	1000	945	22
240	0	1000	866	23
240	0	1000	918	24
240	0	1000	923	25
240	0	1000	977	26
240	0	1000	965	27
240	0	1000	990	28
240	0	1000	1000	29
240	0	1000	1000	30
240	0	1000	1000	31
# Event data block #42
# Threshold	DAC	Events	Triggered	CH#
241	0	1000	1000	0
241	0	1000	1000	1
241	0	1000	1000	2
241	0	1000	1000	3
241	0	1000	997	4
241	0	1000	972	5
241	0	1000	983	6
241	0	1000	904	7
241	0	1000	956	8
241	0	1000	1000	9
241	0	1000	985	10
241	0	1000	992	11
241	0	1000	996	12
241	0	1000	999	13
241	0	1000	1000	14
241	0	1000	1000	15
241	0	1000	1000	16
241	0	1000	1000	17
241	0	1000	1000	18
241	0	1000	999	19
241	0	1000	994	20
241	0	1000	986	21
241	0	1000	968	22
241	0	1000	876	23
241	0	1000	923	24
241	0	1000	1000	25
241	0	1000	989	26
241	0	1000	987	27
241	0	1000	999	28
241	0	1000	1000	29
241	0	1000	1000	30
241	0	1000	1000	31
# Event data block #43
# Threshold	DAC	Events	Triggered	CH#
242	0	1000	1000	0
242	0	1000	1000	1
242	0	1000	1000	2
242	0	1000	998	3
242	0	1000	997	4
242	0	1000	964	5
242	0	1000	975	6
242	0	1000	894	7
242	0	1000	946	8
242	0	1000	1000	9
242	0	1000	976	10
242	0	1000	990	11
242	0	1000	994	12
242	0	1000	998	13
242	0	1000	999	14
242	0	1000	1000	15
242	0	1000	1000	16
242	0	1000	1000	17
242	0	1000	1000	18
242	0	1000	997	19
242	0	1000	993	20
242	0	1000	979	21
242	0	1000	960	22
242	0	1000	880	23
242	0	1000	931	24
242	0	1000	1000	25
242	0	1000	986	26
242	0	1000	982	27
242	0	1000	1000	28
242	0	1000	1000	29
242	0	1000	1000	30
242	0	1000	1000	31
# Event data block #44
# Threshold	DAC	Events	Triggered	CH#
243	0	1000	1000	0
243	0	1000	1000	1
243	0	1000	1000	2
243	0	1000	1000	3
243	0	1000	998	4
243	0	1000	980	5
243	0	1000	984	6
243	0	1000	921	7
243	0	1000	965	8
243	0	1000	1000	9
243	0	1000	985	10
243	0	1000	995	11
243	0	1000	997	12
243	0	1000	1000	13
243	0	1000	1000	14
243	0	1000	1000	15
243	0	1000	1000	16
243	0	1000	1000	17
243	0	1000	1000	18
243	0	1000	1000	19
243	0	1000	998	20
243	0	1000	988	21
243	0	1000	975	22
243	0	1000	1000	23
243	0	1000	1000	24
243	0	1000	1000	25
243	0	1000	991	26
243	0	1000	994	27
243	0	1000	1000	28
243	0	1000	1000	29
243	0	1000	1000	30
243	0	1000	1000	31
# Event data block #45
# Threshold	DAC	Events	Triggered	CH#
244	0	1000	1000	0
244	0	1000	1000	1
244	0	1000	1000	2
244	0	1000	1000	3
244	0	1000	997	4
244	0	1000	978	5
244	0	1000	989	6
244	0	1000	905	7
244	0	1000	963	8
244	0	1000	1000	9
244	0	1000	987	10
244	0	1000	996	11
244	0	1000	996	12
244	0	1000	1000	13
244	0	1000	1000	14
244	0	1000	1000	15
244	0	1000	1000	16
244	0	1000	1000	17
244	0	1000	1000	18
244	0	1000	1000	19
244	0	1000	996	20
244	0	1000	988	21
244	0	1000	975	22
244	0	1000	1000	23
244	0	1000	1000	24
244	0	1000	1000	25
244	0	1000	993	26
244	0	1000	1000	27
244	0	1000	1000	28
244	0	1000	1000	29
244	0	1000	1000	30
244	0	1000	1000	31
# Event data block #46
# Threshold	DAC	Events	Triggered	CH#
245	0	1000	1000	0
245	0	1000	1000	1
245	0	1000	1000	2
245	0	1000	1000	3
245	0	1000	999	4
245	0	1000	983	5
245	0	1000	994	6
245	0	1000	914	7
245	0	1000	973	8
245	0	1000	1000	9
245	0	1000	992	10
245	0	1000	1000	11
245	0	1000	999	12
245	0	1000	1000	13
245	0	1000	1000	14
245	0	1000	1000	15
245	0	1000	1000	16
245	0	1000	1000	17
245	0	1000	1000	18
245	0	1000	1000	19
245	0	1000	999	20
245	0	1000	991	21
245	0	1000	989	22
245	0	1000	1000	23
245	0	1000	1000	24
245	0	1000	1000	25
245	0	1000	994	26
245	0	1000	1000	27
245	0	1000	1000	28
245	0	1000	1000	29
245	0	1000	1000	30
245	0	1000	1000	31
# Event data block #47
# Threshold	DAC	Events	Triggered	CH#
246	0	1000	1000	0
246	0	1000	1000	1
246	0	1000	1000	2
246	0	1000	1000	3
246	0	1000	1000	4
246	0	1000	983	5
246	0	1000	1000	6
246	0	1000	930	7
246	0	1000	974	8
246	0	1000	1000	9
246	0	1000	989	10
246	0	1000	1000	11
246	0	1000	1000	12
246	0	1000	1000	13
246	0	1000	1000	14
246	0	1000	1000	15
246	0	1000	1000	16
246	0	1000	1000	17
246	0	1000	1000	18
246	0	1000	1000	19
246	0	1000	998	20
246	0	1000	989	21
246	0	1000	1000	22
246	0	1000	1000	23
246	0	1000	1000	24
246	0	1000	1000	25
246	0	1000	994	26
246	0	1000	1000	27
246	0	1000	1000	28
246	0	1000	1000	29
246	0	1000	1000	30
246	0	1000	1000	31
# Event data block #48
# Threshold	DAC	Events	Triggered	CH#
247	0	1000	1000	0
247	0	1000	1000	1
247	0	1000	1000	2
247	0	1000	1000	3
247	0	1000	1000	4
247	0	1000	987	5
247	0	1000	1000	6
247	0	1000	929	7
247	0	1000	1000	8
247	0	1000	1000	9
247	0	1000	998	10
247	0	1000	1000	11
247	0	1000	1000	12
247	0	1000	1000	13
247	0	1000	1000	14
247	0	1000	1000	15
247	0	1000	1000	16
247	0	1000	1000	17
247	0	1000	1000	18
247	0	1000	1000	19
247	0	1000	997	20
247	0	1000	991	21
247	0	1000	1000	22
247	0	1000	1000	23
247	0	1000	1000	24
247	0	1000	1000	25
247	0	1000	993	26
247	0	1000	1000	27
247	0	1000	1000	28
247	0	1000	1000	29
247	0	1000	1000	30
247	0	1000	1000	31
# Event data block #49
# Threshold	DAC	Events	Triggered	CH#
248	0	1000	1000	0
248	0	1000	1000	1
248	0	1000	1000	2
248	0	1000	1000	3
248	0	1000	1000	4
248	0	1000	997	5
248	0	1000	1000	6
248	0	1000	948	7
248	0	1000	1000	8
248	0	1000	1000	9
248	0	1000	1000	10
248	0	1000	1000	11
248	0	1000	1000	12
248	0	1000	1000	13
248	0	1000	1000	14
248	0	1000	1000	15
248	0	1000	1000	16
248	0	1000	1000	17
248	0	1000	1000	18
248	0	1000	1000	19
248	0	1000	1000	20
248	0	1000	995	21
248	0	1000	1000	22
248	0	1000	1000	23
248	0	1000	1000	24
248	0	1000	1000	25
248	0	1000	1000	26
248	0	1000	1000	27
248	0	1000	1000	28
248	0	1000	1000	29
248	0	1000	1000	30
248	0	1000	1000	31
# Event data block #50
# Threshold	DAC	Events	Triggered	CH#
249	0	1000	1000	0
249	0	1000	1000	1
249	0	1000	1000	2
249	0	1000	1000	3
249	0	1000	1000	4
249	0	1000	1000	5
249	0	1000	1000	6
249	0	1000	954	7
249	0	1000	1000	8
249	0	1000	1000	9
249	0	1000	1000	10
249	0	1000	1000	11
249	0	1000	1000	12
249	0	1000	1000	13
249	0	1000	1000	14
249	0	1000	1000	15
249	0	1000	1000	16
249	0	1000	1000	17
249	0	1000	1000	18
249	0	1000	1000	19
249	0	1000	998	20
249	0	1000	993	21
249	0	1000	1000	22
249	0	1000	1000	23
249	0	1000	1000	24
249	0	1000	1000	25
249	0	1000	1000	26
249	0	1000	1000	27
249	0	1000	1000	28
249	0	1000	1000	29
249	0	1000	1000	30
249	0	1000	1000	31
# Event data block #51
# Threshold	DAC	Events	Triggered	CH#
250	0	1000	1000	0
250	0	1000	1000	1
250	0	1000	1000	2
250	0	1000	1000	3
250	0	1000	1000	4
250	0	1000	1000	5
250	0	1000	1000	6
250	0	1000	966	7
250	0	1000	1000	8
250	0	1000	1000	9
250	0	1000	1000	10
250	0	1000	1000	11
250	0	1000	1000	12
250	0	1000	1000	13
250	0	1000	1000	14
250	0	1000	1000	15
250	0	1000	1000	16
250	0	1000	1000	17
250	0	1000	1000	18
250	0	1000	1000	19
250	0	1000	1000	20
250	0	1000	996	21
250	0	1000	1000	22
250	0	1000	1000	23
250	0	1000	1000	24
250	0	1000	1000	25
250	0	1000	1000	26
250	0	1000	1000	27
250	0	1000	1000	28
250	0	1000	1000	29
250	0	1000	1000	30
250	0	1000	1000	31
# Event data block #52
# Threshold	DAC	Events	Triggered	CH#
251	0	1000	1000	0
251	0	1000	1000	1
251	0	1000	1000	2
251	0	1000	1000	3
251	0	1000	1000	4
251	0	1000	1000	5
251	0	1000	1000	6
251	0	1000	1000	7
251	0	1000	1000	8
251	0	1000	1000	9
251	0	1000	1000	10
251	0	1000	1000	11
251	0	1000	1000	12
251	0	1000	1000	13
251	0	1000	1000	14
251	0	1000	1000	15
251	0	1000	1000	16
251	0	1000	1000	17
251	0	1000	1000	18
251	0	1000	1000	19
251	0	1000	1000	20
251	0	1000	1000	21
251	0	1000	1000	22
251	0	1000	1000	23
251	0	1000	1000	24
251	0	1000	1000	25
251	0	1000	1000	26
251	0	1000	1000	27
251	0	1000	1000	28
251	0	1000	1000	29
251	0	1000	1000	30
251	0	1000	1000	31
# Event data block #53
# Threshold	DAC	Events	Triggered	CH#
252	0	1000	1000	0
252	0	1000	1000	1
252	0	1000	1000	2
252	0	1000	1000	3
252	0	1000	1000	4
252	0	1000	1000	5
252	0	1000	1000	6
252	0	1000	1000	7
252	0	1000	1000	8
252	0	1000	1000	9
252	0	1000	1000	10
252	0	1000	1000	11
252	0	1000	1000	12
252	0	1000	1000	13
252	0	1000	1000	14
252	0	1000	1000	15
252	0	1000	1000	16
252	0	1000	1000	17
252	0	1000	1000	18
252	0	1000	1000	19
252	0	1000	999	20
252	0	1000	1000	21
252	0	1000	1000	22
252	0	1000	1000	23
252	0	1000	1000	24
252	0	1000	1000	25
252	0	1000	1000	26
252	0	1000	1000	27
252	0	1000	1000	28
252	0	1000	1000	29
252	0	1000	1000	30
252	0	1000	1000	31
# Event data block #54
# Threshold	DAC	Events	Triggered	CH#
253	0	1000	1000	0
253	0	1000	1000	1
253	0	1000	1000	2
253	0	1000	1000	3
253	0	1000	1000	4
253	0	1000	1000	5
253	0	1000	1000	6
253	0	1000	1000	7
253	0	1000	1000	8
253	0	1000	1000	9
253	0	1000	1000	10
253	0	1000	1000	11
253	0	1000	1000	12
253	0	1000	1000	13
253	0	1000	1000	14
253	0	1000	1000	15
253	0	1000	1000	16
253	0	1000	1000	17
253	0	1000	1000	18
253	0	1000	1000	19
253	0	1000	1000	20
253	0	1000	1000	21
253	0	1000	1000	22
253	0	1000	1000	23
253	0	1000	1000	24
253	0	1000	1000	25
253	0	1000	1000	26
253	0	1000	1000	27
253	0	1000	1000	28
253	0	1000	1000	29
253	0	1000	1000	30
253	0	1000	1000	31
# Event data block #55
# Threshold	DAC	Events	Triggered	CH#
254	0	1000	1000	0
254	0	1000	1000	1
254	0	1000	1000	2
254	0	1000	1000	3
254	0	1000	1000	4
254	0	1000	1000	5
254	0	1000	1000	6
254	0	1000	1000	7
254	0	1000	1000	8
254	0	1000	1000	9
254	0	1000	1000	10
254	0	1000	1000	11
254	0	1000	1000	12
254	0	1000	1000	13
254	0	1000	1000	14
254	0	1000	1000	15
254	0	1000	1000	16
254	0	1000	1000	17
254	0	1000	1000	18
254	0	1000	1000	19
254	0	1000	1000	20
254	0	1000	1000	21
254	0	1000	1000	22
254	0	1000	1000	23
254	0	1000	1000	24
254	0	1000	1000	25
254	0	1000	1000	26
254	0	1000	1000	27
254	0	1000	1000	28
254	0	1000	1000	29
254	0	1000	1000	30
254	0	1000	1000	31
# Event data block #56
# Threshold	DAC	Events	Triggered	CH#
255	0	1000	1000	0
255	0	1000	1000	1
255	0	1000	1000	2
255	0	1000	1000	3
255	0	1000	1000	4
255	0	1000	1000	5
255	0	1000	1000	6
255	0	1000	1000	7
255	0	1000	1000	8
255	0	1000	1000	9
255	0	1000	1000	10
255	0	1000	1000	11
255	0	1000	1000	12
255	0	1000	1000	13
255	0	1000	1000	14
255	0	1000	1000	15
255	0	1000	1000	16
255	0	1000	1000	17
255	0	1000	1000	18
255	0	1000	1000	19
255	0	1000	1000	20
255	0	1000	1000	21
255	0	1000	1000	22
255	0	1000	1000	23
255	0	1000	1000	24
255	0	1000	1000	25
255	0	1000	1000	26
255	0	1000	1000	27
255	0	1000	1000	28
255	0	1000	1000	29
255	0	1000	1000	30
255	0	1000	1000	31
