# ASIC configuration for the measurements:
# ------------------------------------------------------------------------------
# Mode = 000 
# Bias = 0101 
# CSArefs = 1011 
# Shaper = 100 
# Leakage mask = 00000000000000000000000000000000 
# Discr. enable mask = 11111111111111111111111111111111 
# Calibration mask = 00000000000000000000000000000000 
# Threshold = 255 
# FineTHR[0] = 001 
# FineTHR[1] = 001 
# FineTHR[2] = 001 
# FineTHR[3] = 001 
# FineTHR[4] = 001 
# FineTHR[5] = 001 
# FineTHR[6] = 001 
# FineTHR[7] = 001 
# FineTHR[8] = 001 
# FineTHR[9] = 001 
# FineTHR[10] = 001 
# FineTHR[11] = 001 
# FineTHR[12] = 001 
# FineTHR[13] = 001 
# FineTHR[14] = 001 
# FineTHR[15] = 001 
# FineTHR[16] = 001 
# FineTHR[17] = 001 
# FineTHR[18] = 001 
# FineTHR[19] = 001 
# FineTHR[20] = 001 
# FineTHR[21] = 001 
# FineTHR[22] = 001 
# FineTHR[23] = 001 
# FineTHR[24] = 001 
# FineTHR[25] = 001 
# FineTHR[26] = 001 
# FineTHR[27] = 001 
# FineTHR[28] = 001 
# FineTHR[29] = 001 
# FineTHR[30] = 001 
# FineTHR[31] = 001 
# ------------------------------------------------------------------------------
# Event data block #1
# Threshold	DAC	Events	Triggered	CH#
200	0	1000	0	0
200	0	1000	0	1
200	0	1000	0	2
200	0	1000	1	3
200	0	1000	69	4
200	0	1000	15	5
200	0	1000	93	6
200	0	1000	60	7
200	0	1000	88	8
200	0	1000	45	9
200	0	1000	30	10
200	0	1000	13	11
200	0	1000	12	12
200	0	1000	4	13
200	0	1000	0	14
200	0	1000	0	15
200	0	1000	0	16
200	0	1000	0	17
200	0	1000	0	18
200	0	1000	66	19
200	0	1000	101	20
200	0	1000	62	21
200	0	1000	97	22
200	0	1000	42	23
200	0	1000	92	24
200	0	1000	48	25
200	0	1000	66	26
200	0	1000	5	27
200	0	1000	0	28
200	0	1000	0	29
200	0	1000	0	30
200	0	1000	14	31
# Event data block #2
# Threshold	DAC	Events	Triggered	CH#
201	0	1000	0	0
201	0	1000	0	1
201	0	1000	0	2
201	0	1000	5	3
201	0	1000	79	4
201	0	1000	24	5
201	0	1000	99	6
201	0	1000	70	7
201	0	1000	93	8
201	0	1000	57	9
201	0	1000	46	10
201	0	1000	20	11
201	0	1000	20	12
201	0	1000	8	13
201	0	1000	0	14
201	0	1000	0	15
201	0	1000	0	16
201	0	1000	0	17
201	0	1000	0	18
201	0	1000	73	19
201	0	1000	111	20
201	0	1000	66	21
201	0	1000	101	22
201	0	1000	52	23
201	0	1000	97	24
201	0	1000	56	25
201	0	1000	72	26
201	0	1000	11	27
201	0	1000	0	28
201	0	1000	0	29
201	0	1000	0	30
201	0	1000	27	31
# Event data block #3
# Threshold	DAC	Events	Triggered	CH#
202	0	1000	0	0
202	0	1000	0	1
202	0	1000	1	2
202	0	1000	6	3
202	0	1000	79	4
202	0	1000	27	5
202	0	1000	112	6
202	0	1000	64	7
202	0	1000	98	8
202	0	1000	53	9
202	0	1000	44	10
202	0	1000	25	11
202	0	1000	26	12
202	0	1000	11	13
202	0	1000	0	14
202	0	1000	1	15
202	0	1000	1	16
202	0	1000	3	17
202	0	1000	1	18
202	0	1000	76	19
202	0	1000	123	20
202	0	1000	69	21
202	0	1000	114	22
202	0	1000	49	23
202	0	1000	108	24
202	0	1000	51	25
202	0	1000	73	26
202	0	1000	14	27
202	0	1000	1	28
202	0	1000	3	29
202	0	1000	4	30
202	0	1000	41	31
# Event data block #4
# Threshold	DAC	Events	Triggered	CH#
203	0	1000	0	0
203	0	1000	0	1
203	0	1000	0	2
203	0	1000	6	3
203	0	1000	96	4
203	0	1000	33	5
203	0	1000	125	6
203	0	1000	76	7
203	0	1000	113	8
203	0	1000	61	9
203	0	1000	50	10
203	0	1000	31	11
203	0	1000	32	12
203	0	1000	8	13
203	0	1000	0	14
203	0	1000	1	15
203	0	1000	0	16
203	0	1000	3	17
203	0	1000	0	18
203	0	1000	93	19
203	0	1000	140	20
203	0	1000	82	21
203	0	1000	126	22
203	0	1000	61	23
203	0	1000	120	24
203	0	1000	69	25
203	0	1000	87	26
203	0	1000	14	27
203	0	1000	1	28
203	0	1000	4	29
203	0	1000	4	30
203	0	1000	65	31
# Event data block #5
# Threshold	DAC	Events	Triggered	CH#
204	0	1000	0	0
204	0	1000	0	1
204	0	1000	0	2
204	0	1000	14	3
204	0	1000	114	4
204	0	1000	39	5
204	0	1000	139	6
204	0	1000	82	7
204	0	1000	122	8
204	0	1000	72	9
204	0	1000	62	10
204	0	1000	37	11
204	0	1000	39	12
204	0	1000	19	13
204	0	1000	0	14
204	0	1000	1	15
204	0	1000	1	16
204	0	1000	4	17
204	0	1000	0	18
204	0	1000	109	19
204	0	1000	153	20
204	0	1000	85	21
204	0	1000	137	22
204	0	1000	70	23
204	0	1000	135	24
204	0	1000	74	25
204	0	1000	93	26
204	0	1000	22	27
204	0	1000	1	28
204	0	1000	6	29
204	0	1000	15	30
204	0	1000	81	31
# Event data block #6
# Threshold	DAC	Events	Triggered	CH#
205	0	1000	1	0
205	0	1000	0	1
205	0	1000	1	2
205	0	1000	13	3
205	0	1000	104	4
205	0	1000	36	5
205	0	1000	130	6
205	0	1000	73	7
205	0	1000	114	8
205	0	1000	62	9
205	0	1000	55	10
205	0	1000	33	11
205	0	1000	35	12
205	0	1000	16	13
205	0	1000	1	14
205	0	1000	1	15
205	0	1000	2	16
205	0	1000	8	17
205	0	1000	1	18
205	0	1000	103	19
205	0	1000	151	20
205	0	1000	83	21
205	0	1000	129	22
205	0	1000	58	23
205	0	1000	117	24
205	0	1000	62	25
205	0	1000	92	26
205	0	1000	20	27
205	0	1000	1	28
205	0	1000	8	29
205	0	1000	15	30
205	0	1000	98	31
# Event data block #7
# Threshold	DAC	Events	Triggered	CH#
206	0	1000	1	0
206	0	1000	1	1
206	0	1000	1	2
206	0	1000	16	3
206	0	1000	130	4
206	0	1000	48	5
206	0	1000	145	6
206	0	1000	91	7
206	0	1000	130	8
206	0	1000	79	9
206	0	1000	75	10
206	0	1000	53	11
206	0	1000	54	12
206	0	1000	20	13
206	0	1000	1	14
206	0	1000	1	15
206	0	1000	1	16
206	0	1000	6	17
206	0	1000	1	18
206	0	1000	125	19
206	0	1000	187	20
206	0	1000	104	21
206	0	1000	145	22
206	0	1000	75	23
206	0	1000	128	24
206	0	1000	79	25
206	0	1000	109	26
206	0	1000	23	27
206	0	1000	1	28
206	0	1000	8	29
206	0	1000	25	30
206	0	1000	143	31
# Event data block #8
# Threshold	DAC	Events	Triggered	CH#
207	0	1000	1	0
207	0	1000	0	1
207	0	1000	1	2
207	0	1000	24	3
207	0	1000	141	4
207	0	1000	50	5
207	0	1000	146	6
207	0	1000	87	7
207	0	1000	130	8
207	0	1000	78	9
207	0	1000	74	10
207	0	1000	54	11
207	0	1000	55	12
207	0	1000	30	13
207	0	1000	1	14
207	0	1000	1	15
207	0	1000	1	16
207	0	1000	10	17
207	0	1000	0	18
207	0	1000	139	19
207	0	1000	194	20
207	0	1000	100	21
207	0	1000	148	22
207	0	1000	73	23
207	0	1000	133	24
207	0	1000	81	25
207	0	1000	109	26
207	0	1000	26	27
207	0	1000	1	28
207	0	1000	15	29
207	0	1000	40	30
207	0	1000	187	31
# Event data block #9
# Threshold	DAC	Events	Triggered	CH#
208	0	1000	1	0
208	0	1000	0	1
208	0	1000	1	2
208	0	1000	19	3
208	0	1000	134	4
208	0	1000	37	5
208	0	1000	144	6
208	0	1000	80	7
208	0	1000	125	8
208	0	1000	68	9
208	0	1000	67	10
208	0	1000	39	11
208	0	1000	48	12
208	0	1000	24	13
208	0	1000	0	14
208	0	1000	0	15
208	0	1000	4	16
208	0	1000	11	17
208	0	1000	0	18
208	0	1000	134	19
208	0	1000	230	20
208	0	1000	100	21
208	0	1000	139	22
208	0	1000	63	23
208	0	1000	123	24
208	0	1000	73	25
208	0	1000	105	26
208	0	1000	22	27
208	0	1000	2	28
208	0	1000	15	29
208	0	1000	35	30
208	0	1000	428	31
# Event data block #10
# Threshold	DAC	Events	Triggered	CH#
209	0	1000	4	0
209	0	1000	0	1
209	0	1000	4	2
209	0	1000	34	3
209	0	1000	144	4
209	0	1000	51	5
209	0	1000	149	6
209	0	1000	78	7
209	0	1000	117	8
209	0	1000	77	9
209	0	1000	69	10
209	0	1000	52	11
209	0	1000	57	12
209	0	1000	45	13
209	0	1000	3	14
209	0	1000	4	15
209	0	1000	10	16
209	0	1000	24	17
209	0	1000	3	18
209	0	1000	148	19
209	0	1000	300	20
209	0	1000	95	21
209	0	1000	145	22
209	0	1000	77	23
209	0	1000	135	24
209	0	1000	82	25
209	0	1000	105	26
209	0	1000	34	27
209	0	1000	5	28
209	0	1000	29	29
209	0	1000	57	30
209	0	1000	793	31
# Event data block #11
# Threshold	DAC	Events	Triggered	CH#
210	0	1000	5	0
210	0	1000	0	1
210	0	1000	2	2
210	0	1000	48	3
210	0	1000	186	4
210	0	1000	62	5
210	0	1000	175	6
210	0	1000	98	7
210	0	1000	148	8
210	0	1000	87	9
210	0	1000	86	10
210	0	1000	69	11
210	0	1000	79	12
210	0	1000	54	13
210	0	1000	2	14
210	0	1000	5	15
210	0	1000	15	16
210	0	1000	39	17
210	0	1000	1	18
210	0	1000	185	19
210	0	1000	453	20
210	0	1000	122	21
210	0	1000	172	22
210	0	1000	80	23
210	0	1000	149	24
210	0	1000	92	25
210	0	1000	129	26
210	0	1000	44	27
210	0	1000	5	28
210	0	1000	44	29
210	0	1000	93	30
210	0	1000	864	31
# Event data block #12
# Threshold	DAC	Events	Triggered	CH#
211	0	1000	12	0
211	0	1000	2	1
211	0	1000	3	2
211	0	1000	55	3
211	0	1000	263	4
211	0	1000	69	5
211	0	1000	208	6
211	0	1000	103	7
211	0	1000	159	8
211	0	1000	95	9
211	0	1000	98	10
211	0	1000	71	11
211	0	1000	87	12
211	0	1000	62	13
211	0	1000	4	14
211	0	1000	8	15
211	0	1000	21	16
211	0	1000	47	17
211	0	1000	3	18
211	0	1000	250	19
211	0	1000	625	20
211	0	1000	138	21
211	0	1000	190	22
211	0	1000	92	23
211	0	1000	156	24
211	0	1000	99	25
211	0	1000	146	26
211	0	1000	49	27
211	0	1000	5	28
211	0	1000	53	29
211	0	1000	124	30
211	0	1000	890	31
# Event data block #13
# Threshold	DAC	Events	Triggered	CH#
212	0	1000	17	0
212	0	1000	2	1
212	0	1000	3	2
212	0	1000	59	3
212	0	1000	390	4
212	0	1000	68	5
212	0	1000	248	6
212	0	1000	108	7
212	0	1000	161	8
212	0	1000	98	9
212	0	1000	98	10
212	0	1000	74	11
212	0	1000	84	12
212	0	1000	69	13
212	0	1000	2	14
212	0	1000	11	15
212	0	1000	29	16
212	0	1000	51	17
212	0	1000	2	18
212	0	1000	361	19
212	0	1000	694	20
212	0	1000	145	21
212	0	1000	202	22
212	0	1000	80	23
212	0	1000	169	24
212	0	1000	94	25
212	0	1000	156	26
212	0	1000	44	27
212	0	1000	3	28
212	0	1000	60	29
212	0	1000	161	30
212	0	1000	903	31
# Event data block #14
# Threshold	DAC	Events	Triggered	CH#
213	0	1000	32	0
213	0	1000	5	1
213	0	1000	14	2
213	0	1000	82	3
213	0	1000	581	4
213	0	1000	84	5
213	0	1000	337	6
213	0	1000	110	7
213	0	1000	177	8
213	0	1000	103	9
213	0	1000	106	10
213	0	1000	91	11
213	0	1000	102	12
213	0	1000	87	13
213	0	1000	10	14
213	0	1000	18	15
213	0	1000	47	16
213	0	1000	75	17
213	0	1000	7	18
213	0	1000	551	19
213	0	1000	765	20
213	0	1000	151	21
213	0	1000	245	22
213	0	1000	94	23
213	0	1000	169	24
213	0	1000	104	25
213	0	1000	168	26
213	0	1000	62	27
213	0	1000	10	28
213	0	1000	85	29
213	0	1000	277	30
213	0	1000	931	31
# Event data block #15
# Threshold	DAC	Events	Triggered	CH#
214	0	1000	49	0
214	0	1000	7	1
214	0	1000	18	2
214	0	1000	88	3
214	0	1000	734	4
214	0	1000	85	5
214	0	1000	464	6
214	0	1000	109	7
214	0	1000	196	8
214	0	1000	108	9
214	0	1000	111	10
214	0	1000	94	11
214	0	1000	106	12
214	0	1000	91	13
214	0	1000	14	14
214	0	1000	33	15
214	0	1000	63	16
214	0	1000	87	17
214	0	1000	10	18
214	0	1000	700	19
214	0	1000	805	20
214	0	1000	163	21
214	0	1000	304	22
214	0	1000	97	23
214	0	1000	189	24
214	0	1000	108	25
214	0	1000	180	26
214	0	1000	68	27
214	0	1000	13	28
214	0	1000	101	29
214	0	1000	701	30
214	0	1000	954	31
# Event data block #16
# Threshold	DAC	Events	Triggered	CH#
215	0	1000	59	0
215	0	1000	11	1
215	0	1000	18	2
215	0	1000	90	3
215	0	1000	796	4
215	0	1000	81	5
215	0	1000	575	6
215	0	1000	113	7
215	0	1000	237	8
215	0	1000	117	9
215	0	1000	118	10
215	0	1000	94	11
215	0	1000	120	12
215	0	1000	98	13
215	0	1000	12	14
215	0	1000	28	15
215	0	1000	67	16
215	0	1000	95	17
215	0	1000	8	18
215	0	1000	785	19
215	0	1000	832	20
215	0	1000	185	21
215	0	1000	392	22
215	0	1000	100	23
215	0	1000	219	24
215	0	1000	116	25
215	0	1000	229	26
215	0	1000	67	27
215	0	1000	12	28
215	0	1000	114	29
215	0	1000	846	30
215	0	1000	977	31
# Event data block #17
# Threshold	DAC	Events	Triggered	CH#
216	0	1000	87	0
216	0	1000	20	1
216	0	1000	29	2
216	0	1000	101	3
216	0	1000	827	4
216	0	1000	91	5
216	0	1000	651	6
216	0	1000	116	7
216	0	1000	297	8
216	0	1000	116	9
216	0	1000	124	10
216	0	1000	107	11
216	0	1000	128	12
216	0	1000	113	13
216	0	1000	21	14
216	0	1000	44	15
216	0	1000	87	16
216	0	1000	110	17
216	0	1000	13	18
216	0	1000	816	19
216	0	1000	844	20
216	0	1000	226	21
216	0	1000	455	22
216	0	1000	94	23
216	0	1000	248	24
216	0	1000	116	25
216	0	1000	299	26
216	0	1000	70	27
216	0	1000	20	28
216	0	1000	142	29
216	0	1000	893	30
216	0	1000	981	31
# Event data block #18
# Threshold	DAC	Events	Triggered	CH#
217	0	1000	149	0
217	0	1000	41	1
217	0	1000	59	2
217	0	1000	146	3
217	0	1000	857	4
217	0	1000	126	5
217	0	1000	744	6
217	0	1000	150	7
217	0	1000	406	8
217	0	1000	147	9
217	0	1000	164	10
217	0	1000	144	11
217	0	1000	170	12
217	0	1000	152	13
217	0	1000	42	14
217	0	1000	77	15
217	0	1000	146	16
217	0	1000	172	17
217	0	1000	35	18
217	0	1000	849	19
217	0	1000	869	20
217	0	1000	313	21
217	0	1000	608	22
217	0	1000	128	23
217	0	1000	315	24
217	0	1000	152	25
217	0	1000	463	26
217	0	1000	104	27
217	0	1000	38	28
217	0	1000	223	29
217	0	1000	913	30
217	0	1000	989	31
# Event data block #19
# Threshold	DAC	Events	Triggered	CH#
218	0	1000	298	0
218	0	1000	45	1
218	0	1000	53	2
218	0	1000	150	3
218	0	1000	877	4
218	0	1000	110	5
218	0	1000	786	6
218	0	1000	137	7
218	0	1000	525	8
218	0	1000	141	9
218	0	1000	170	10
218	0	1000	132	11
218	0	1000	189	12
218	0	1000	168	13
218	0	1000	41	14
218	0	1000	69	15
218	0	1000	173	16
218	0	1000	234	17
218	0	1000	31	18
218	0	1000	867	19
218	0	1000	879	20
218	0	1000	473	21
218	0	1000	689	22
218	0	1000	117	23
218	0	1000	399	24
218	0	1000	134	25
218	0	1000	602	26
218	0	1000	80	27
218	0	1000	35	28
218	0	1000	494	29
218	0	1000	933	30
218	0	1000	995	31
# Event data block #20
# Threshold	DAC	Events	Triggered	CH#
219	0	1000	731	0
219	0	1000	59	1
219	0	1000	69	2
219	0	1000	187	3
219	0	1000	928	4
219	0	1000	100	5
219	0	1000	862	6
219	0	1000	130	7
219	0	1000	659	8
219	0	1000	141	9
219	0	1000	172	10
219	0	1000	139	11
219	0	1000	270	12
219	0	1000	239	13
219	0	1000	49	14
219	0	1000	83	15
219	0	1000	396	16
219	0	1000	519	17
219	0	1000	23	18
219	0	1000	924	19
219	0	1000	928	20
219	0	1000	630	21
219	0	1000	789	22
219	0	1000	107	23
219	0	1000	493	24
219	0	1000	136	25
219	0	1000	741	26
219	0	1000	85	27
219	0	1000	29	28
219	0	1000	814	29
219	0	1000	967	30
219	0	1000	996	31
# Event data block #21
# Threshold	DAC	Events	Triggered	CH#
220	0	1000	870	0
220	0	1000	90	1
220	0	1000	94	2
220	0	1000	465	3
220	0	1000	898	4
220	0	1000	127	5
220	0	1000	845	6
220	0	1000	154	7
220	0	1000	687	8
220	0	1000	178	9
220	0	1000	262	10
220	0	1000	181	11
220	0	1000	466	12
220	0	1000	484	13
220	0	1000	66	14
220	0	1000	103	15
220	0	1000	750	16
220	0	1000	771	17
220	0	1000	37	18
220	0	1000	897	19
220	0	1000	897	20
220	0	1000	700	21
220	0	1000	780	22
220	0	1000	117	23
220	0	1000	528	24
220	0	1000	158	25
220	0	1000	774	26
220	0	1000	108	27
220	0	1000	45	28
220	0	1000	853	29
220	0	1000	960	30
220	0	1000	995	31
# Event data block #22
# Threshold	DAC	Events	Triggered	CH#
221	0	1000	916	0
221	0	1000	136	1
221	0	1000	132	2
221	0	1000	721	3
221	0	1000	912	4
221	0	1000	160	5
221	0	1000	867	6
221	0	1000	181	7
221	0	1000	775	8
221	0	1000	229	9
221	0	1000	393	10
221	0	1000	257	11
221	0	1000	688	12
221	0	1000	726	13
221	0	1000	90	14
221	0	1000	160	15
221	0	1000	864	16
221	0	1000	858	17
221	0	1000	57	18
221	0	1000	906	19
221	0	1000	913	20
221	0	1000	787	21
221	0	1000	825	22
221	0	1000	159	23
221	0	1000	631	24
221	0	1000	204	25
221	0	1000	828	26
221	0	1000	131	27
221	0	1000	61	28
221	0	1000	885	29
221	0	1000	977	30
221	0	1000	999	31
# Event data block #23
# Threshold	DAC	Events	Triggered	CH#
222	0	1000	936	0
222	0	1000	209	1
222	0	1000	186	2
222	0	1000	820	3
222	0	1000	914	4
222	0	1000	176	5
222	0	1000	866	6
222	0	1000	213	7
222	0	1000	803	8
222	0	1000	307	9
222	0	1000	567	10
222	0	1000	432	11
222	0	1000	787	12
222	0	1000	812	13
222	0	1000	104	14
222	0	1000	264	15
222	0	1000	891	16
222	0	1000	878	17
222	0	1000	63	18
222	0	1000	911	19
222	0	1000	911	20
222	0	1000	808	21
222	0	1000	817	22
222	0	1000	166	23
222	0	1000	698	24
222	0	1000	231	25
222	0	1000	826	26
222	0	1000	145	27
222	0	1000	70	28
222	0	1000	904	29
222	0	1000	986	30
222	0	1000	997	31
# Event data block #24
# Threshold	DAC	Events	Triggered	CH#
223	0	1000	967	0
223	0	1000	568	1
223	0	1000	403	2
223	0	1000	854	3
223	0	1000	921	4
223	0	1000	206	5
223	0	1000	873	6
223	0	1000	251	7
223	0	1000	816	8
223	0	1000	408	9
223	0	1000	686	10
223	0	1000	595	11
223	0	1000	832	12
223	0	1000	854	13
223	0	1000	116	14
223	0	1000	577	15
223	0	1000	910	16
223	0	1000	900	17
223	0	1000	63	18
223	0	1000	920	19
223	0	1000	918	20
223	0	1000	838	21
223	0	1000	840	22
223	0	1000	168	23
223	0	1000	718	24
223	0	1000	281	25
223	0	1000	852	26
223	0	1000	156	27
223	0	1000	73	28
223	0	1000	919	29
223	0	1000	991	30
223	0	1000	1000	31
# Event data block #25
# Threshold	DAC	Events	Triggered	CH#
224	0	1000	981	0
224	0	1000	847	1
224	0	1000	776	2
224	0	1000	896	3
224	0	1000	938	4
224	0	1000	263	5
224	0	1000	897	6
224	0	1000	289	7
224	0	1000	845	8
224	0	1000	566	9
224	0	1000	774	10
224	0	1000	748	11
224	0	1000	872	12
224	0	1000	892	13
224	0	1000	122	14
224	0	1000	820	15
224	0	1000	938	16
224	0	1000	925	17
224	0	1000	56	18
224	0	1000	940	19
224	0	1000	937	20
224	0	1000	868	21
224	0	1000	865	22
224	0	1000	168	23
224	0	1000	769	24
224	0	1000	354	25
224	0	1000	884	26
224	0	1000	150	27
224	0	1000	61	28
224	0	1000	944	29
224	0	1000	999	30
224	0	1000	1000	31
# Event data block #26
# Threshold	DAC	Events	Triggered	CH#
225	0	1000	991	0
225	0	1000	904	1
225	0	1000	880	2
225	0	1000	917	3
225	0	1000	954	4
225	0	1000	429	5
225	0	1000	910	6
225	0	1000	391	7
225	0	1000	863	8
225	0	1000	673	9
225	0	1000	838	10
225	0	1000	829	11
225	0	1000	893	12
225	0	1000	913	13
225	0	1000	215	14
225	0	1000	881	15
225	0	1000	963	16
225	0	1000	954	17
225	0	1000	72	18
225	0	1000	960	19
225	0	1000	952	20
225	0	1000	891	21
225	0	1000	882	22
225	0	1000	203	23
225	0	1000	824	24
225	0	1000	465	25
225	0	1000	904	26
225	0	1000	229	27
225	0	1000	79	28
225	0	1000	963	29
225	0	1000	998	30
225	0	1000	1000	31
# Event data block #27
# Threshold	DAC	Events	Triggered	CH#
226	0	1000	997	0
226	0	1000	952	1
226	0	1000	930	2
226	0	1000	954	3
226	0	1000	973	4
226	0	1000	637	5
226	0	1000	936	6
226	0	1000	511	7
226	0	1000	904	8
226	0	1000	795	9
226	0	1000	892	10
226	0	1000	895	11
226	0	1000	930	12
226	0	1000	951	13
226	0	1000	503	14
226	0	1000	932	15
226	0	1000	985	16
226	0	1000	974	17
226	0	1000	43	18
226	0	1000	973	19
226	0	1000	972	20
226	0	1000	925	21
226	0	1000	919	22
226	0	1000	191	23
226	0	1000	872	24
226	0	1000	597	25
226	0	1000	933	26
226	0	1000	332	27
226	0	1000	42	28
226	0	1000	984	29
226	0	1000	1000	30
226	0	1000	1000	31
# Event data block #28
# Threshold	DAC	Events	Triggered	CH#
227	0	1000	998	0
227	0	1000	975	1
227	0	1000	963	2
227	0	1000	971	3
227	0	1000	980	4
227	0	1000	787	5
227	0	1000	962	6
227	0	1000	639	7
227	0	1000	939	8
227	0	1000	872	9
227	0	1000	931	10
227	0	1000	936	11
227	0	1000	960	12
227	0	1000	970	13
227	0	1000	852	14
227	0	1000	968	15
227	0	1000	988	16
227	0	1000	984	17
227	0	1000	48	18
227	0	1000	981	19
227	0	1000	980	20
227	0	1000	951	21
227	0	1000	946	22
227	0	1000	242	23
227	0	1000	914	24
227	0	1000	718	25
227	0	1000	958	26
227	0	1000	588	27
227	0	1000	51	28
227	0	1000	988	29
227	0	1000	1000	30
227	0	1000	1000	31
# Event data block #29
# Threshold	DAC	Events	Triggered	CH#
228	0	1000	998	0
228	0	1000	967	1
228	0	1000	954	2
228	0	1000	962	3
228	0	1000	967	4
228	0	1000	863	5
228	0	1000	942	6
228	0	1000	756	7
228	0	1000	919	8
228	0	1000	874	9
228	0	1000	921	10
228	0	1000	923	11
228	0	1000	940	12
228	0	1000	960	13
228	0	1000	906	14
228	0	1000	961	15
228	0	1000	984	16
228	0	1000	975	17
228	0	1000	93	18
228	0	1000	970	19
228	0	1000	966	20
228	0	1000	938	21
228	0	1000	928	22
228	0	1000	389	23
228	0	1000	898	24
228	0	1000	795	25
228	0	1000	943	26
228	0	1000	795	27
228	0	1000	100	28
228	0	1000	981	29
228	0	1000	1000	30
228	0	1000	1000	31
# Event data block #30
# Threshold	DAC	Events	Triggered	CH#
229	0	1000	998	0
229	0	1000	971	1
229	0	1000	953	2
229	0	1000	957	3
229	0	1000	970	4
229	0	1000	872	5
229	0	1000	934	6
229	0	1000	780	7
229	0	1000	912	8
229	0	1000	875	9
229	0	1000	915	10
229	0	1000	919	11
229	0	1000	941	12
229	0	1000	953	13
229	0	1000	918	14
229	0	1000	957	15
229	0	1000	989	16
229	0	1000	981	17
229	0	1000	126	18
229	0	1000	971	19
229	0	1000	968	20
229	0	1000	930	21
229	0	1000	921	22
229	0	1000	500	23
229	0	1000	886	24
229	0	1000	818	25
229	0	1000	934	26
229	0	1000	844	27
229	0	1000	155	28
229	0	1000	985	29
229	0	1000	1000	30
229	0	1000	1000	31
# Event data block #31
# Threshold	DAC	Events	Triggered	CH#
230	0	1000	999	0
230	0	1000	973	1
230	0	1000	947	2
230	0	1000	947	3
230	0	1000	964	4
230	0	1000	865	5
230	0	1000	914	6
230	0	1000	807	7
230	0	1000	891	8
230	0	1000	850	9
230	0	1000	898	10
230	0	1000	902	11
230	0	1000	920	12
230	0	1000	944	13
230	0	1000	904	14
230	0	1000	956	15
230	0	1000	991	16
230	0	1000	975	17
230	0	1000	330	18
230	0	1000	968	19
230	0	1000	957	20
230	0	1000	908	21
230	0	1000	901	22
230	0	1000	576	23
230	0	1000	858	24
230	0	1000	814	25
230	0	1000	920	26
230	0	1000	857	27
230	0	1000	377	28
230	0	1000	985	29
230	0	1000	1000	30
230	0	1000	1000	31
# Event data block #32
# Threshold	DAC	Events	Triggered	CH#
231	0	1000	999	0
231	0	1000	983	1
231	0	1000	961	2
231	0	1000	961	3
231	0	1000	973	4
231	0	1000	852	5
231	0	1000	912	6
231	0	1000	802	7
231	0	1000	877	8
231	0	1000	840	9
231	0	1000	885	10
231	0	1000	896	11
231	0	1000	925	12
231	0	1000	956	13
231	0	1000	914	14
231	0	1000	969	15
231	0	1000	993	16
231	0	1000	987	17
231	0	1000	638	18
231	0	1000	977	19
231	0	1000	965	20
231	0	1000	907	21
231	0	1000	894	22
231	0	1000	635	23
231	0	1000	847	24
231	0	1000	806	25
231	0	1000	917	26
231	0	1000	846	27
231	0	1000	656	28
231	0	1000	992	29
231	0	1000	999	30
231	0	1000	1000	31
# Event data block #33
# Threshold	DAC	Events	Triggered	CH#
232	0	1000	999	0
232	0	1000	989	1
232	0	1000	967	2
232	0	1000	961	3
232	0	1000	966	4
232	0	1000	858	5
232	0	1000	907	6
232	0	1000	810	7
232	0	1000	867	8
232	0	1000	847	9
232	0	1000	884	10
232	0	1000	896	11
232	0	1000	922	12
232	0	1000	951	13
232	0	1000	918	14
232	0	1000	969	15
232	0	1000	993	16
232	0	1000	991	17
232	0	1000	788	18
232	0	1000	972	19
232	0	1000	957	20
232	0	1000	909	21
232	0	1000	884	22
232	0	1000	691	23
232	0	1000	848	24
232	0	1000	816	25
232	0	1000	919	26
232	0	1000	855	27
232	0	1000	793	28
232	0	1000	993	29
232	0	1000	1000	30
232	0	1000	1000	31
# Event data block #34
# Threshold	DAC	Events	Triggered	CH#
233	0	1000	1000	0
233	0	1000	997	1
233	0	1000	975	2
233	0	1000	965	3
233	0	1000	969	4
233	0	1000	856	5
233	0	1000	908	6
233	0	1000	815	7
233	0	1000	870	8
233	0	1000	844	9
233	0	1000	887	10
233	0	1000	896	11
233	0	1000	931	12
233	0	1000	963	13
233	0	1000	934	14
233	0	1000	983	15
233	0	1000	998	16
233	0	1000	997	17
233	0	1000	829	18
233	0	1000	977	19
233	0	1000	961	20
233	0	1000	909	21
233	0	1000	890	22
233	0	1000	723	23
233	0	1000	851	24
233	0	1000	819	25
233	0	1000	921	26
233	0	1000	863	27
233	0	1000	826	28
233	0	1000	998	29
233	0	1000	1000	30
233	0	1000	1000	31
# Event data block #35
# Threshold	DAC	Events	Triggered	CH#
234	0	1000	1000	0
234	0	1000	993	1
234	0	1000	979	2
234	0	1000	970	3
234	0	1000	969	4
234	0	1000	859	5
234	0	1000	911	6
234	0	1000	818	7
234	0	1000	873	8
234	0	1000	838	9
234	0	1000	888	10
234	0	1000	908	11
234	0	1000	935	12
234	0	1000	965	13
234	0	1000	942	14
234	0	1000	979	15
234	0	1000	1000	16
234	0	1000	996	17
234	0	1000	843	18
234	0	1000	974	19
234	0	1000	964	20
234	0	1000	912	21
234	0	1000	890	22
234	0	1000	724	23
234	0	1000	843	24
234	0	1000	816	25
234	0	1000	924	26
234	0	1000	862	27
234	0	1000	838	28
234	0	1000	998	29
234	0	1000	1000	30
234	0	1000	1000	31
# Event data block #36
# Threshold	DAC	Events	Triggered	CH#
235	0	1000	1000	0
235	0	1000	994	1
235	0	1000	990	2
235	0	1000	984	3
235	0	1000	984	4
235	0	1000	869	5
235	0	1000	918	6
235	0	1000	829	7
235	0	1000	881	8
235	0	1000	845	9
235	0	1000	901	10
235	0	1000	920	11
235	0	1000	955	12
235	0	1000	982	13
235	0	1000	969	14
235	0	1000	990	15
235	0	1000	998	16
235	0	1000	994	17
235	0	1000	859	18
235	0	1000	985	19
235	0	1000	974	20
235	0	1000	926	21
235	0	1000	897	22
235	0	1000	769	23
235	0	1000	851	24
235	0	1000	830	25
235	0	1000	940	26
235	0	1000	877	27
235	0	1000	860	28
235	0	1000	996	29
235	0	1000	1000	30
235	0	1000	1000	31
# Event data block #37
# Threshold	DAC	Events	Triggered	CH#
236	0	1000	1000	0
236	0	1000	999	1
236	0	1000	993	2
236	0	1000	990	3
236	0	1000	986	4
236	0	1000	895	5
236	0	1000	928	6
236	0	1000	839	7
236	0	1000	896	8
236	0	1000	865	9
236	0	1000	916	10
236	0	1000	931	11
236	0	1000	957	12
236	0	1000	986	13
236	0	1000	972	14
236	0	1000	995	15
236	0	1000	1000	16
236	0	1000	998	17
236	0	1000	886	18
236	0	1000	989	19
236	0	1000	977	20
236	0	1000	934	21
236	0	1000	909	22
236	0	1000	768	23
236	0	1000	870	24
236	0	1000	837	25
236	0	1000	938	26
236	0	1000	899	27
236	0	1000	887	28
236	0	1000	1000	29
236	0	1000	1000	30
236	0	1000	1000	31
# Event data block #38
# Threshold	DAC	Events	Triggered	CH#
237	0	1000	1000	0
237	0	1000	998	1
237	0	1000	993	2
237	0	1000	987	3
237	0	1000	983	4
237	0	1000	880	5
237	0	1000	919	6
237	0	1000	826	7
237	0	1000	882	8
237	0	1000	853	9
237	0	1000	909	10
237	0	1000	925	11
237	0	1000	961	12
237	0	1000	984	13
237	0	1000	974	14
237	0	1000	993	15
237	0	1000	998	16
237	0	1000	998	17
237	0	1000	887	18
237	0	1000	988	19
237	0	1000	977	20
237	0	1000	934	21
237	0	1000	901	22
237	0	1000	763	23
237	0	1000	848	24
237	0	1000	828	25
237	0	1000	941	26
237	0	1000	893	27
237	0	1000	884	28
237	0	1000	998	29
237	0	1000	1000	30
237	0	1000	1000	31
# Event data block #39
# Threshold	DAC	Events	Triggered	CH#
238	0	1000	1000	0
238	0	1000	1000	1
238	0	1000	1000	2
238	0	1000	998	3
238	0	1000	992	4
238	0	1000	915	5
238	0	1000	948	6
238	0	1000	847	7
238	0	1000	911	8
238	0	1000	884	9
238	0	1000	937	10
238	0	1000	953	11
238	0	1000	972	12
238	0	1000	994	13
238	0	1000	991	14
238	0	1000	1000	15
238	0	1000	1000	16
238	0	1000	1000	17
238	0	1000	929	18
238	0	1000	998	19
238	0	1000	989	20
238	0	1000	959	21
238	0	1000	928	22
238	0	1000	792	23
238	0	1000	877	24
238	0	1000	858	25
238	0	1000	964	26
238	0	1000	928	27
238	0	1000	919	28
238	0	1000	1000	29
238	0	1000	1000	30
238	0	1000	1000	31
# Event data block #40
# Threshold	DAC	Events	Triggered	CH#
239	0	1000	1000	0
239	0	1000	1000	1
239	0	1000	1000	2
239	0	1000	997	3
239	0	1000	993	4
239	0	1000	909	5
239	0	1000	947	6
239	0	1000	849	7
239	0	1000	908	8
239	0	1000	888	9
239	0	1000	938	10
239	0	1000	956	11
239	0	1000	979	12
239	0	1000	998	13
239	0	1000	997	14
239	0	1000	1000	15
239	0	1000	1000	16
239	0	1000	1000	17
239	0	1000	930	18
239	0	1000	998	19
239	0	1000	991	20
239	0	1000	957	21
239	0	1000	926	22
239	0	1000	807	23
239	0	1000	877	24
239	0	1000	865	25
239	0	1000	964	26
239	0	1000	926	27
239	0	1000	925	28
239	0	1000	1000	29
239	0	1000	1000	30
239	0	1000	1000	31
# Event data block #41
# Threshold	DAC	Events	Triggered	CH#
240	0	1000	1000	0
240	0	1000	1000	1
240	0	1000	1000	2
240	0	1000	999	3
240	0	1000	997	4
240	0	1000	927	5
240	0	1000	950	6
240	0	1000	861	7
240	0	1000	913	8
240	0	1000	893	9
240	0	1000	945	10
240	0	1000	965	11
240	0	1000	987	12
240	0	1000	999	13
240	0	1000	999	14
240	0	1000	1000	15
240	0	1000	1000	16
240	0	1000	1000	17
240	0	1000	952	18
240	0	1000	999	19
240	0	1000	995	20
240	0	1000	965	21
240	0	1000	936	22
240	0	1000	805	23
240	0	1000	882	24
240	0	1000	862	25
240	0	1000	974	26
240	0	1000	941	27
240	0	1000	944	28
240	0	1000	1000	29
240	0	1000	1000	30
240	0	1000	1000	31
# Event data block #42
# Threshold	DAC	Events	Triggered	CH#
241	0	1000	1000	0
241	0	1000	1000	1
241	0	1000	1000	2
241	0	1000	999	3
241	0	1000	996	4
241	0	1000	923	5
241	0	1000	945	6
241	0	1000	857	7
241	0	1000	920	8
241	0	1000	902	9
241	0	1000	944	10
241	0	1000	963	11
241	0	1000	984	12
241	0	1000	997	13
241	0	1000	996	14
241	0	1000	1000	15
241	0	1000	1000	16
241	0	1000	1000	17
241	0	1000	959	18
241	0	1000	998	19
241	0	1000	990	20
241	0	1000	955	21
241	0	1000	932	22
241	0	1000	803	23
241	0	1000	886	24
241	0	1000	869	25
241	0	1000	965	26
241	0	1000	936	27
241	0	1000	946	28
241	0	1000	1000	29
241	0	1000	1000	30
241	0	1000	1000	31
# Event data block #43
# Threshold	DAC	Events	Triggered	CH#
242	0	1000	1000	0
242	0	1000	1000	1
242	0	1000	1000	2
242	0	1000	1000	3
242	0	1000	1000	4
242	0	1000	940	5
242	0	1000	961	6
242	0	1000	873	7
242	0	1000	926	8
242	0	1000	900	9
242	0	1000	958	10
242	0	1000	974	11
242	0	1000	988	12
242	0	1000	1000	13
242	0	1000	1000	14
242	0	1000	1000	15
242	0	1000	1000	16
242	0	1000	1000	17
242	0	1000	982	18
242	0	1000	1000	19
242	0	1000	994	20
242	0	1000	970	21
242	0	1000	947	22
242	0	1000	814	23
242	0	1000	892	24
242	0	1000	879	25
242	0	1000	974	26
242	0	1000	956	27
242	0	1000	971	28
242	0	1000	1000	29
242	0	1000	1000	30
242	0	1000	1000	31
# Event data block #44
# Threshold	DAC	Events	Triggered	CH#
243	0	1000	1000	0
243	0	1000	1000	1
243	0	1000	1000	2
243	0	1000	998	3
243	0	1000	995	4
243	0	1000	934	5
243	0	1000	954	6
243	0	1000	874	7
243	0	1000	923	8
243	0	1000	910	9
243	0	1000	956	10
243	0	1000	968	11
243	0	1000	987	12
243	0	1000	998	13
243	0	1000	998	14
243	0	1000	1000	15
243	0	1000	1000	16
243	0	1000	1000	17
243	0	1000	985	18
243	0	1000	998	19
243	0	1000	994	20
243	0	1000	968	21
243	0	1000	939	22
243	0	1000	824	23
243	0	1000	895	24
243	0	1000	883	25
243	0	1000	974	26
243	0	1000	955	27
243	0	1000	964	28
243	0	1000	1000	29
243	0	1000	1000	30
243	0	1000	1000	31
# Event data block #45
# Threshold	DAC	Events	Triggered	CH#
244	0	1000	1000	0
244	0	1000	1000	1
244	0	1000	1000	2
244	0	1000	999	3
244	0	1000	998	4
244	0	1000	946	5
244	0	1000	967	6
244	0	1000	880	7
244	0	1000	930	8
244	0	1000	925	9
244	0	1000	966	10
244	0	1000	979	11
244	0	1000	995	12
244	0	1000	999	13
244	0	1000	999	14
244	0	1000	1000	15
244	0	1000	1000	16
244	0	1000	1000	17
244	0	1000	1000	18
244	0	1000	998	19
244	0	1000	997	20
244	0	1000	977	21
244	0	1000	951	22
244	0	1000	833	23
244	0	1000	904	24
244	0	1000	890	25
244	0	1000	985	26
244	0	1000	966	27
244	0	1000	981	28
244	0	1000	1000	29
244	0	1000	1000	30
244	0	1000	1000	31
# Event data block #46
# Threshold	DAC	Events	Triggered	CH#
245	0	1000	1000	0
245	0	1000	1000	1
245	0	1000	1000	2
245	0	1000	1000	3
245	0	1000	997	4
245	0	1000	973	5
245	0	1000	979	6
245	0	1000	917	7
245	0	1000	963	8
245	0	1000	973	9
245	0	1000	979	10
245	0	1000	991	11
245	0	1000	996	12
245	0	1000	1000	13
245	0	1000	1000	14
245	0	1000	1000	15
245	0	1000	1000	16
245	0	1000	1000	17
245	0	1000	1000	18
245	0	1000	999	19
245	0	1000	996	20
245	0	1000	987	21
245	0	1000	973	22
245	0	1000	875	23
245	0	1000	940	24
245	0	1000	932	25
245	0	1000	992	26
245	0	1000	980	27
245	0	1000	992	28
245	0	1000	1000	29
245	0	1000	1000	30
245	0	1000	1000	31
# Event data block #47
# Threshold	DAC	Events	Triggered	CH#
246	0	1000	1000	0
246	0	1000	1000	1
246	0	1000	1000	2
246	0	1000	1000	3
246	0	1000	998	4
246	0	1000	961	5
246	0	1000	977	6
246	0	1000	897	7
246	0	1000	943	8
246	0	1000	1000	9
246	0	1000	977	10
246	0	1000	988	11
246	0	1000	997	12
246	0	1000	1000	13
246	0	1000	1000	14
246	0	1000	1000	15
246	0	1000	1000	16
246	0	1000	1000	17
246	0	1000	1000	18
246	0	1000	1000	19
246	0	1000	997	20
246	0	1000	984	21
246	0	1000	958	22
246	0	1000	866	23
246	0	1000	919	24
246	0	1000	925	25
246	0	1000	988	26
246	0	1000	983	27
246	0	1000	996	28
246	0	1000	1000	29
246	0	1000	1000	30
246	0	1000	1000	31
# Event data block #48
# Threshold	DAC	Events	Triggered	CH#
247	0	1000	1000	0
247	0	1000	1000	1
247	0	1000	1000	2
247	0	1000	999	3
247	0	1000	999	4
247	0	1000	976	5
247	0	1000	985	6
247	0	1000	922	7
247	0	1000	962	8
247	0	1000	1000	9
247	0	1000	985	10
247	0	1000	992	11
247	0	1000	998	12
247	0	1000	999	13
247	0	1000	1000	14
247	0	1000	1000	15
247	0	1000	1000	16
247	0	1000	1000	17
247	0	1000	1000	18
247	0	1000	998	19
247	0	1000	998	20
247	0	1000	991	21
247	0	1000	972	22
247	0	1000	885	23
247	0	1000	941	24
247	0	1000	1000	25
247	0	1000	993	26
247	0	1000	990	27
247	0	1000	999	28
247	0	1000	1000	29
247	0	1000	1000	30
247	0	1000	1000	31
# Event data block #49
# Threshold	DAC	Events	Triggered	CH#
248	0	1000	1000	0
248	0	1000	1000	1
248	0	1000	1000	2
248	0	1000	1000	3
248	0	1000	999	4
248	0	1000	977	5
248	0	1000	983	6
248	0	1000	923	7
248	0	1000	966	8
248	0	1000	1000	9
248	0	1000	983	10
248	0	1000	997	11
248	0	1000	997	12
248	0	1000	1000	13
248	0	1000	1000	14
248	0	1000	1000	15
248	0	1000	1000	16
248	0	1000	1000	17
248	0	1000	1000	18
248	0	1000	1000	19
248	0	1000	997	20
248	0	1000	990	21
248	0	1000	975	22
248	0	1000	907	23
248	0	1000	955	24
248	0	1000	1000	25
248	0	1000	993	26
248	0	1000	990	27
248	0	1000	1000	28
248	0	1000	1000	29
248	0	1000	1000	30
248	0	1000	1000	31
# Event data block #50
# Threshold	DAC	Events	Triggered	CH#
249	0	1000	1000	0
249	0	1000	1000	1
249	0	1000	1000	2
249	0	1000	1000	3
249	0	1000	999	4
249	0	1000	977	5
249	0	1000	985	6
249	0	1000	912	7
249	0	1000	956	8
249	0	1000	1000	9
249	0	1000	989	10
249	0	1000	995	11
249	0	1000	998	12
249	0	1000	1000	13
249	0	1000	1000	14
249	0	1000	1000	15
249	0	1000	1000	16
249	0	1000	1000	17
249	0	1000	1000	18
249	0	1000	1000	19
249	0	1000	996	20
249	0	1000	990	21
249	0	1000	975	22
249	0	1000	998	23
249	0	1000	1000	24
249	0	1000	1000	25
249	0	1000	994	26
249	0	1000	993	27
249	0	1000	1000	28
249	0	1000	1000	29
249	0	1000	1000	30
249	0	1000	1000	31
# Event data block #51
# Threshold	DAC	Events	Triggered	CH#
250	0	1000	1000	0
250	0	1000	1000	1
250	0	1000	1000	2
250	0	1000	1000	3
250	0	1000	1000	4
250	0	1000	992	5
250	0	1000	994	6
250	0	1000	939	7
250	0	1000	976	8
250	0	1000	1000	9
250	0	1000	993	10
250	0	1000	999	11
250	0	1000	1000	12
250	0	1000	1000	13
250	0	1000	1000	14
250	0	1000	1000	15
250	0	1000	1000	16
250	0	1000	1000	17
250	0	1000	1000	18
250	0	1000	1000	19
250	0	1000	1000	20
250	0	1000	994	21
250	0	1000	991	22
250	0	1000	1000	23
250	0	1000	1000	24
250	0	1000	1000	25
250	0	1000	997	26
250	0	1000	1000	27
250	0	1000	1000	28
250	0	1000	1000	29
250	0	1000	1000	30
250	0	1000	1000	31
# Event data block #52
# Threshold	DAC	Events	Triggered	CH#
251	0	1000	1000	0
251	0	1000	1000	1
251	0	1000	1000	2
251	0	1000	1000	3
251	0	1000	1000	4
251	0	1000	993	5
251	0	1000	996	6
251	0	1000	936	7
251	0	1000	980	8
251	0	1000	1000	9
251	0	1000	995	10
251	0	1000	1000	11
251	0	1000	1000	12
251	0	1000	1000	13
251	0	1000	1000	14
251	0	1000	1000	15
251	0	1000	1000	16
251	0	1000	1000	17
251	0	1000	1000	18
251	0	1000	1000	19
251	0	1000	1000	20
251	0	1000	996	21
251	0	1000	995	22
251	0	1000	1000	23
251	0	1000	1000	24
251	0	1000	1000	25
251	0	1000	997	26
251	0	1000	1000	27
251	0	1000	1000	28
251	0	1000	1000	29
251	0	1000	1000	30
251	0	1000	1000	31
# Event data block #53
# Threshold	DAC	Events	Triggered	CH#
252	0	1000	1000	0
252	0	1000	1000	1
252	0	1000	1000	2
252	0	1000	1000	3
252	0	1000	1000	4
252	0	1000	986	5
252	0	1000	1000	6
252	0	1000	941	7
252	0	1000	979	8
252	0	1000	1000	9
252	0	1000	995	10
252	0	1000	1000	11
252	0	1000	1000	12
252	0	1000	1000	13
252	0	1000	1000	14
252	0	1000	1000	15
252	0	1000	1000	16
252	0	1000	1000	17
252	0	1000	1000	18
252	0	1000	1000	19
252	0	1000	998	20
252	0	1000	991	21
252	0	1000	1000	22
252	0	1000	1000	23
252	0	1000	1000	24
252	0	1000	1000	25
252	0	1000	998	26
252	0	1000	1000	27
252	0	1000	1000	28
252	0	1000	1000	29
252	0	1000	1000	30
252	0	1000	1000	31
# Event data block #54
# Threshold	DAC	Events	Triggered	CH#
253	0	1000	1000	0
253	0	1000	1000	1
253	0	1000	1000	2
253	0	1000	1000	3
253	0	1000	1000	4
253	0	1000	993	5
253	0	1000	1000	6
253	0	1000	944	7
253	0	1000	1000	8
253	0	1000	1000	9
253	0	1000	1000	10
253	0	1000	1000	11
253	0	1000	1000	12
253	0	1000	1000	13
253	0	1000	1000	14
253	0	1000	1000	15
253	0	1000	1000	16
253	0	1000	1000	17
253	0	1000	1000	18
253	0	1000	1000	19
253	0	1000	1000	20
253	0	1000	998	21
253	0	1000	1000	22
253	0	1000	1000	23
253	0	1000	1000	24
253	0	1000	1000	25
253	0	1000	1000	26
253	0	1000	1000	27
253	0	1000	1000	28
253	0	1000	1000	29
253	0	1000	1000	30
253	0	1000	1000	31
# Event data block #55
# Threshold	DAC	Events	Triggered	CH#
254	0	1000	1000	0
254	0	1000	1000	1
254	0	1000	1000	2
254	0	1000	1000	3
254	0	1000	1000	4
254	0	1000	997	5
254	0	1000	1000	6
254	0	1000	947	7
254	0	1000	1000	8
254	0	1000	1000	9
254	0	1000	1000	10
254	0	1000	1000	11
254	0	1000	1000	12
254	0	1000	1000	13
254	0	1000	1000	14
254	0	1000	1000	15
254	0	1000	1000	16
254	0	1000	1000	17
254	0	1000	1000	18
254	0	1000	1000	19
254	0	1000	1000	20
254	0	1000	998	21
254	0	1000	1000	22
254	0	1000	1000	23
254	0	1000	1000	24
254	0	1000	1000	25
254	0	1000	1000	26
254	0	1000	1000	27
254	0	1000	1000	28
254	0	1000	1000	29
254	0	1000	1000	30
254	0	1000	1000	31
# Event data block #56
# Threshold	DAC	Events	Triggered	CH#
255	0	1000	1000	0
255	0	1000	1000	1
255	0	1000	1000	2
255	0	1000	1000	3
255	0	1000	1000	4
255	0	1000	1000	5
255	0	1000	1000	6
255	0	1000	967	7
255	0	1000	1000	8
255	0	1000	1000	9
255	0	1000	1000	10
255	0	1000	1000	11
255	0	1000	1000	12
255	0	1000	1000	13
255	0	1000	1000	14
255	0	1000	1000	15
255	0	1000	1000	16
255	0	1000	1000	17
255	0	1000	1000	18
255	0	1000	1000	19
255	0	1000	1000	20
255	0	1000	997	21
255	0	1000	1000	22
255	0	1000	1000	23
255	0	1000	1000	24
255	0	1000	1000	25
255	0	1000	1000	26
255	0	1000	1000	27
255	0	1000	1000	28
255	0	1000	1000	29
255	0	1000	1000	30
255	0	1000	1000	31
