# ASIC configuration for the measurements:
# ------------------------------------------------------------------------------
# Mode = 000 
# Bias = 0101 
# CSArefs = 1011 
# Shaper = 110 
# Leakage mask = 00000000000000000000000000000000 
# Discr. enable mask = 11111111111111111111111111111111 
# Calibration mask = 00000000000000000000000000000000 
# Threshold = 255 
# FineTHR[0] = 000 
# FineTHR[1] = 000 
# FineTHR[2] = 000 
# FineTHR[3] = 000 
# FineTHR[4] = 000 
# FineTHR[5] = 000 
# FineTHR[6] = 000 
# FineTHR[7] = 000 
# FineTHR[8] = 000 
# FineTHR[9] = 000 
# FineTHR[10] = 000 
# FineTHR[11] = 000 
# FineTHR[12] = 000 
# FineTHR[13] = 000 
# FineTHR[14] = 000 
# FineTHR[15] = 000 
# FineTHR[16] = 000 
# FineTHR[17] = 000 
# FineTHR[18] = 000 
# FineTHR[19] = 000 
# FineTHR[20] = 000 
# FineTHR[21] = 000 
# FineTHR[22] = 000 
# FineTHR[23] = 000 
# FineTHR[24] = 000 
# FineTHR[25] = 000 
# FineTHR[26] = 000 
# FineTHR[27] = 000 
# FineTHR[28] = 000 
# FineTHR[29] = 000 
# FineTHR[30] = 000 
# FineTHR[31] = 000 
# ------------------------------------------------------------------------------
# Event data block #1
# Threshold	DAC	Events	Triggered	CH#
200	0	1000	0	0
200	0	1000	0	1
200	0	1000	0	2
200	0	1000	4	3
200	0	1000	66	4
200	0	1000	20	5
200	0	1000	95	6
200	0	1000	60	7
200	0	1000	85	8
200	0	1000	45	9
200	0	1000	33	10
200	0	1000	16	11
200	0	1000	18	12
200	0	1000	5	13
200	0	1000	0	14
200	0	1000	0	15
200	0	1000	0	16
200	0	1000	0	17
200	0	1000	0	18
200	0	1000	61	19
200	0	1000	98	20
200	0	1000	58	21
200	0	1000	94	22
200	0	1000	46	23
200	0	1000	91	24
200	0	1000	48	25
200	0	1000	59	26
200	0	1000	8	27
200	0	1000	0	28
200	0	1000	1	29
200	0	1000	0	30
200	0	1000	14	31
# Event data block #2
# Threshold	DAC	Events	Triggered	CH#
201	0	1000	0	0
201	0	1000	0	1
201	0	1000	0	2
201	0	1000	2	3
201	0	1000	65	4
201	0	1000	17	5
201	0	1000	92	6
201	0	1000	53	7
201	0	1000	85	8
201	0	1000	40	9
201	0	1000	29	10
201	0	1000	15	11
201	0	1000	15	12
201	0	1000	3	13
201	0	1000	0	14
201	0	1000	0	15
201	0	1000	0	16
201	0	1000	0	17
201	0	1000	0	18
201	0	1000	56	19
201	0	1000	96	20
201	0	1000	52	21
201	0	1000	97	22
201	0	1000	37	23
201	0	1000	86	24
201	0	1000	42	25
201	0	1000	54	26
201	0	1000	5	27
201	0	1000	0	28
201	0	1000	0	29
201	0	1000	0	30
201	0	1000	16	31
# Event data block #3
# Threshold	DAC	Events	Triggered	CH#
202	0	1000	0	0
202	0	1000	0	1
202	0	1000	0	2
202	0	1000	3	3
202	0	1000	74	4
202	0	1000	23	5
202	0	1000	105	6
202	0	1000	62	7
202	0	1000	98	8
202	0	1000	51	9
202	0	1000	40	10
202	0	1000	20	11
202	0	1000	22	12
202	0	1000	6	13
202	0	1000	0	14
202	0	1000	0	15
202	0	1000	0	16
202	0	1000	2	17
202	0	1000	0	18
202	0	1000	71	19
202	0	1000	111	20
202	0	1000	65	21
202	0	1000	104	22
202	0	1000	50	23
202	0	1000	100	24
202	0	1000	54	25
202	0	1000	68	26
202	0	1000	9	27
202	0	1000	2	28
202	0	1000	2	29
202	0	1000	2	30
202	0	1000	29	31
# Event data block #4
# Threshold	DAC	Events	Triggered	CH#
203	0	1000	0	0
203	0	1000	0	1
203	0	1000	0	2
203	0	1000	3	3
203	0	1000	78	4
203	0	1000	23	5
203	0	1000	102	6
203	0	1000	66	7
203	0	1000	94	8
203	0	1000	47	9
203	0	1000	41	10
203	0	1000	21	11
203	0	1000	24	12
203	0	1000	5	13
203	0	1000	0	14
203	0	1000	0	15
203	0	1000	0	16
203	0	1000	2	17
203	0	1000	0	18
203	0	1000	74	19
203	0	1000	115	20
203	0	1000	64	21
203	0	1000	101	22
203	0	1000	51	23
203	0	1000	93	24
203	0	1000	53	25
203	0	1000	66	26
203	0	1000	9	27
203	0	1000	0	28
203	0	1000	2	29
203	0	1000	2	30
203	0	1000	37	31
# Event data block #5
# Threshold	DAC	Events	Triggered	CH#
204	0	1000	0	0
204	0	1000	0	1
204	0	1000	0	2
204	0	1000	9	3
204	0	1000	90	4
204	0	1000	26	5
204	0	1000	111	6
204	0	1000	74	7
204	0	1000	102	8
204	0	1000	60	9
204	0	1000	50	10
204	0	1000	23	11
204	0	1000	26	12
204	0	1000	10	13
204	0	1000	0	14
204	0	1000	0	15
204	0	1000	0	16
204	0	1000	3	17
204	0	1000	0	18
204	0	1000	86	19
204	0	1000	121	20
204	0	1000	77	21
204	0	1000	111	22
204	0	1000	53	23
204	0	1000	106	24
204	0	1000	60	25
204	0	1000	81	26
204	0	1000	10	27
204	0	1000	0	28
204	0	1000	3	29
204	0	1000	7	30
204	0	1000	58	31
# Event data block #6
# Threshold	DAC	Events	Triggered	CH#
205	0	1000	0	0
205	0	1000	0	1
205	0	1000	0	2
205	0	1000	11	3
205	0	1000	103	4
205	0	1000	40	5
205	0	1000	126	6
205	0	1000	75	7
205	0	1000	109	8
205	0	1000	63	9
205	0	1000	56	10
205	0	1000	36	11
205	0	1000	41	12
205	0	1000	12	13
205	0	1000	0	14
205	0	1000	0	15
205	0	1000	0	16
205	0	1000	4	17
205	0	1000	0	18
205	0	1000	102	19
205	0	1000	140	20
205	0	1000	85	21
205	0	1000	124	22
205	0	1000	62	23
205	0	1000	115	24
205	0	1000	69	25
205	0	1000	90	26
205	0	1000	18	27
205	0	1000	0	28
205	0	1000	4	29
205	0	1000	10	30
205	0	1000	81	31
# Event data block #7
# Threshold	DAC	Events	Triggered	CH#
206	0	1000	2	0
206	0	1000	0	1
206	0	1000	3	2
206	0	1000	11	3
206	0	1000	123	4
206	0	1000	36	5
206	0	1000	134	6
206	0	1000	77	7
206	0	1000	117	8
206	0	1000	64	9
206	0	1000	59	10
206	0	1000	35	11
206	0	1000	40	12
206	0	1000	13	13
206	0	1000	3	14
206	0	1000	3	15
206	0	1000	3	16
206	0	1000	5	17
206	0	1000	2	18
206	0	1000	116	19
206	0	1000	161	20
206	0	1000	90	21
206	0	1000	125	22
206	0	1000	64	23
206	0	1000	117	24
206	0	1000	65	25
206	0	1000	96	26
206	0	1000	16	27
206	0	1000	3	28
206	0	1000	5	29
206	0	1000	9	30
206	0	1000	103	31
# Event data block #8
# Threshold	DAC	Events	Triggered	CH#
207	0	1000	0	0
207	0	1000	0	1
207	0	1000	0	2
207	0	1000	24	3
207	0	1000	125	4
207	0	1000	43	5
207	0	1000	144	6
207	0	1000	84	7
207	0	1000	122	8
207	0	1000	73	9
207	0	1000	65	10
207	0	1000	43	11
207	0	1000	46	12
207	0	1000	24	13
207	0	1000	0	14
207	0	1000	0	15
207	0	1000	1	16
207	0	1000	12	17
207	0	1000	0	18
207	0	1000	120	19
207	0	1000	181	20
207	0	1000	94	21
207	0	1000	133	22
207	0	1000	68	23
207	0	1000	124	24
207	0	1000	74	25
207	0	1000	101	26
207	0	1000	27	27
207	0	1000	1	28
207	0	1000	12	29
207	0	1000	28	30
207	0	1000	135	31
# Event data block #9
# Threshold	DAC	Events	Triggered	CH#
208	0	1000	0	0
208	0	1000	0	1
208	0	1000	2	2
208	0	1000	31	3
208	0	1000	139	4
208	0	1000	56	5
208	0	1000	145	6
208	0	1000	93	7
208	0	1000	134	8
208	0	1000	86	9
208	0	1000	77	10
208	0	1000	59	11
208	0	1000	65	12
208	0	1000	32	13
208	0	1000	1	14
208	0	1000	2	15
208	0	1000	5	16
208	0	1000	19	17
208	0	1000	2	18
208	0	1000	137	19
208	0	1000	186	20
208	0	1000	108	21
208	0	1000	141	22
208	0	1000	78	23
208	0	1000	128	24
208	0	1000	86	25
208	0	1000	115	26
208	0	1000	35	27
208	0	1000	3	28
208	0	1000	21	29
208	0	1000	50	30
208	0	1000	180	31
# Event data block #10
# Threshold	DAC	Events	Triggered	CH#
209	0	1000	4	0
209	0	1000	2	1
209	0	1000	3	2
209	0	1000	34	3
209	0	1000	153	4
209	0	1000	46	5
209	0	1000	157	6
209	0	1000	89	7
209	0	1000	136	8
209	0	1000	73	9
209	0	1000	62	10
209	0	1000	52	11
209	0	1000	52	12
209	0	1000	35	13
209	0	1000	3	14
209	0	1000	4	15
209	0	1000	8	16
209	0	1000	28	17
209	0	1000	2	18
209	0	1000	146	19
209	0	1000	244	20
209	0	1000	110	21
209	0	1000	159	22
209	0	1000	69	23
209	0	1000	140	24
209	0	1000	77	25
209	0	1000	115	26
209	0	1000	35	27
209	0	1000	6	28
209	0	1000	30	29
209	0	1000	44	30
209	0	1000	422	31
# Event data block #11
# Threshold	DAC	Events	Triggered	CH#
210	0	1000	3	0
210	0	1000	0	1
210	0	1000	1	2
210	0	1000	36	3
210	0	1000	160	4
210	0	1000	57	5
210	0	1000	163	6
210	0	1000	87	7
210	0	1000	138	8
210	0	1000	76	9
210	0	1000	79	10
210	0	1000	56	11
210	0	1000	68	12
210	0	1000	38	13
210	0	1000	1	14
210	0	1000	2	15
210	0	1000	5	16
210	0	1000	24	17
210	0	1000	0	18
210	0	1000	155	19
210	0	1000	303	20
210	0	1000	117	21
210	0	1000	154	22
210	0	1000	71	23
210	0	1000	131	24
210	0	1000	74	25
210	0	1000	125	26
210	0	1000	33	27
210	0	1000	3	28
210	0	1000	31	29
210	0	1000	65	30
210	0	1000	765	31
# Event data block #12
# Threshold	DAC	Events	Triggered	CH#
211	0	1000	4	0
211	0	1000	1	1
211	0	1000	2	2
211	0	1000	30	3
211	0	1000	167	4
211	0	1000	47	5
211	0	1000	161	6
211	0	1000	86	7
211	0	1000	128	8
211	0	1000	79	9
211	0	1000	70	10
211	0	1000	51	11
211	0	1000	59	12
211	0	1000	35	13
211	0	1000	3	14
211	0	1000	3	15
211	0	1000	10	16
211	0	1000	25	17
211	0	1000	2	18
211	0	1000	169	19
211	0	1000	422	20
211	0	1000	104	21
211	0	1000	149	22
211	0	1000	69	23
211	0	1000	133	24
211	0	1000	77	25
211	0	1000	110	26
211	0	1000	28	27
211	0	1000	3	28
211	0	1000	29	29
211	0	1000	77	30
211	0	1000	862	31
# Event data block #13
# Threshold	DAC	Events	Triggered	CH#
212	0	1000	10	0
212	0	1000	1	1
212	0	1000	4	2
212	0	1000	56	3
212	0	1000	229	4
212	0	1000	70	5
212	0	1000	201	6
212	0	1000	101	7
212	0	1000	159	8
212	0	1000	96	9
212	0	1000	96	10
212	0	1000	81	11
212	0	1000	88	12
212	0	1000	61	13
212	0	1000	1	14
212	0	1000	3	15
212	0	1000	23	16
212	0	1000	47	17
212	0	1000	3	18
212	0	1000	227	19
212	0	1000	584	20
212	0	1000	127	21
212	0	1000	184	22
212	0	1000	91	23
212	0	1000	152	24
212	0	1000	99	25
212	0	1000	139	26
212	0	1000	49	27
212	0	1000	5	28
212	0	1000	54	29
212	0	1000	114	30
212	0	1000	898	31
# Event data block #14
# Threshold	DAC	Events	Triggered	CH#
213	0	1000	17	0
213	0	1000	3	1
213	0	1000	6	2
213	0	1000	72	3
213	0	1000	389	4
213	0	1000	77	5
213	0	1000	252	6
213	0	1000	107	7
213	0	1000	170	8
213	0	1000	103	9
213	0	1000	102	10
213	0	1000	83	11
213	0	1000	95	12
213	0	1000	75	13
213	0	1000	4	14
213	0	1000	6	15
213	0	1000	27	16
213	0	1000	63	17
213	0	1000	4	18
213	0	1000	355	19
213	0	1000	679	20
213	0	1000	145	21
213	0	1000	218	22
213	0	1000	94	23
213	0	1000	165	24
213	0	1000	102	25
213	0	1000	157	26
213	0	1000	58	27
213	0	1000	7	28
213	0	1000	72	29
213	0	1000	159	30
213	0	1000	924	31
# Event data block #15
# Threshold	DAC	Events	Triggered	CH#
214	0	1000	29	0
214	0	1000	3	1
214	0	1000	9	2
214	0	1000	66	3
214	0	1000	591	4
214	0	1000	68	5
214	0	1000	334	6
214	0	1000	102	7
214	0	1000	183	8
214	0	1000	96	9
214	0	1000	100	10
214	0	1000	77	11
214	0	1000	94	12
214	0	1000	69	13
214	0	1000	5	14
214	0	1000	15	15
214	0	1000	40	16
214	0	1000	61	17
214	0	1000	5	18
214	0	1000	546	19
214	0	1000	767	20
214	0	1000	150	21
214	0	1000	247	22
214	0	1000	83	23
214	0	1000	173	24
214	0	1000	95	25
214	0	1000	165	26
214	0	1000	54	27
214	0	1000	7	28
214	0	1000	76	29
214	0	1000	301	30
214	0	1000	938	31
# Event data block #16
# Threshold	DAC	Events	Triggered	CH#
215	0	1000	38	0
215	0	1000	8	1
215	0	1000	19	2
215	0	1000	78	3
215	0	1000	705	4
215	0	1000	78	5
215	0	1000	411	6
215	0	1000	110	7
215	0	1000	190	8
215	0	1000	104	9
215	0	1000	111	10
215	0	1000	87	11
215	0	1000	108	12
215	0	1000	84	13
215	0	1000	11	14
215	0	1000	19	15
215	0	1000	50	16
215	0	1000	80	17
215	0	1000	10	18
215	0	1000	677	19
215	0	1000	794	20
215	0	1000	158	21
215	0	1000	285	22
215	0	1000	91	23
215	0	1000	181	24
215	0	1000	108	25
215	0	1000	177	26
215	0	1000	58	27
215	0	1000	13	28
215	0	1000	92	29
215	0	1000	685	30
215	0	1000	952	31
# Event data block #17
# Threshold	DAC	Events	Triggered	CH#
216	0	1000	72	0
216	0	1000	12	1
216	0	1000	24	2
216	0	1000	98	3
216	0	1000	807	4
216	0	1000	92	5
216	0	1000	563	6
216	0	1000	126	7
216	0	1000	255	8
216	0	1000	127	9
216	0	1000	129	10
216	0	1000	103	11
216	0	1000	125	12
216	0	1000	103	13
216	0	1000	15	14
216	0	1000	37	15
216	0	1000	74	16
216	0	1000	102	17
216	0	1000	12	18
216	0	1000	796	19
216	0	1000	844	20
216	0	1000	211	21
216	0	1000	397	22
216	0	1000	106	23
216	0	1000	229	24
216	0	1000	125	25
216	0	1000	247	26
216	0	1000	72	27
216	0	1000	16	28
216	0	1000	120	29
216	0	1000	843	30
216	0	1000	978	31
# Event data block #18
# Threshold	DAC	Events	Triggered	CH#
217	0	1000	93	0
217	0	1000	20	1
217	0	1000	33	2
217	0	1000	110	3
217	0	1000	836	4
217	0	1000	99	5
217	0	1000	681	6
217	0	1000	134	7
217	0	1000	319	8
217	0	1000	126	9
217	0	1000	139	10
217	0	1000	112	11
217	0	1000	140	12
217	0	1000	116	13
217	0	1000	24	14
217	0	1000	42	15
217	0	1000	96	16
217	0	1000	119	17
217	0	1000	19	18
217	0	1000	837	19
217	0	1000	861	20
217	0	1000	234	21
217	0	1000	496	22
217	0	1000	107	23
217	0	1000	263	24
217	0	1000	124	25
217	0	1000	322	26
217	0	1000	78	27
217	0	1000	23	28
217	0	1000	153	29
217	0	1000	892	30
217	0	1000	975	31
# Event data block #19
# Threshold	DAC	Events	Triggered	CH#
218	0	1000	147	0
218	0	1000	33	1
218	0	1000	51	2
218	0	1000	155	3
218	0	1000	846	4
218	0	1000	124	5
218	0	1000	756	6
218	0	1000	164	7
218	0	1000	423	8
218	0	1000	163	9
218	0	1000	177	10
218	0	1000	148	11
218	0	1000	187	12
218	0	1000	164	13
218	0	1000	30	14
218	0	1000	69	15
218	0	1000	147	16
218	0	1000	177	17
218	0	1000	19	18
218	0	1000	844	19
218	0	1000	857	20
218	0	1000	336	21
218	0	1000	619	22
218	0	1000	139	23
218	0	1000	321	24
218	0	1000	164	25
218	0	1000	453	26
218	0	1000	95	27
218	0	1000	26	28
218	0	1000	233	29
218	0	1000	915	30
218	0	1000	987	31
# Event data block #20
# Threshold	DAC	Events	Triggered	CH#
219	0	1000	269	0
219	0	1000	37	1
219	0	1000	46	2
219	0	1000	152	3
219	0	1000	901	4
219	0	1000	111	5
219	0	1000	818	6
219	0	1000	142	7
219	0	1000	509	8
219	0	1000	146	9
219	0	1000	172	10
219	0	1000	136	11
219	0	1000	190	12
219	0	1000	168	13
219	0	1000	32	14
219	0	1000	65	15
219	0	1000	170	16
219	0	1000	221	17
219	0	1000	18	18
219	0	1000	891	19
219	0	1000	900	20
219	0	1000	461	21
219	0	1000	718	22
219	0	1000	120	23
219	0	1000	378	24
219	0	1000	143	25
219	0	1000	629	26
219	0	1000	87	27
219	0	1000	23	28
219	0	1000	493	29
219	0	1000	940	30
219	0	1000	995	31
# Event data block #21
# Threshold	DAC	Events	Triggered	CH#
220	0	1000	712	0
220	0	1000	47	1
220	0	1000	49	2
220	0	1000	196	3
220	0	1000	895	4
220	0	1000	85	5
220	0	1000	823	6
220	0	1000	122	7
220	0	1000	591	8
220	0	1000	136	9
220	0	1000	181	10
220	0	1000	120	11
220	0	1000	271	12
220	0	1000	239	13
220	0	1000	42	14
220	0	1000	60	15
220	0	1000	324	16
220	0	1000	474	17
220	0	1000	26	18
220	0	1000	892	19
220	0	1000	893	20
220	0	1000	572	21
220	0	1000	740	22
220	0	1000	103	23
220	0	1000	449	24
220	0	1000	125	25
220	0	1000	705	26
220	0	1000	67	27
220	0	1000	32	28
220	0	1000	766	29
220	0	1000	961	30
220	0	1000	992	31
# Event data block #22
# Threshold	DAC	Events	Triggered	CH#
221	0	1000	880	0
221	0	1000	69	1
221	0	1000	75	2
221	0	1000	433	3
221	0	1000	905	4
221	0	1000	106	5
221	0	1000	841	6
221	0	1000	138	7
221	0	1000	700	8
221	0	1000	172	9
221	0	1000	251	10
221	0	1000	167	11
221	0	1000	444	12
221	0	1000	441	13
221	0	1000	52	14
221	0	1000	87	15
221	0	1000	718	16
221	0	1000	764	17
221	0	1000	28	18
221	0	1000	904	19
221	0	1000	906	20
221	0	1000	711	21
221	0	1000	788	22
221	0	1000	107	23
221	0	1000	539	24
221	0	1000	152	25
221	0	1000	788	26
221	0	1000	85	27
221	0	1000	32	28
221	0	1000	846	29
221	0	1000	970	30
221	0	1000	998	31
# Event data block #23
# Threshold	DAC	Events	Triggered	CH#
222	0	1000	909	0
222	0	1000	117	1
222	0	1000	118	2
222	0	1000	707	3
222	0	1000	909	4
222	0	1000	151	5
222	0	1000	854	6
222	0	1000	187	7
222	0	1000	761	8
222	0	1000	233	9
222	0	1000	397	10
222	0	1000	254	11
222	0	1000	658	12
222	0	1000	698	13
222	0	1000	76	14
222	0	1000	141	15
222	0	1000	849	16
222	0	1000	845	17
222	0	1000	51	18
222	0	1000	912	19
222	0	1000	909	20
222	0	1000	782	21
222	0	1000	817	22
222	0	1000	148	23
222	0	1000	623	24
222	0	1000	197	25
222	0	1000	821	26
222	0	1000	121	27
222	0	1000	61	28
222	0	1000	881	29
222	0	1000	983	30
222	0	1000	1000	31
# Event data block #24
# Threshold	DAC	Events	Triggered	CH#
223	0	1000	940	0
223	0	1000	224	1
223	0	1000	186	2
223	0	1000	816	3
223	0	1000	914	4
223	0	1000	182	5
223	0	1000	864	6
223	0	1000	206	7
223	0	1000	798	8
223	0	1000	314	9
223	0	1000	541	10
223	0	1000	403	11
223	0	1000	777	12
223	0	1000	812	13
223	0	1000	95	14
223	0	1000	254	15
223	0	1000	890	16
223	0	1000	881	17
223	0	1000	56	18
223	0	1000	919	19
223	0	1000	916	20
223	0	1000	818	21
223	0	1000	829	22
223	0	1000	155	23
223	0	1000	696	24
223	0	1000	222	25
223	0	1000	832	26
223	0	1000	139	27
223	0	1000	64	28
223	0	1000	899	29
223	0	1000	989	30
223	0	1000	999	31
# Event data block #25
# Threshold	DAC	Events	Triggered	CH#
224	0	1000	960	0
224	0	1000	587	1
224	0	1000	379	2
224	0	1000	850	3
224	0	1000	923	4
224	0	1000	211	5
224	0	1000	869	6
224	0	1000	245	7
224	0	1000	815	8
224	0	1000	413	9
224	0	1000	676	10
224	0	1000	594	11
224	0	1000	826	12
224	0	1000	848	13
224	0	1000	111	14
224	0	1000	551	15
224	0	1000	918	16
224	0	1000	903	17
224	0	1000	65	18
224	0	1000	927	19
224	0	1000	921	20
224	0	1000	836	21
224	0	1000	842	22
224	0	1000	168	23
224	0	1000	716	24
224	0	1000	271	25
224	0	1000	850	26
224	0	1000	155	27
224	0	1000	71	28
224	0	1000	922	29
224	0	1000	990	30
224	0	1000	999	31
# Event data block #26
# Threshold	DAC	Events	Triggered	CH#
225	0	1000	981	0
225	0	1000	813	1
225	0	1000	716	2
225	0	1000	876	3
225	0	1000	929	4
225	0	1000	276	5
225	0	1000	883	6
225	0	1000	315	7
225	0	1000	837	8
225	0	1000	549	9
225	0	1000	774	10
225	0	1000	732	11
225	0	1000	856	12
225	0	1000	881	13
225	0	1000	127	14
225	0	1000	804	15
225	0	1000	928	16
225	0	1000	917	17
225	0	1000	67	18
225	0	1000	931	19
225	0	1000	924	20
225	0	1000	858	21
225	0	1000	857	22
225	0	1000	183	23
225	0	1000	776	24
225	0	1000	349	25
225	0	1000	868	26
225	0	1000	174	27
225	0	1000	75	28
225	0	1000	931	29
225	0	1000	995	30
225	0	1000	1000	31
# Event data block #27
# Threshold	DAC	Events	Triggered	CH#
226	0	1000	984	0
226	0	1000	899	1
226	0	1000	858	2
226	0	1000	918	3
226	0	1000	956	4
226	0	1000	434	5
226	0	1000	912	6
226	0	1000	410	7
226	0	1000	870	8
226	0	1000	655	9
226	0	1000	829	10
226	0	1000	824	11
226	0	1000	898	12
226	0	1000	922	13
226	0	1000	211	14
226	0	1000	895	15
226	0	1000	966	16
226	0	1000	951	17
226	0	1000	78	18
226	0	1000	959	19
226	0	1000	955	20
226	0	1000	891	21
226	0	1000	887	22
226	0	1000	200	23
226	0	1000	807	24
226	0	1000	461	25
226	0	1000	902	26
226	0	1000	235	27
226	0	1000	85	28
226	0	1000	966	29
226	0	1000	997	30
226	0	1000	1000	31
# Event data block #28
# Threshold	DAC	Events	Triggered	CH#
227	0	1000	998	0
227	0	1000	944	1
227	0	1000	926	2
227	0	1000	944	3
227	0	1000	967	4
227	0	1000	625	5
227	0	1000	937	6
227	0	1000	518	7
227	0	1000	908	8
227	0	1000	777	9
227	0	1000	891	10
227	0	1000	891	11
227	0	1000	931	12
227	0	1000	942	13
227	0	1000	474	14
227	0	1000	938	15
227	0	1000	977	16
227	0	1000	968	17
227	0	1000	66	18
227	0	1000	968	19
227	0	1000	964	20
227	0	1000	928	21
227	0	1000	918	22
227	0	1000	243	23
227	0	1000	871	24
227	0	1000	580	25
227	0	1000	933	26
227	0	1000	376	27
227	0	1000	75	28
227	0	1000	978	29
227	0	1000	1000	30
227	0	1000	1000	31
# Event data block #29
# Threshold	DAC	Events	Triggered	CH#
228	0	1000	999	0
228	0	1000	971	1
228	0	1000	950	2
228	0	1000	965	3
228	0	1000	981	4
228	0	1000	755	5
228	0	1000	949	6
228	0	1000	612	7
228	0	1000	930	8
228	0	1000	839	9
228	0	1000	917	10
228	0	1000	920	11
228	0	1000	948	12
228	0	1000	963	13
228	0	1000	786	14
228	0	1000	966	15
228	0	1000	989	16
228	0	1000	982	17
228	0	1000	47	18
228	0	1000	982	19
228	0	1000	976	20
228	0	1000	941	21
228	0	1000	935	22
228	0	1000	257	23
228	0	1000	883	24
228	0	1000	676	25
228	0	1000	947	26
228	0	1000	552	27
228	0	1000	53	28
228	0	1000	989	29
228	0	1000	1000	30
228	0	1000	1000	31
# Event data block #30
# Threshold	DAC	Events	Triggered	CH#
229	0	1000	998	0
229	0	1000	974	1
229	0	1000	959	2
229	0	1000	965	3
229	0	1000	976	4
229	0	1000	836	5
229	0	1000	949	6
229	0	1000	715	7
229	0	1000	932	8
229	0	1000	860	9
229	0	1000	921	10
229	0	1000	931	11
229	0	1000	953	12
229	0	1000	961	13
229	0	1000	895	14
229	0	1000	964	15
229	0	1000	988	16
229	0	1000	981	17
229	0	1000	71	18
229	0	1000	976	19
229	0	1000	973	20
229	0	1000	947	21
229	0	1000	940	22
229	0	1000	383	23
229	0	1000	886	24
229	0	1000	761	25
229	0	1000	951	26
229	0	1000	756	27
229	0	1000	82	28
229	0	1000	985	29
229	0	1000	1000	30
229	0	1000	1000	31
# Event data block #31
# Threshold	DAC	Events	Triggered	CH#
230	0	1000	999	0
230	0	1000	976	1
230	0	1000	954	2
230	0	1000	957	3
230	0	1000	976	4
230	0	1000	860	5
230	0	1000	932	6
230	0	1000	773	7
230	0	1000	905	8
230	0	1000	860	9
230	0	1000	904	10
230	0	1000	909	11
230	0	1000	937	12
230	0	1000	959	13
230	0	1000	907	14
230	0	1000	965	15
230	0	1000	993	16
230	0	1000	987	17
230	0	1000	105	18
230	0	1000	978	19
230	0	1000	971	20
230	0	1000	927	21
230	0	1000	919	22
230	0	1000	456	23
230	0	1000	874	24
230	0	1000	799	25
230	0	1000	932	26
230	0	1000	827	27
230	0	1000	130	28
230	0	1000	993	29
230	0	1000	1000	30
230	0	1000	1000	31
# Event data block #32
# Threshold	DAC	Events	Triggered	CH#
231	0	1000	999	0
231	0	1000	969	1
231	0	1000	951	2
231	0	1000	950	3
231	0	1000	962	4
231	0	1000	845	5
231	0	1000	906	6
231	0	1000	770	7
231	0	1000	884	8
231	0	1000	824	9
231	0	1000	886	10
231	0	1000	898	11
231	0	1000	913	12
231	0	1000	952	13
231	0	1000	902	14
231	0	1000	960	15
231	0	1000	988	16
231	0	1000	980	17
231	0	1000	316	18
231	0	1000	964	19
231	0	1000	957	20
231	0	1000	901	21
231	0	1000	894	22
231	0	1000	536	23
231	0	1000	834	24
231	0	1000	768	25
231	0	1000	908	26
231	0	1000	829	27
231	0	1000	366	28
231	0	1000	983	29
231	0	1000	1000	30
231	0	1000	1000	31
# Event data block #33
# Threshold	DAC	Events	Triggered	CH#
232	0	1000	998	0
232	0	1000	975	1
232	0	1000	949	2
232	0	1000	947	3
232	0	1000	960	4
232	0	1000	846	5
232	0	1000	904	6
232	0	1000	788	7
232	0	1000	869	8
232	0	1000	825	9
232	0	1000	874	10
232	0	1000	887	11
232	0	1000	925	12
232	0	1000	951	13
232	0	1000	905	14
232	0	1000	965	15
232	0	1000	993	16
232	0	1000	982	17
232	0	1000	632	18
232	0	1000	963	19
232	0	1000	951	20
232	0	1000	899	21
232	0	1000	878	22
232	0	1000	615	23
232	0	1000	835	24
232	0	1000	796	25
232	0	1000	910	26
232	0	1000	832	27
232	0	1000	642	28
232	0	1000	988	29
232	0	1000	1000	30
232	0	1000	1000	31
# Event data block #34
# Threshold	DAC	Events	Triggered	CH#
233	0	1000	999	0
233	0	1000	988	1
233	0	1000	963	2
233	0	1000	958	3
233	0	1000	966	4
233	0	1000	847	5
233	0	1000	905	6
233	0	1000	800	7
233	0	1000	868	8
233	0	1000	837	9
233	0	1000	876	10
233	0	1000	892	11
233	0	1000	932	12
233	0	1000	959	13
233	0	1000	930	14
233	0	1000	969	15
233	0	1000	997	16
233	0	1000	990	17
233	0	1000	769	18
233	0	1000	968	19
233	0	1000	958	20
233	0	1000	902	21
233	0	1000	882	22
233	0	1000	681	23
233	0	1000	840	24
233	0	1000	804	25
233	0	1000	907	26
233	0	1000	847	27
233	0	1000	776	28
233	0	1000	996	29
233	0	1000	1000	30
233	0	1000	1000	31
# Event data block #35
# Threshold	DAC	Events	Triggered	CH#
234	0	1000	1000	0
234	0	1000	995	1
234	0	1000	974	2
234	0	1000	966	3
234	0	1000	970	4
234	0	1000	866	5
234	0	1000	919	6
234	0	1000	814	7
234	0	1000	884	8
234	0	1000	845	9
234	0	1000	903	10
234	0	1000	911	11
234	0	1000	939	12
234	0	1000	963	13
234	0	1000	939	14
234	0	1000	980	15
234	0	1000	998	16
234	0	1000	993	17
234	0	1000	808	18
234	0	1000	974	19
234	0	1000	966	20
234	0	1000	914	21
234	0	1000	900	22
234	0	1000	680	23
234	0	1000	844	24
234	0	1000	801	25
234	0	1000	920	26
234	0	1000	866	27
234	0	1000	810	28
234	0	1000	996	29
234	0	1000	1000	30
234	0	1000	1000	31
# Event data block #36
# Threshold	DAC	Events	Triggered	CH#
235	0	1000	1000	0
235	0	1000	993	1
235	0	1000	978	2
235	0	1000	970	3
235	0	1000	970	4
235	0	1000	869	5
235	0	1000	916	6
235	0	1000	822	7
235	0	1000	883	8
235	0	1000	853	9
235	0	1000	902	10
235	0	1000	912	11
235	0	1000	945	12
235	0	1000	970	13
235	0	1000	954	14
235	0	1000	985	15
235	0	1000	998	16
235	0	1000	992	17
235	0	1000	852	18
235	0	1000	977	19
235	0	1000	965	20
235	0	1000	917	21
235	0	1000	892	22
235	0	1000	726	23
235	0	1000	857	24
235	0	1000	831	25
235	0	1000	921	26
235	0	1000	871	27
235	0	1000	853	28
235	0	1000	995	29
235	0	1000	1000	30
235	0	1000	1000	31
# Event data block #37
# Threshold	DAC	Events	Triggered	CH#
236	0	1000	1000	0
236	0	1000	994	1
236	0	1000	983	2
236	0	1000	975	3
236	0	1000	974	4
236	0	1000	873	5
236	0	1000	907	6
236	0	1000	817	7
236	0	1000	877	8
236	0	1000	849	9
236	0	1000	895	10
236	0	1000	913	11
236	0	1000	949	12
236	0	1000	972	13
236	0	1000	960	14
236	0	1000	987	15
236	0	1000	997	16
236	0	1000	993	17
236	0	1000	861	18
236	0	1000	978	19
236	0	1000	965	20
236	0	1000	914	21
236	0	1000	886	22
236	0	1000	739	23
236	0	1000	845	24
236	0	1000	816	25
236	0	1000	928	26
236	0	1000	869	27
236	0	1000	855	28
236	0	1000	995	29
236	0	1000	1000	30
236	0	1000	1000	31
# Event data block #38
# Threshold	DAC	Events	Triggered	CH#
237	0	1000	1000	0
237	0	1000	999	1
237	0	1000	994	2
237	0	1000	987	3
237	0	1000	982	4
237	0	1000	885	5
237	0	1000	919	6
237	0	1000	822	7
237	0	1000	890	8
237	0	1000	860	9
237	0	1000	912	10
237	0	1000	922	11
237	0	1000	951	12
237	0	1000	980	13
237	0	1000	966	14
237	0	1000	995	15
237	0	1000	1000	16
237	0	1000	999	17
237	0	1000	879	18
237	0	1000	988	19
237	0	1000	972	20
237	0	1000	922	21
237	0	1000	901	22
237	0	1000	751	23
237	0	1000	847	24
237	0	1000	819	25
237	0	1000	930	26
237	0	1000	891	27
237	0	1000	875	28
237	0	1000	999	29
237	0	1000	1000	30
237	0	1000	1000	31
# Event data block #39
# Threshold	DAC	Events	Triggered	CH#
238	0	1000	1000	0
238	0	1000	997	1
238	0	1000	994	2
238	0	1000	982	3
238	0	1000	977	4
238	0	1000	879	5
238	0	1000	918	6
238	0	1000	822	7
238	0	1000	880	8
238	0	1000	858	9
238	0	1000	908	10
238	0	1000	928	11
238	0	1000	956	12
238	0	1000	980	13
238	0	1000	972	14
238	0	1000	996	15
238	0	1000	1000	16
238	0	1000	998	17
238	0	1000	891	18
238	0	1000	983	19
238	0	1000	967	20
238	0	1000	924	21
238	0	1000	891	22
238	0	1000	756	23
238	0	1000	849	24
238	0	1000	829	25
238	0	1000	933	26
238	0	1000	880	27
238	0	1000	878	28
238	0	1000	998	29
238	0	1000	1000	30
238	0	1000	1000	31
# Event data block #40
# Threshold	DAC	Events	Triggered	CH#
239	0	1000	1000	0
239	0	1000	1000	1
239	0	1000	998	2
239	0	1000	993	3
239	0	1000	989	4
239	0	1000	892	5
239	0	1000	930	6
239	0	1000	833	7
239	0	1000	890	8
239	0	1000	864	9
239	0	1000	922	10
239	0	1000	937	11
239	0	1000	966	12
239	0	1000	993	13
239	0	1000	989	14
239	0	1000	999	15
239	0	1000	1000	16
239	0	1000	1000	17
239	0	1000	905	18
239	0	1000	993	19
239	0	1000	980	20
239	0	1000	936	21
239	0	1000	904	22
239	0	1000	767	23
239	0	1000	855	24
239	0	1000	835	25
239	0	1000	942	26
239	0	1000	902	27
239	0	1000	896	28
239	0	1000	1000	29
239	0	1000	1000	30
239	0	1000	1000	31
# Event data block #41
# Threshold	DAC	Events	Triggered	CH#
240	0	1000	1000	0
240	0	1000	1000	1
240	0	1000	998	2
240	0	1000	996	3
240	0	1000	993	4
240	0	1000	921	5
240	0	1000	950	6
240	0	1000	866	7
240	0	1000	915	8
240	0	1000	894	9
240	0	1000	943	10
240	0	1000	955	11
240	0	1000	968	12
240	0	1000	994	13
240	0	1000	990	14
240	0	1000	998	15
240	0	1000	1000	16
240	0	1000	1000	17
240	0	1000	931	18
240	0	1000	996	19
240	0	1000	983	20
240	0	1000	951	21
240	0	1000	925	22
240	0	1000	805	23
240	0	1000	884	24
240	0	1000	871	25
240	0	1000	954	26
240	0	1000	924	27
240	0	1000	928	28
240	0	1000	1000	29
240	0	1000	1000	30
240	0	1000	1000	31
# Event data block #42
# Threshold	DAC	Events	Triggered	CH#
241	0	1000	1000	0
241	0	1000	1000	1
241	0	1000	1000	2
241	0	1000	998	3
241	0	1000	994	4
241	0	1000	923	5
241	0	1000	949	6
241	0	1000	862	7
241	0	1000	916	8
241	0	1000	901	9
241	0	1000	946	10
241	0	1000	959	11
241	0	1000	983	12
241	0	1000	998	13
241	0	1000	996	14
241	0	1000	1000	15
241	0	1000	1000	16
241	0	1000	1000	17
241	0	1000	945	18
241	0	1000	997	19
241	0	1000	988	20
241	0	1000	954	21
241	0	1000	928	22
241	0	1000	792	23
241	0	1000	879	24
241	0	1000	861	25
241	0	1000	959	26
241	0	1000	931	27
241	0	1000	937	28
241	0	1000	1000	29
241	0	1000	1000	30
241	0	1000	1000	31
# Event data block #43
# Threshold	DAC	Events	Triggered	CH#
242	0	1000	1000	0
242	0	1000	1000	1
242	0	1000	999	2
242	0	1000	996	3
242	0	1000	993	4
242	0	1000	934	5
242	0	1000	959	6
242	0	1000	865	7
242	0	1000	923	8
242	0	1000	908	9
242	0	1000	956	10
242	0	1000	968	11
242	0	1000	981	12
242	0	1000	996	13
242	0	1000	995	14
242	0	1000	998	15
242	0	1000	1000	16
242	0	1000	1000	17
242	0	1000	961	18
242	0	1000	994	19
242	0	1000	986	20
242	0	1000	965	21
242	0	1000	934	22
242	0	1000	798	23
242	0	1000	880	24
242	0	1000	869	25
242	0	1000	968	26
242	0	1000	945	27
242	0	1000	954	28
242	0	1000	1000	29
242	0	1000	1000	30
242	0	1000	1000	31
# Event data block #44
# Threshold	DAC	Events	Triggered	CH#
243	0	1000	1000	0
243	0	1000	1000	1
243	0	1000	1000	2
243	0	1000	997	3
243	0	1000	993	4
243	0	1000	929	5
243	0	1000	950	6
243	0	1000	868	7
243	0	1000	920	8
243	0	1000	907	9
243	0	1000	948	10
243	0	1000	964	11
243	0	1000	985	12
243	0	1000	997	13
243	0	1000	997	14
243	0	1000	1000	15
243	0	1000	1000	16
243	0	1000	1000	17
243	0	1000	969	18
243	0	1000	996	19
243	0	1000	989	20
243	0	1000	954	21
243	0	1000	932	22
243	0	1000	824	23
243	0	1000	882	24
243	0	1000	874	25
243	0	1000	960	26
243	0	1000	940	27
243	0	1000	955	28
243	0	1000	1000	29
243	0	1000	1000	30
243	0	1000	1000	31
# Event data block #45
# Threshold	DAC	Events	Triggered	CH#
244	0	1000	1000	0
244	0	1000	1000	1
244	0	1000	1000	2
244	0	1000	1000	3
244	0	1000	998	4
244	0	1000	945	5
244	0	1000	961	6
244	0	1000	888	7
244	0	1000	938	8
244	0	1000	933	9
244	0	1000	958	10
244	0	1000	976	11
244	0	1000	991	12
244	0	1000	1000	13
244	0	1000	1000	14
244	0	1000	1000	15
244	0	1000	1000	16
244	0	1000	1000	17
244	0	1000	986	18
244	0	1000	999	19
244	0	1000	993	20
244	0	1000	963	21
244	0	1000	939	22
244	0	1000	842	23
244	0	1000	914	24
244	0	1000	907	25
244	0	1000	969	26
244	0	1000	945	27
244	0	1000	962	28
244	0	1000	1000	29
244	0	1000	1000	30
244	0	1000	1000	31
# Event data block #46
# Threshold	DAC	Events	Triggered	CH#
245	0	1000	1000	0
245	0	1000	1000	1
245	0	1000	1000	2
245	0	1000	999	3
245	0	1000	999	4
245	0	1000	952	5
245	0	1000	966	6
245	0	1000	879	7
245	0	1000	939	8
245	0	1000	929	9
245	0	1000	967	10
245	0	1000	981	11
245	0	1000	994	12
245	0	1000	999	13
245	0	1000	999	14
245	0	1000	1000	15
245	0	1000	1000	16
245	0	1000	1000	17
245	0	1000	1000	18
245	0	1000	999	19
245	0	1000	993	20
245	0	1000	971	21
245	0	1000	946	22
245	0	1000	819	23
245	0	1000	901	24
245	0	1000	899	25
245	0	1000	976	26
245	0	1000	960	27
245	0	1000	977	28
245	0	1000	1000	29
245	0	1000	1000	30
245	0	1000	1000	31
# Event data block #47
# Threshold	DAC	Events	Triggered	CH#
246	0	1000	1000	0
246	0	1000	1000	1
246	0	1000	1000	2
246	0	1000	1000	3
246	0	1000	1000	4
246	0	1000	951	5
246	0	1000	963	6
246	0	1000	885	7
246	0	1000	943	8
246	0	1000	959	9
246	0	1000	963	10
246	0	1000	983	11
246	0	1000	998	12
246	0	1000	1000	13
246	0	1000	1000	14
246	0	1000	1000	15
246	0	1000	1000	16
246	0	1000	1000	17
246	0	1000	1000	18
246	0	1000	1000	19
246	0	1000	995	20
246	0	1000	967	21
246	0	1000	946	22
246	0	1000	839	23
246	0	1000	903	24
246	0	1000	908	25
246	0	1000	973	26
246	0	1000	962	27
246	0	1000	990	28
246	0	1000	1000	29
246	0	1000	1000	30
246	0	1000	1000	31
# Event data block #48
# Threshold	DAC	Events	Triggered	CH#
247	0	1000	1000	0
247	0	1000	1000	1
247	0	1000	1000	2
247	0	1000	1000	3
247	0	1000	1000	4
247	0	1000	971	5
247	0	1000	980	6
247	0	1000	908	7
247	0	1000	958	8
247	0	1000	1000	9
247	0	1000	981	10
247	0	1000	989	11
247	0	1000	996	12
247	0	1000	1000	13
247	0	1000	1000	14
247	0	1000	1000	15
247	0	1000	1000	16
247	0	1000	1000	17
247	0	1000	1000	18
247	0	1000	1000	19
247	0	1000	996	20
247	0	1000	983	21
247	0	1000	964	22
247	0	1000	863	23
247	0	1000	934	24
247	0	1000	945	25
247	0	1000	986	26
247	0	1000	981	27
247	0	1000	992	28
247	0	1000	1000	29
247	0	1000	1000	30
247	0	1000	1000	31
# Event data block #49
# Threshold	DAC	Events	Triggered	CH#
248	0	1000	1000	0
248	0	1000	1000	1
248	0	1000	1000	2
248	0	1000	998	3
248	0	1000	998	4
248	0	1000	963	5
248	0	1000	971	6
248	0	1000	896	7
248	0	1000	955	8
248	0	1000	1000	9
248	0	1000	973	10
248	0	1000	993	11
248	0	1000	996	12
248	0	1000	998	13
248	0	1000	999	14
248	0	1000	1000	15
248	0	1000	1000	16
248	0	1000	1000	17
248	0	1000	1000	18
248	0	1000	998	19
248	0	1000	993	20
248	0	1000	974	21
248	0	1000	959	22
248	0	1000	860	23
248	0	1000	927	24
248	0	1000	983	25
248	0	1000	982	26
248	0	1000	977	27
248	0	1000	998	28
248	0	1000	1000	29
248	0	1000	1000	30
248	0	1000	1000	31
# Event data block #50
# Threshold	DAC	Events	Triggered	CH#
249	0	1000	1000	0
249	0	1000	1000	1
249	0	1000	1000	2
249	0	1000	999	3
249	0	1000	999	4
249	0	1000	975	5
249	0	1000	981	6
249	0	1000	926	7
249	0	1000	965	8
249	0	1000	1000	9
249	0	1000	980	10
249	0	1000	995	11
249	0	1000	997	12
249	0	1000	999	13
249	0	1000	999	14
249	0	1000	1000	15
249	0	1000	1000	16
249	0	1000	1000	17
249	0	1000	1000	18
249	0	1000	999	19
249	0	1000	996	20
249	0	1000	981	21
249	0	1000	968	22
249	0	1000	892	23
249	0	1000	944	24
249	0	1000	1000	25
249	0	1000	985	26
249	0	1000	985	27
249	0	1000	1000	28
249	0	1000	1000	29
249	0	1000	1000	30
249	0	1000	1000	31
# Event data block #51
# Threshold	DAC	Events	Triggered	CH#
250	0	1000	1000	0
250	0	1000	1000	1
250	0	1000	1000	2
250	0	1000	1000	3
250	0	1000	1000	4
250	0	1000	985	5
250	0	1000	992	6
250	0	1000	944	7
250	0	1000	978	8
250	0	1000	1000	9
250	0	1000	991	10
250	0	1000	1000	11
250	0	1000	1000	12
250	0	1000	1000	13
250	0	1000	1000	14
250	0	1000	1000	15
250	0	1000	1000	16
250	0	1000	1000	17
250	0	1000	1000	18
250	0	1000	1000	19
250	0	1000	999	20
250	0	1000	992	21
250	0	1000	985	22
250	0	1000	996	23
250	0	1000	1000	24
250	0	1000	1000	25
250	0	1000	994	26
250	0	1000	998	27
250	0	1000	1000	28
250	0	1000	1000	29
250	0	1000	1000	30
250	0	1000	1000	31
# Event data block #52
# Threshold	DAC	Events	Triggered	CH#
251	0	1000	1000	0
251	0	1000	1000	1
251	0	1000	1000	2
251	0	1000	1000	3
251	0	1000	999	4
251	0	1000	985	5
251	0	1000	991	6
251	0	1000	923	7
251	0	1000	977	8
251	0	1000	1000	9
251	0	1000	990	10
251	0	1000	998	11
251	0	1000	999	12
251	0	1000	1000	13
251	0	1000	1000	14
251	0	1000	1000	15
251	0	1000	1000	16
251	0	1000	1000	17
251	0	1000	1000	18
251	0	1000	1000	19
251	0	1000	998	20
251	0	1000	991	21
251	0	1000	981	22
251	0	1000	1000	23
251	0	1000	1000	24
251	0	1000	1000	25
251	0	1000	993	26
251	0	1000	1000	27
251	0	1000	1000	28
251	0	1000	1000	29
251	0	1000	1000	30
251	0	1000	1000	31
# Event data block #53
# Threshold	DAC	Events	Triggered	CH#
252	0	1000	1000	0
252	0	1000	1000	1
252	0	1000	1000	2
252	0	1000	1000	3
252	0	1000	1000	4
252	0	1000	990	5
252	0	1000	996	6
252	0	1000	943	7
252	0	1000	979	8
252	0	1000	1000	9
252	0	1000	994	10
252	0	1000	1000	11
252	0	1000	1000	12
252	0	1000	1000	13
252	0	1000	1000	14
252	0	1000	1000	15
252	0	1000	1000	16
252	0	1000	1000	17
252	0	1000	1000	18
252	0	1000	1000	19
252	0	1000	998	20
252	0	1000	993	21
252	0	1000	990	22
252	0	1000	1000	23
252	0	1000	1000	24
252	0	1000	1000	25
252	0	1000	997	26
252	0	1000	1000	27
252	0	1000	1000	28
252	0	1000	1000	29
252	0	1000	1000	30
252	0	1000	1000	31
# Event data block #54
# Threshold	DAC	Events	Triggered	CH#
253	0	1000	1000	0
253	0	1000	1000	1
253	0	1000	1000	2
253	0	1000	1000	3
253	0	1000	1000	4
253	0	1000	990	5
253	0	1000	1000	6
253	0	1000	954	7
253	0	1000	987	8
253	0	1000	1000	9
253	0	1000	995	10
253	0	1000	1000	11
253	0	1000	1000	12
253	0	1000	1000	13
253	0	1000	1000	14
253	0	1000	1000	15
253	0	1000	1000	16
253	0	1000	1000	17
253	0	1000	1000	18
253	0	1000	1000	19
253	0	1000	999	20
253	0	1000	994	21
253	0	1000	1000	22
253	0	1000	1000	23
253	0	1000	1000	24
253	0	1000	1000	25
253	0	1000	997	26
253	0	1000	1000	27
253	0	1000	1000	28
253	0	1000	1000	29
253	0	1000	1000	30
253	0	1000	1000	31
# Event data block #55
# Threshold	DAC	Events	Triggered	CH#
254	0	1000	1000	0
254	0	1000	1000	1
254	0	1000	1000	2
254	0	1000	1000	3
254	0	1000	1000	4
254	0	1000	990	5
254	0	1000	1000	6
254	0	1000	951	7
254	0	1000	1000	8
254	0	1000	1000	9
254	0	1000	996	10
254	0	1000	1000	11
254	0	1000	1000	12
254	0	1000	1000	13
254	0	1000	1000	14
254	0	1000	1000	15
254	0	1000	1000	16
254	0	1000	1000	17
254	0	1000	1000	18
254	0	1000	1000	19
254	0	1000	999	20
254	0	1000	990	21
254	0	1000	1000	22
254	0	1000	1000	23
254	0	1000	1000	24
254	0	1000	1000	25
254	0	1000	996	26
254	0	1000	1000	27
254	0	1000	1000	28
254	0	1000	1000	29
254	0	1000	1000	30
254	0	1000	1000	31
# Event data block #56
# Threshold	DAC	Events	Triggered	CH#
255	0	1000	1000	0
255	0	1000	1000	1
255	0	1000	1000	2
255	0	1000	1000	3
255	0	1000	1000	4
255	0	1000	998	5
255	0	1000	1000	6
255	0	1000	947	7
255	0	1000	1000	8
255	0	1000	1000	9
255	0	1000	1000	10
255	0	1000	1000	11
255	0	1000	1000	12
255	0	1000	1000	13
255	0	1000	1000	14
255	0	1000	1000	15
255	0	1000	1000	16
255	0	1000	1000	17
255	0	1000	1000	18
255	0	1000	1000	19
255	0	1000	999	20
255	0	1000	996	21
255	0	1000	1000	22
255	0	1000	1000	23
255	0	1000	1000	24
255	0	1000	1000	25
255	0	1000	999	26
255	0	1000	1000	27
255	0	1000	1000	28
255	0	1000	1000	29
255	0	1000	1000	30
255	0	1000	1000	31
