# ASIC configuration for the measurements:
# ------------------------------------------------------------------------------
# Mode = 000 
# Bias = 0101 
# CSArefs = 1011 
# Shaper = 000 
# Leakage mask = 00000000000000000000000000000000 
# Discr. enable mask = 11111111111111111111111111111111 
# Calibration mask = 00000000000000000000000000000000 
# Threshold = 255 
# FineTHR[0] = 000 
# FineTHR[1] = 000 
# FineTHR[2] = 000 
# FineTHR[3] = 000 
# FineTHR[4] = 000 
# FineTHR[5] = 000 
# FineTHR[6] = 000 
# FineTHR[7] = 000 
# FineTHR[8] = 000 
# FineTHR[9] = 000 
# FineTHR[10] = 000 
# FineTHR[11] = 000 
# FineTHR[12] = 000 
# FineTHR[13] = 000 
# FineTHR[14] = 000 
# FineTHR[15] = 000 
# FineTHR[16] = 000 
# FineTHR[17] = 000 
# FineTHR[18] = 000 
# FineTHR[19] = 000 
# FineTHR[20] = 000 
# FineTHR[21] = 000 
# FineTHR[22] = 000 
# FineTHR[23] = 000 
# FineTHR[24] = 000 
# FineTHR[25] = 000 
# FineTHR[26] = 000 
# FineTHR[27] = 000 
# FineTHR[28] = 000 
# FineTHR[29] = 000 
# FineTHR[30] = 000 
# FineTHR[31] = 000 
# ------------------------------------------------------------------------------
# Event data block #1
# Threshold	DAC	Events	Triggered	CH#
200	0	1000	0	0
200	0	1000	0	1
200	0	1000	0	2
200	0	1000	3	3
200	0	1000	25	4
200	0	1000	10	5
200	0	1000	42	6
200	0	1000	23	7
200	0	1000	41	8
200	0	1000	16	9
200	0	1000	13	10
200	0	1000	7	11
200	0	1000	7	12
200	0	1000	3	13
200	0	1000	0	14
200	0	1000	0	15
200	0	1000	0	16
200	0	1000	1	17
200	0	1000	0	18
200	0	1000	23	19
200	0	1000	51	20
200	0	1000	21	21
200	0	1000	48	22
200	0	1000	24	23
200	0	1000	46	24
200	0	1000	20	25
200	0	1000	23	26
200	0	1000	5	27
200	0	1000	0	28
200	0	1000	1	29
200	0	1000	1	30
200	0	1000	8	31
# Event data block #2
# Threshold	DAC	Events	Triggered	CH#
201	0	1000	0	0
201	0	1000	0	1
201	0	1000	0	2
201	0	1000	0	3
201	0	1000	16	4
201	0	1000	4	5
201	0	1000	39	6
201	0	1000	17	7
201	0	1000	37	8
201	0	1000	10	9
201	0	1000	8	10
201	0	1000	3	11
201	0	1000	4	12
201	0	1000	0	13
201	0	1000	0	14
201	0	1000	0	15
201	0	1000	0	16
201	0	1000	0	17
201	0	1000	0	18
201	0	1000	16	19
201	0	1000	45	20
201	0	1000	14	21
201	0	1000	43	22
201	0	1000	18	23
201	0	1000	43	24
201	0	1000	13	25
201	0	1000	15	26
201	0	1000	1	27
201	0	1000	0	28
201	0	1000	0	29
201	0	1000	0	30
201	0	1000	4	31
# Event data block #3
# Threshold	DAC	Events	Triggered	CH#
202	0	1000	0	0
202	0	1000	0	1
202	0	1000	0	2
202	0	1000	0	3
202	0	1000	23	4
202	0	1000	2	5
202	0	1000	46	6
202	0	1000	19	7
202	0	1000	41	8
202	0	1000	11	9
202	0	1000	4	10
202	0	1000	2	11
202	0	1000	2	12
202	0	1000	1	13
202	0	1000	0	14
202	0	1000	0	15
202	0	1000	0	16
202	0	1000	0	17
202	0	1000	0	18
202	0	1000	23	19
202	0	1000	52	20
202	0	1000	17	21
202	0	1000	46	22
202	0	1000	22	23
202	0	1000	46	24
202	0	1000	16	25
202	0	1000	21	26
202	0	1000	1	27
202	0	1000	0	28
202	0	1000	0	29
202	0	1000	0	30
202	0	1000	3	31
# Event data block #4
# Threshold	DAC	Events	Triggered	CH#
203	0	1000	0	0
203	0	1000	0	1
203	0	1000	0	2
203	0	1000	0	3
203	0	1000	43	4
203	0	1000	6	5
203	0	1000	57	6
203	0	1000	24	7
203	0	1000	54	8
203	0	1000	17	9
203	0	1000	10	10
203	0	1000	5	11
203	0	1000	6	12
203	0	1000	0	13
203	0	1000	0	14
203	0	1000	0	15
203	0	1000	0	16
203	0	1000	0	17
203	0	1000	0	18
203	0	1000	41	19
203	0	1000	62	20
203	0	1000	32	21
203	0	1000	57	22
203	0	1000	33	23
203	0	1000	52	24
203	0	1000	24	25
203	0	1000	34	26
203	0	1000	1	27
203	0	1000	0	28
203	0	1000	0	29
203	0	1000	0	30
203	0	1000	11	31
# Event data block #5
# Threshold	DAC	Events	Triggered	CH#
204	0	1000	0	0
204	0	1000	0	1
204	0	1000	0	2
204	0	1000	5	3
204	0	1000	45	4
204	0	1000	10	5
204	0	1000	56	6
204	0	1000	30	7
204	0	1000	51	8
204	0	1000	18	9
204	0	1000	14	10
204	0	1000	10	11
204	0	1000	10	12
204	0	1000	6	13
204	0	1000	0	14
204	0	1000	0	15
204	0	1000	0	16
204	0	1000	2	17
204	0	1000	0	18
204	0	1000	46	19
204	0	1000	67	20
204	0	1000	35	21
204	0	1000	61	22
204	0	1000	28	23
204	0	1000	53	24
204	0	1000	28	25
204	0	1000	37	26
204	0	1000	9	27
204	0	1000	0	28
204	0	1000	2	29
204	0	1000	4	30
204	0	1000	19	31
# Event data block #6
# Threshold	DAC	Events	Triggered	CH#
205	0	1000	0	0
205	0	1000	0	1
205	0	1000	0	2
205	0	1000	3	3
205	0	1000	60	4
205	0	1000	9	5
205	0	1000	80	6
205	0	1000	33	7
205	0	1000	71	8
205	0	1000	25	9
205	0	1000	17	10
205	0	1000	8	11
205	0	1000	8	12
205	0	1000	3	13
205	0	1000	0	14
205	0	1000	0	15
205	0	1000	0	16
205	0	1000	1	17
205	0	1000	0	18
205	0	1000	59	19
205	0	1000	90	20
205	0	1000	43	21
205	0	1000	80	22
205	0	1000	37	23
205	0	1000	76	24
205	0	1000	33	25
205	0	1000	46	26
205	0	1000	5	27
205	0	1000	0	28
205	0	1000	1	29
205	0	1000	4	30
205	0	1000	37	31
# Event data block #7
# Threshold	DAC	Events	Triggered	CH#
206	0	1000	0	0
206	0	1000	0	1
206	0	1000	0	2
206	0	1000	8	3
206	0	1000	60	4
206	0	1000	13	5
206	0	1000	69	6
206	0	1000	30	7
206	0	1000	61	8
206	0	1000	27	9
206	0	1000	22	10
206	0	1000	13	11
206	0	1000	15	12
206	0	1000	8	13
206	0	1000	0	14
206	0	1000	0	15
206	0	1000	0	16
206	0	1000	5	17
206	0	1000	0	18
206	0	1000	56	19
206	0	1000	91	20
206	0	1000	38	21
206	0	1000	71	22
206	0	1000	30	23
206	0	1000	62	24
206	0	1000	29	25
206	0	1000	42	26
206	0	1000	9	27
206	0	1000	0	28
206	0	1000	6	29
206	0	1000	8	30
206	0	1000	49	31
# Event data block #8
# Threshold	DAC	Events	Triggered	CH#
207	0	1000	0	0
207	0	1000	0	1
207	0	1000	0	2
207	0	1000	7	3
207	0	1000	45	4
207	0	1000	10	5
207	0	1000	59	6
207	0	1000	28	7
207	0	1000	51	8
207	0	1000	24	9
207	0	1000	20	10
207	0	1000	10	11
207	0	1000	12	12
207	0	1000	6	13
207	0	1000	0	14
207	0	1000	0	15
207	0	1000	0	16
207	0	1000	5	17
207	0	1000	0	18
207	0	1000	46	19
207	0	1000	88	20
207	0	1000	33	21
207	0	1000	60	22
207	0	1000	25	23
207	0	1000	48	24
207	0	1000	26	25
207	0	1000	39	26
207	0	1000	7	27
207	0	1000	0	28
207	0	1000	6	29
207	0	1000	7	30
207	0	1000	60	31
# Event data block #9
# Threshold	DAC	Events	Triggered	CH#
208	0	1000	0	0
208	0	1000	0	1
208	0	1000	0	2
208	0	1000	9	3
208	0	1000	81	4
208	0	1000	16	5
208	0	1000	88	6
208	0	1000	45	7
208	0	1000	78	8
208	0	1000	42	9
208	0	1000	27	10
208	0	1000	16	11
208	0	1000	22	12
208	0	1000	9	13
208	0	1000	0	14
208	0	1000	0	15
208	0	1000	0	16
208	0	1000	6	17
208	0	1000	0	18
208	0	1000	79	19
208	0	1000	133	20
208	0	1000	59	21
208	0	1000	88	22
208	0	1000	48	23
208	0	1000	74	24
208	0	1000	45	25
208	0	1000	64	26
208	0	1000	10	27
208	0	1000	0	28
208	0	1000	7	29
208	0	1000	15	30
208	0	1000	123	31
# Event data block #10
# Threshold	DAC	Events	Triggered	CH#
209	0	1000	0	0
209	0	1000	0	1
209	0	1000	0	2
209	0	1000	7	3
209	0	1000	77	4
209	0	1000	17	5
209	0	1000	82	6
209	0	1000	40	7
209	0	1000	69	8
209	0	1000	33	9
209	0	1000	29	10
209	0	1000	19	11
209	0	1000	23	12
209	0	1000	7	13
209	0	1000	0	14
209	0	1000	0	15
209	0	1000	5	16
209	0	1000	7	17
209	0	1000	0	18
209	0	1000	79	19
209	0	1000	142	20
209	0	1000	51	21
209	0	1000	79	22
209	0	1000	39	23
209	0	1000	65	24
209	0	1000	39	25
209	0	1000	54	26
209	0	1000	6	27
209	0	1000	2	28
209	0	1000	7	29
209	0	1000	19	30
209	0	1000	374	31
# Event data block #11
# Threshold	DAC	Events	Triggered	CH#
210	0	1000	0	0
210	0	1000	0	1
210	0	1000	0	2
210	0	1000	7	3
210	0	1000	87	4
210	0	1000	16	5
210	0	1000	86	6
210	0	1000	45	7
210	0	1000	73	8
210	0	1000	41	9
210	0	1000	35	10
210	0	1000	17	11
210	0	1000	20	12
210	0	1000	11	13
210	0	1000	0	14
210	0	1000	0	15
210	0	1000	3	16
210	0	1000	6	17
210	0	1000	0	18
210	0	1000	87	19
210	0	1000	229	20
210	0	1000	52	21
210	0	1000	85	22
210	0	1000	43	23
210	0	1000	76	24
210	0	1000	45	25
210	0	1000	57	26
210	0	1000	7	27
210	0	1000	1	28
210	0	1000	6	29
210	0	1000	25	30
210	0	1000	831	31
# Event data block #12
# Threshold	DAC	Events	Triggered	CH#
211	0	1000	0	0
211	0	1000	0	1
211	0	1000	0	2
211	0	1000	7	3
211	0	1000	92	4
211	0	1000	10	5
211	0	1000	80	6
211	0	1000	26	7
211	0	1000	59	8
211	0	1000	29	9
211	0	1000	23	10
211	0	1000	13	11
211	0	1000	16	12
211	0	1000	9	13
211	0	1000	0	14
211	0	1000	0	15
211	0	1000	3	16
211	0	1000	6	17
211	0	1000	0	18
211	0	1000	86	19
211	0	1000	384	20
211	0	1000	44	21
211	0	1000	73	22
211	0	1000	31	23
211	0	1000	58	24
211	0	1000	29	25
211	0	1000	53	26
211	0	1000	7	27
211	0	1000	0	28
211	0	1000	7	29
211	0	1000	22	30
211	0	1000	949	31
# Event data block #13
# Threshold	DAC	Events	Triggered	CH#
212	0	1000	3	0
212	0	1000	0	1
212	0	1000	3	2
212	0	1000	13	3
212	0	1000	151	4
212	0	1000	21	5
212	0	1000	112	6
212	0	1000	37	7
212	0	1000	77	8
212	0	1000	35	9
212	0	1000	33	10
212	0	1000	24	11
212	0	1000	26	12
212	0	1000	17	13
212	0	1000	2	14
212	0	1000	4	15
212	0	1000	6	16
212	0	1000	10	17
212	0	1000	4	18
212	0	1000	151	19
212	0	1000	594	20
212	0	1000	55	21
212	0	1000	103	22
212	0	1000	31	23
212	0	1000	78	24
212	0	1000	35	25
212	0	1000	62	26
212	0	1000	9	27
212	0	1000	4	28
212	0	1000	13	29
212	0	1000	46	30
212	0	1000	955	31
# Event data block #14
# Threshold	DAC	Events	Triggered	CH#
213	0	1000	4	0
213	0	1000	1	1
213	0	1000	1	2
213	0	1000	21	3
213	0	1000	355	4
213	0	1000	25	5
213	0	1000	177	6
213	0	1000	55	7
213	0	1000	107	8
213	0	1000	54	9
213	0	1000	49	10
213	0	1000	30	11
213	0	1000	40	12
213	0	1000	25	13
213	0	1000	1	14
213	0	1000	2	15
213	0	1000	5	16
213	0	1000	18	17
213	0	1000	1	18
213	0	1000	335	19
213	0	1000	764	20
213	0	1000	80	21
213	0	1000	145	22
213	0	1000	54	23
213	0	1000	97	24
213	0	1000	57	25
213	0	1000	92	26
213	0	1000	17	27
213	0	1000	1	28
213	0	1000	22	29
213	0	1000	94	30
213	0	1000	952	31
# Event data block #15
# Threshold	DAC	Events	Triggered	CH#
214	0	1000	11	0
214	0	1000	1	1
214	0	1000	7	2
214	0	1000	32	3
214	0	1000	636	4
214	0	1000	33	5
214	0	1000	286	6
214	0	1000	66	7
214	0	1000	120	8
214	0	1000	65	9
214	0	1000	66	10
214	0	1000	46	11
214	0	1000	62	12
214	0	1000	35	13
214	0	1000	5	14
214	0	1000	8	15
214	0	1000	14	16
214	0	1000	31	17
214	0	1000	6	18
214	0	1000	599	19
214	0	1000	826	20
214	0	1000	100	21
214	0	1000	188	22
214	0	1000	61	23
214	0	1000	117	24
214	0	1000	63	25
214	0	1000	108	26
214	0	1000	24	27
214	0	1000	8	28
214	0	1000	41	29
214	0	1000	268	30
214	0	1000	971	31
# Event data block #16
# Threshold	DAC	Events	Triggered	CH#
215	0	1000	12	0
215	0	1000	1	1
215	0	1000	5	2
215	0	1000	38	3
215	0	1000	816	4
215	0	1000	36	5
215	0	1000	440	6
215	0	1000	57	7
215	0	1000	136	8
215	0	1000	58	9
215	0	1000	57	10
215	0	1000	47	11
215	0	1000	56	12
215	0	1000	42	13
215	0	1000	2	14
215	0	1000	6	15
215	0	1000	15	16
215	0	1000	35	17
215	0	1000	2	18
215	0	1000	787	19
215	0	1000	895	20
215	0	1000	107	21
215	0	1000	283	22
215	0	1000	49	23
215	0	1000	126	24
215	0	1000	56	25
215	0	1000	123	26
215	0	1000	18	27
215	0	1000	3	28
215	0	1000	46	29
215	0	1000	743	30
215	0	1000	985	31
# Event data block #17
# Threshold	DAC	Events	Triggered	CH#
216	0	1000	16	0
216	0	1000	1	1
216	0	1000	3	2
216	0	1000	37	3
216	0	1000	889	4
216	0	1000	32	5
216	0	1000	591	6
216	0	1000	53	7
216	0	1000	134	8
216	0	1000	52	9
216	0	1000	54	10
216	0	1000	44	11
216	0	1000	54	12
216	0	1000	46	13
216	0	1000	1	14
216	0	1000	5	15
216	0	1000	21	16
216	0	1000	39	17
216	0	1000	1	18
216	0	1000	883	19
216	0	1000	916	20
216	0	1000	98	21
216	0	1000	360	22
216	0	1000	47	23
216	0	1000	129	24
216	0	1000	50	25
216	0	1000	138	26
216	0	1000	18	27
216	0	1000	1	28
216	0	1000	52	29
216	0	1000	929	30
216	0	1000	989	31
# Event data block #18
# Threshold	DAC	Events	Triggered	CH#
217	0	1000	49	0
217	0	1000	9	1
217	0	1000	13	2
217	0	1000	59	3
217	0	1000	900	4
217	0	1000	46	5
217	0	1000	766	6
217	0	1000	63	7
217	0	1000	211	8
217	0	1000	62	9
217	0	1000	72	10
217	0	1000	61	11
217	0	1000	76	12
217	0	1000	65	13
217	0	1000	9	14
217	0	1000	16	15
217	0	1000	41	16
217	0	1000	67	17
217	0	1000	4	18
217	0	1000	897	19
217	0	1000	912	20
217	0	1000	147	21
217	0	1000	512	22
217	0	1000	56	23
217	0	1000	177	24
217	0	1000	59	25
217	0	1000	234	26
217	0	1000	31	27
217	0	1000	5	28
217	0	1000	79	29
217	0	1000	941	30
217	0	1000	991	31
# Event data block #19
# Threshold	DAC	Events	Triggered	CH#
218	0	1000	96	0
218	0	1000	10	1
218	0	1000	17	2
218	0	1000	93	3
218	0	1000	914	4
218	0	1000	65	5
218	0	1000	834	6
218	0	1000	93	7
218	0	1000	375	8
218	0	1000	98	9
218	0	1000	109	10
218	0	1000	88	11
218	0	1000	115	12
218	0	1000	101	13
218	0	1000	9	14
218	0	1000	29	15
218	0	1000	79	16
218	0	1000	101	17
218	0	1000	7	18
218	0	1000	915	19
218	0	1000	924	20
218	0	1000	277	21
218	0	1000	638	22
218	0	1000	82	23
218	0	1000	271	24
218	0	1000	95	25
218	0	1000	443	26
218	0	1000	42	27
218	0	1000	8	28
218	0	1000	163	29
218	0	1000	955	30
218	0	1000	996	31
# Event data block #20
# Threshold	DAC	Events	Triggered	CH#
219	0	1000	268	0
219	0	1000	17	1
219	0	1000	21	2
219	0	1000	90	3
219	0	1000	928	4
219	0	1000	54	5
219	0	1000	872	6
219	0	1000	80	7
219	0	1000	539	8
219	0	1000	86	9
219	0	1000	109	10
219	0	1000	74	11
219	0	1000	126	12
219	0	1000	105	13
219	0	1000	11	14
219	0	1000	32	15
219	0	1000	98	16
219	0	1000	168	17
219	0	1000	6	18
219	0	1000	928	19
219	0	1000	930	20
219	0	1000	454	21
219	0	1000	746	22
219	0	1000	63	23
219	0	1000	352	24
219	0	1000	74	25
219	0	1000	628	26
219	0	1000	43	27
219	0	1000	8	28
219	0	1000	469	29
219	0	1000	966	30
219	0	1000	998	31
# Event data block #21
# Threshold	DAC	Events	Triggered	CH#
220	0	1000	837	0
220	0	1000	18	1
220	0	1000	21	2
220	0	1000	129	3
220	0	1000	951	4
220	0	1000	41	5
220	0	1000	909	6
220	0	1000	55	7
220	0	1000	695	8
220	0	1000	68	9
220	0	1000	97	10
220	0	1000	62	11
220	0	1000	181	12
220	0	1000	137	13
220	0	1000	12	14
220	0	1000	34	15
220	0	1000	265	16
220	0	1000	472	17
220	0	1000	6	18
220	0	1000	948	19
220	0	1000	952	20
220	0	1000	642	21
220	0	1000	827	22
220	0	1000	46	23
220	0	1000	457	24
220	0	1000	67	25
220	0	1000	784	26
220	0	1000	36	27
220	0	1000	6	28
220	0	1000	842	29
220	0	1000	989	30
220	0	1000	997	31
# Event data block #22
# Threshold	DAC	Events	Triggered	CH#
221	0	1000	932	0
221	0	1000	44	1
221	0	1000	46	2
221	0	1000	404	3
221	0	1000	950	4
221	0	1000	71	5
221	0	1000	902	6
221	0	1000	91	7
221	0	1000	801	8
221	0	1000	116	9
221	0	1000	173	10
221	0	1000	111	11
221	0	1000	459	12
221	0	1000	451	13
221	0	1000	25	14
221	0	1000	60	15
221	0	1000	789	16
221	0	1000	834	17
221	0	1000	10	18
221	0	1000	949	19
221	0	1000	953	20
221	0	1000	782	21
221	0	1000	858	22
221	0	1000	78	23
221	0	1000	589	24
221	0	1000	100	25
221	0	1000	844	26
221	0	1000	54	27
221	0	1000	15	28
221	0	1000	914	29
221	0	1000	990	30
221	0	1000	1000	31
# Event data block #23
# Threshold	DAC	Events	Triggered	CH#
222	0	1000	964	0
222	0	1000	79	1
222	0	1000	78	2
222	0	1000	737	3
222	0	1000	957	4
222	0	1000	104	5
222	0	1000	910	6
222	0	1000	119	7
222	0	1000	820	8
222	0	1000	157	9
222	0	1000	325	10
222	0	1000	187	11
222	0	1000	716	12
222	0	1000	752	13
222	0	1000	38	14
222	0	1000	99	15
222	0	1000	900	16
222	0	1000	909	17
222	0	1000	23	18
222	0	1000	960	19
222	0	1000	959	20
222	0	1000	834	21
222	0	1000	876	22
222	0	1000	101	23
222	0	1000	649	24
222	0	1000	139	25
222	0	1000	874	26
222	0	1000	71	27
222	0	1000	25	28
222	0	1000	932	29
222	0	1000	995	30
222	0	1000	1000	31
# Event data block #24
# Threshold	DAC	Events	Triggered	CH#
223	0	1000	970	0
223	0	1000	124	1
223	0	1000	99	2
223	0	1000	879	3
223	0	1000	958	4
223	0	1000	94	5
223	0	1000	920	6
223	0	1000	122	7
223	0	1000	869	8
223	0	1000	221	9
223	0	1000	564	10
223	0	1000	355	11
223	0	1000	854	12
223	0	1000	880	13
223	0	1000	45	14
223	0	1000	170	15
223	0	1000	935	16
223	0	1000	926	17
223	0	1000	17	18
223	0	1000	957	19
223	0	1000	956	20
223	0	1000	879	21
223	0	1000	887	22
223	0	1000	88	23
223	0	1000	747	24
223	0	1000	151	25
223	0	1000	896	26
223	0	1000	72	27
223	0	1000	20	28
223	0	1000	944	29
223	0	1000	992	30
223	0	1000	999	31
# Event data block #25
# Threshold	DAC	Events	Triggered	CH#
224	0	1000	979	0
224	0	1000	596	1
224	0	1000	310	2
224	0	1000	902	3
224	0	1000	956	4
224	0	1000	144	5
224	0	1000	920	6
224	0	1000	179	7
224	0	1000	872	8
224	0	1000	383	9
224	0	1000	731	10
224	0	1000	621	11
224	0	1000	875	12
224	0	1000	900	13
224	0	1000	72	14
224	0	1000	573	15
224	0	1000	950	16
224	0	1000	939	17
224	0	1000	25	18
224	0	1000	958	19
224	0	1000	959	20
224	0	1000	886	21
224	0	1000	892	22
224	0	1000	124	23
224	0	1000	795	24
224	0	1000	219	25
224	0	1000	904	26
224	0	1000	107	27
224	0	1000	32	28
224	0	1000	958	29
224	0	1000	997	30
224	0	1000	1000	31
# Event data block #26
# Threshold	DAC	Events	Triggered	CH#
225	0	1000	990	0
225	0	1000	880	1
225	0	1000	782	2
225	0	1000	933	3
225	0	1000	967	4
225	0	1000	219	5
225	0	1000	938	6
225	0	1000	261	7
225	0	1000	884	8
225	0	1000	564	9
225	0	1000	837	10
225	0	1000	817	11
225	0	1000	908	12
225	0	1000	930	13
225	0	1000	101	14
225	0	1000	867	15
225	0	1000	969	16
225	0	1000	957	17
225	0	1000	45	18
225	0	1000	970	19
225	0	1000	966	20
225	0	1000	907	21
225	0	1000	905	22
225	0	1000	151	23
225	0	1000	833	24
225	0	1000	322	25
225	0	1000	924	26
225	0	1000	132	27
225	0	1000	55	28
225	0	1000	973	29
225	0	1000	997	30
225	0	1000	1000	31
# Event data block #27
# Threshold	DAC	Events	Triggered	CH#
226	0	1000	991	0
226	0	1000	919	1
226	0	1000	902	2
226	0	1000	935	3
226	0	1000	963	4
226	0	1000	375	5
226	0	1000	932	6
226	0	1000	341	7
226	0	1000	896	8
226	0	1000	692	9
226	0	1000	868	10
226	0	1000	861	11
226	0	1000	914	12
226	0	1000	933	13
226	0	1000	153	14
226	0	1000	915	15
226	0	1000	971	16
226	0	1000	961	17
226	0	1000	43	18
226	0	1000	962	19
226	0	1000	961	20
226	0	1000	912	21
226	0	1000	910	22
226	0	1000	169	23
226	0	1000	845	24
226	0	1000	428	25
226	0	1000	920	26
226	0	1000	179	27
226	0	1000	48	28
226	0	1000	976	29
226	0	1000	1000	30
226	0	1000	1000	31
# Event data block #28
# Threshold	DAC	Events	Triggered	CH#
227	0	1000	993	0
227	0	1000	968	1
227	0	1000	955	2
227	0	1000	967	3
227	0	1000	979	4
227	0	1000	630	5
227	0	1000	960	6
227	0	1000	519	7
227	0	1000	941	8
227	0	1000	829	9
227	0	1000	928	10
227	0	1000	932	11
227	0	1000	957	12
227	0	1000	964	13
227	0	1000	472	14
227	0	1000	961	15
227	0	1000	984	16
227	0	1000	982	17
227	0	1000	40	18
227	0	1000	980	19
227	0	1000	976	20
227	0	1000	950	21
227	0	1000	949	22
227	0	1000	186	23
227	0	1000	902	24
227	0	1000	595	25
227	0	1000	959	26
227	0	1000	345	27
227	0	1000	41	28
227	0	1000	984	29
227	0	1000	998	30
227	0	1000	1000	31
# Event data block #29
# Threshold	DAC	Events	Triggered	CH#
228	0	1000	998	0
228	0	1000	982	1
228	0	1000	973	2
228	0	1000	975	3
228	0	1000	991	4
228	0	1000	845	5
228	0	1000	971	6
228	0	1000	699	7
228	0	1000	959	8
228	0	1000	922	9
228	0	1000	958	10
228	0	1000	959	11
228	0	1000	971	12
228	0	1000	979	13
228	0	1000	885	14
228	0	1000	973	15
228	0	1000	993	16
228	0	1000	991	17
228	0	1000	28	18
228	0	1000	992	19
228	0	1000	990	20
228	0	1000	967	21
228	0	1000	963	22
228	0	1000	253	23
228	0	1000	944	24
228	0	1000	763	25
228	0	1000	971	26
228	0	1000	601	27
228	0	1000	33	28
228	0	1000	994	29
228	0	1000	1000	30
228	0	1000	1000	31
# Event data block #30
# Threshold	DAC	Events	Triggered	CH#
229	0	1000	996	0
229	0	1000	978	1
229	0	1000	963	2
229	0	1000	970	3
229	0	1000	978	4
229	0	1000	903	5
229	0	1000	958	6
229	0	1000	805	7
229	0	1000	947	8
229	0	1000	919	9
229	0	1000	949	10
229	0	1000	951	11
229	0	1000	959	12
229	0	1000	966	13
229	0	1000	941	14
229	0	1000	970	15
229	0	1000	988	16
229	0	1000	982	17
229	0	1000	58	18
229	0	1000	978	19
229	0	1000	978	20
229	0	1000	955	21
229	0	1000	949	22
229	0	1000	360	23
229	0	1000	930	24
229	0	1000	822	25
229	0	1000	957	26
229	0	1000	829	27
229	0	1000	62	28
229	0	1000	988	29
229	0	1000	998	30
229	0	1000	1000	31
# Event data block #31
# Threshold	DAC	Events	Triggered	CH#
230	0	1000	997	0
230	0	1000	985	1
230	0	1000	975	2
230	0	1000	979	3
230	0	1000	985	4
230	0	1000	893	5
230	0	1000	954	6
230	0	1000	837	7
230	0	1000	931	8
230	0	1000	894	9
230	0	1000	931	10
230	0	1000	937	11
230	0	1000	959	12
230	0	1000	973	13
230	0	1000	933	14
230	0	1000	979	15
230	0	1000	992	16
230	0	1000	987	17
230	0	1000	121	18
230	0	1000	985	19
230	0	1000	982	20
230	0	1000	949	21
230	0	1000	938	22
230	0	1000	468	23
230	0	1000	906	24
230	0	1000	837	25
230	0	1000	954	26
230	0	1000	877	27
230	0	1000	140	28
230	0	1000	992	29
230	0	1000	999	30
230	0	1000	1000	31
# Event data block #32
# Threshold	DAC	Events	Triggered	CH#
231	0	1000	998	0
231	0	1000	986	1
231	0	1000	972	2
231	0	1000	972	3
231	0	1000	981	4
231	0	1000	890	5
231	0	1000	949	6
231	0	1000	843	7
231	0	1000	920	8
231	0	1000	878	9
231	0	1000	920	10
231	0	1000	931	11
231	0	1000	953	12
231	0	1000	968	13
231	0	1000	932	14
231	0	1000	975	15
231	0	1000	993	16
231	0	1000	986	17
231	0	1000	286	18
231	0	1000	982	19
231	0	1000	974	20
231	0	1000	941	21
231	0	1000	930	22
231	0	1000	556	23
231	0	1000	886	24
231	0	1000	843	25
231	0	1000	949	26
231	0	1000	882	27
231	0	1000	309	28
231	0	1000	991	29
231	0	1000	1000	30
231	0	1000	1000	31
# Event data block #33
# Threshold	DAC	Events	Triggered	CH#
232	0	1000	1000	0
232	0	1000	991	1
232	0	1000	980	2
232	0	1000	980	3
232	0	1000	986	4
232	0	1000	910	5
232	0	1000	956	6
232	0	1000	861	7
232	0	1000	929	8
232	0	1000	889	9
232	0	1000	932	10
232	0	1000	940	11
232	0	1000	967	12
232	0	1000	977	13
232	0	1000	953	14
232	0	1000	984	15
232	0	1000	996	16
232	0	1000	990	17
232	0	1000	666	18
232	0	1000	986	19
232	0	1000	981	20
232	0	1000	948	21
232	0	1000	934	22
232	0	1000	647	23
232	0	1000	900	24
232	0	1000	854	25
232	0	1000	959	26
232	0	1000	904	27
232	0	1000	690	28
232	0	1000	996	29
232	0	1000	1000	30
232	0	1000	1000	31
# Event data block #34
# Threshold	DAC	Events	Triggered	CH#
233	0	1000	1000	0
233	0	1000	995	1
233	0	1000	988	2
233	0	1000	984	3
233	0	1000	988	4
233	0	1000	907	5
233	0	1000	946	6
233	0	1000	867	7
233	0	1000	923	8
233	0	1000	893	9
233	0	1000	928	10
233	0	1000	936	11
233	0	1000	964	12
233	0	1000	976	13
233	0	1000	953	14
233	0	1000	990	15
233	0	1000	997	16
233	0	1000	993	17
233	0	1000	833	18
233	0	1000	988	19
233	0	1000	979	20
233	0	1000	943	21
233	0	1000	929	22
233	0	1000	709	23
233	0	1000	904	24
233	0	1000	866	25
233	0	1000	950	26
233	0	1000	906	27
233	0	1000	829	28
233	0	1000	996	29
233	0	1000	1000	30
233	0	1000	1000	31
# Event data block #35
# Threshold	DAC	Events	Triggered	CH#
234	0	1000	1000	0
234	0	1000	992	1
234	0	1000	987	2
234	0	1000	983	3
234	0	1000	986	4
234	0	1000	915	5
234	0	1000	945	6
234	0	1000	874	7
234	0	1000	925	8
234	0	1000	897	9
234	0	1000	929	10
234	0	1000	935	11
234	0	1000	960	12
234	0	1000	981	13
234	0	1000	963	14
234	0	1000	988	15
234	0	1000	998	16
234	0	1000	994	17
234	0	1000	884	18
234	0	1000	986	19
234	0	1000	977	20
234	0	1000	942	21
234	0	1000	928	22
234	0	1000	772	23
234	0	1000	902	24
234	0	1000	874	25
234	0	1000	949	26
234	0	1000	915	27
234	0	1000	883	28
234	0	1000	996	29
234	0	1000	1000	30
234	0	1000	1000	31
# Event data block #36
# Threshold	DAC	Events	Triggered	CH#
235	0	1000	1000	0
235	0	1000	999	1
235	0	1000	994	2
235	0	1000	990	3
235	0	1000	992	4
235	0	1000	926	5
235	0	1000	963	6
235	0	1000	884	7
235	0	1000	934	8
235	0	1000	906	9
235	0	1000	949	10
235	0	1000	961	11
235	0	1000	973	12
235	0	1000	988	13
235	0	1000	974	14
235	0	1000	994	15
235	0	1000	1000	16
235	0	1000	999	17
235	0	1000	907	18
235	0	1000	992	19
235	0	1000	984	20
235	0	1000	962	21
235	0	1000	945	22
235	0	1000	781	23
235	0	1000	908	24
235	0	1000	880	25
235	0	1000	968	26
235	0	1000	926	27
235	0	1000	908	28
235	0	1000	1000	29
235	0	1000	1000	30
235	0	1000	1000	31
# Event data block #37
# Threshold	DAC	Events	Triggered	CH#
236	0	1000	1000	0
236	0	1000	999	1
236	0	1000	996	2
236	0	1000	991	3
236	0	1000	991	4
236	0	1000	929	5
236	0	1000	959	6
236	0	1000	882	7
236	0	1000	937	8
236	0	1000	907	9
236	0	1000	947	10
236	0	1000	957	11
236	0	1000	975	12
236	0	1000	989	13
236	0	1000	984	14
236	0	1000	996	15
236	0	1000	1000	16
236	0	1000	999	17
236	0	1000	912	18
236	0	1000	993	19
236	0	1000	988	20
236	0	1000	957	21
236	0	1000	940	22
236	0	1000	811	23
236	0	1000	906	24
236	0	1000	882	25
236	0	1000	962	26
236	0	1000	927	27
236	0	1000	912	28
236	0	1000	999	29
236	0	1000	1000	30
236	0	1000	1000	31
# Event data block #38
# Threshold	DAC	Events	Triggered	CH#
237	0	1000	1000	0
237	0	1000	999	1
237	0	1000	996	2
237	0	1000	993	3
237	0	1000	992	4
237	0	1000	949	5
237	0	1000	967	6
237	0	1000	909	7
237	0	1000	953	8
237	0	1000	926	9
237	0	1000	961	10
237	0	1000	968	11
237	0	1000	978	12
237	0	1000	991	13
237	0	1000	983	14
237	0	1000	997	15
237	0	1000	999	16
237	0	1000	999	17
237	0	1000	941	18
237	0	1000	992	19
237	0	1000	986	20
237	0	1000	965	21
237	0	1000	960	22
237	0	1000	847	23
237	0	1000	926	24
237	0	1000	903	25
237	0	1000	970	26
237	0	1000	954	27
237	0	1000	939	28
237	0	1000	999	29
237	0	1000	1000	30
237	0	1000	1000	31
# Event data block #39
# Threshold	DAC	Events	Triggered	CH#
238	0	1000	1000	0
238	0	1000	1000	1
238	0	1000	998	2
238	0	1000	995	3
238	0	1000	993	4
238	0	1000	946	5
238	0	1000	966	6
238	0	1000	916	7
238	0	1000	947	8
238	0	1000	934	9
238	0	1000	956	10
238	0	1000	967	11
238	0	1000	982	12
238	0	1000	993	13
238	0	1000	988	14
238	0	1000	998	15
238	0	1000	1000	16
238	0	1000	999	17
238	0	1000	949	18
238	0	1000	993	19
238	0	1000	991	20
238	0	1000	968	21
238	0	1000	954	22
238	0	1000	856	23
238	0	1000	930	24
238	0	1000	908	25
238	0	1000	974	26
238	0	1000	950	27
238	0	1000	948	28
238	0	1000	1000	29
238	0	1000	1000	30
238	0	1000	1000	31
# Event data block #40
# Threshold	DAC	Events	Triggered	CH#
239	0	1000	1000	0
239	0	1000	999	1
239	0	1000	996	2
239	0	1000	990	3
239	0	1000	988	4
239	0	1000	946	5
239	0	1000	968	6
239	0	1000	914	7
239	0	1000	947	8
239	0	1000	930	9
239	0	1000	960	10
239	0	1000	966	11
239	0	1000	979	12
239	0	1000	988	13
239	0	1000	985	14
239	0	1000	996	15
239	0	1000	999	16
239	0	1000	998	17
239	0	1000	954	18
239	0	1000	990	19
239	0	1000	985	20
239	0	1000	968	21
239	0	1000	955	22
239	0	1000	863	23
239	0	1000	928	24
239	0	1000	908	25
239	0	1000	971	26
239	0	1000	951	27
239	0	1000	948	28
239	0	1000	999	29
239	0	1000	1000	30
239	0	1000	1000	31
# Event data block #41
# Threshold	DAC	Events	Triggered	CH#
240	0	1000	1000	0
240	0	1000	1000	1
240	0	1000	999	2
240	0	1000	998	3
240	0	1000	994	4
240	0	1000	967	5
240	0	1000	982	6
240	0	1000	927	7
240	0	1000	967	8
240	0	1000	948	9
240	0	1000	978	10
240	0	1000	984	11
240	0	1000	988	12
240	0	1000	997	13
240	0	1000	993	14
240	0	1000	999	15
240	0	1000	1000	16
240	0	1000	1000	17
240	0	1000	973	18
240	0	1000	996	19
240	0	1000	989	20
240	0	1000	983	21
240	0	1000	973	22
240	0	1000	881	23
240	0	1000	945	24
240	0	1000	920	25
240	0	1000	985	26
240	0	1000	973	27
240	0	1000	971	28
240	0	1000	1000	29
240	0	1000	1000	30
240	0	1000	1000	31
# Event data block #42
# Threshold	DAC	Events	Triggered	CH#
241	0	1000	1000	0
241	0	1000	1000	1
241	0	1000	1000	2
241	0	1000	996	3
241	0	1000	995	4
241	0	1000	970	5
241	0	1000	981	6
241	0	1000	932	7
241	0	1000	970	8
241	0	1000	952	9
241	0	1000	980	10
241	0	1000	984	11
241	0	1000	986	12
241	0	1000	995	13
241	0	1000	992	14
241	0	1000	1000	15
241	0	1000	1000	16
241	0	1000	1000	17
241	0	1000	976	18
241	0	1000	994	19
241	0	1000	989	20
241	0	1000	982	21
241	0	1000	972	22
241	0	1000	881	23
241	0	1000	944	24
241	0	1000	935	25
241	0	1000	983	26
241	0	1000	974	27
241	0	1000	975	28
241	0	1000	1000	29
241	0	1000	1000	30
241	0	1000	1000	31
# Event data block #43
# Threshold	DAC	Events	Triggered	CH#
242	0	1000	1000	0
242	0	1000	1000	1
242	0	1000	999	2
242	0	1000	998	3
242	0	1000	997	4
242	0	1000	971	5
242	0	1000	982	6
242	0	1000	940	7
242	0	1000	967	8
242	0	1000	957	9
242	0	1000	976	10
242	0	1000	988	11
242	0	1000	994	12
242	0	1000	998	13
242	0	1000	998	14
242	0	1000	999	15
242	0	1000	1000	16
242	0	1000	1000	17
242	0	1000	984	18
242	0	1000	998	19
242	0	1000	994	20
242	0	1000	981	21
242	0	1000	970	22
242	0	1000	892	23
242	0	1000	948	24
242	0	1000	937	25
242	0	1000	987	26
242	0	1000	974	27
242	0	1000	977	28
242	0	1000	1000	29
242	0	1000	1000	30
242	0	1000	1000	31
# Event data block #44
# Threshold	DAC	Events	Triggered	CH#
243	0	1000	1000	0
243	0	1000	1000	1
243	0	1000	999	2
243	0	1000	999	3
243	0	1000	999	4
243	0	1000	981	5
243	0	1000	988	6
243	0	1000	946	7
243	0	1000	978	8
243	0	1000	971	9
243	0	1000	987	10
243	0	1000	992	11
243	0	1000	996	12
243	0	1000	999	13
243	0	1000	999	14
243	0	1000	999	15
243	0	1000	1000	16
243	0	1000	1000	17
243	0	1000	991	18
243	0	1000	999	19
243	0	1000	998	20
243	0	1000	992	21
243	0	1000	980	22
243	0	1000	897	23
243	0	1000	965	24
243	0	1000	959	25
243	0	1000	992	26
243	0	1000	987	27
243	0	1000	988	28
243	0	1000	1000	29
243	0	1000	1000	30
243	0	1000	1000	31
# Event data block #45
# Threshold	DAC	Events	Triggered	CH#
244	0	1000	1000	0
244	0	1000	1000	1
244	0	1000	1000	2
244	0	1000	1000	3
244	0	1000	999	4
244	0	1000	977	5
244	0	1000	987	6
244	0	1000	941	7
244	0	1000	970	8
244	0	1000	966	9
244	0	1000	986	10
244	0	1000	988	11
244	0	1000	992	12
244	0	1000	1000	13
244	0	1000	999	14
244	0	1000	1000	15
244	0	1000	1000	16
244	0	1000	1000	17
244	0	1000	993	18
244	0	1000	999	19
244	0	1000	994	20
244	0	1000	986	21
244	0	1000	977	22
244	0	1000	908	23
244	0	1000	957	24
244	0	1000	948	25
244	0	1000	988	26
244	0	1000	984	27
244	0	1000	987	28
244	0	1000	1000	29
244	0	1000	1000	30
244	0	1000	1000	31
# Event data block #46
# Threshold	DAC	Events	Triggered	CH#
245	0	1000	1000	0
245	0	1000	1000	1
245	0	1000	1000	2
245	0	1000	999	3
245	0	1000	999	4
245	0	1000	969	5
245	0	1000	982	6
245	0	1000	936	7
245	0	1000	960	8
245	0	1000	963	9
245	0	1000	982	10
245	0	1000	987	11
245	0	1000	994	12
245	0	1000	999	13
245	0	1000	999	14
245	0	1000	1000	15
245	0	1000	1000	16
245	0	1000	1000	17
245	0	1000	1000	18
245	0	1000	999	19
245	0	1000	993	20
245	0	1000	982	21
245	0	1000	966	22
245	0	1000	885	23
245	0	1000	945	24
245	0	1000	937	25
245	0	1000	984	26
245	0	1000	978	27
245	0	1000	987	28
245	0	1000	1000	29
245	0	1000	1000	30
245	0	1000	1000	31
# Event data block #47
# Threshold	DAC	Events	Triggered	CH#
246	0	1000	1000	0
246	0	1000	1000	1
246	0	1000	1000	2
246	0	1000	1000	3
246	0	1000	999	4
246	0	1000	984	5
246	0	1000	988	6
246	0	1000	947	7
246	0	1000	979	8
246	0	1000	986	9
246	0	1000	987	10
246	0	1000	994	11
246	0	1000	999	12
246	0	1000	1000	13
246	0	1000	1000	14
246	0	1000	1000	15
246	0	1000	1000	16
246	0	1000	1000	17
246	0	1000	1000	18
246	0	1000	1000	19
246	0	1000	998	20
246	0	1000	990	21
246	0	1000	981	22
246	0	1000	903	23
246	0	1000	960	24
246	0	1000	954	25
246	0	1000	992	26
246	0	1000	989	27
246	0	1000	995	28
246	0	1000	1000	29
246	0	1000	1000	30
246	0	1000	1000	31
# Event data block #48
# Threshold	DAC	Events	Triggered	CH#
247	0	1000	1000	0
247	0	1000	1000	1
247	0	1000	1000	2
247	0	1000	1000	3
247	0	1000	1000	4
247	0	1000	986	5
247	0	1000	992	6
247	0	1000	950	7
247	0	1000	978	8
247	0	1000	1000	9
247	0	1000	993	10
247	0	1000	996	11
247	0	1000	999	12
247	0	1000	1000	13
247	0	1000	1000	14
247	0	1000	1000	15
247	0	1000	1000	16
247	0	1000	1000	17
247	0	1000	1000	18
247	0	1000	1000	19
247	0	1000	999	20
247	0	1000	994	21
247	0	1000	985	22
247	0	1000	911	23
247	0	1000	962	24
247	0	1000	959	25
247	0	1000	995	26
247	0	1000	992	27
247	0	1000	997	28
247	0	1000	1000	29
247	0	1000	1000	30
247	0	1000	1000	31
# Event data block #49
# Threshold	DAC	Events	Triggered	CH#
248	0	1000	1000	0
248	0	1000	1000	1
248	0	1000	1000	2
248	0	1000	1000	3
248	0	1000	999	4
248	0	1000	988	5
248	0	1000	992	6
248	0	1000	951	7
248	0	1000	983	8
248	0	1000	1000	9
248	0	1000	992	10
248	0	1000	996	11
248	0	1000	998	12
248	0	1000	1000	13
248	0	1000	1000	14
248	0	1000	1000	15
248	0	1000	1000	16
248	0	1000	1000	17
248	0	1000	1000	18
248	0	1000	1000	19
248	0	1000	997	20
248	0	1000	992	21
248	0	1000	984	22
248	0	1000	912	23
248	0	1000	965	24
248	0	1000	989	25
248	0	1000	993	26
248	0	1000	993	27
248	0	1000	1000	28
248	0	1000	1000	29
248	0	1000	1000	30
248	0	1000	1000	31
# Event data block #50
# Threshold	DAC	Events	Triggered	CH#
249	0	1000	1000	0
249	0	1000	1000	1
249	0	1000	1000	2
249	0	1000	1000	3
249	0	1000	1000	4
249	0	1000	993	5
249	0	1000	995	6
249	0	1000	958	7
249	0	1000	986	8
249	0	1000	1000	9
249	0	1000	996	10
249	0	1000	999	11
249	0	1000	1000	12
249	0	1000	1000	13
249	0	1000	1000	14
249	0	1000	1000	15
249	0	1000	1000	16
249	0	1000	1000	17
249	0	1000	1000	18
249	0	1000	1000	19
249	0	1000	1000	20
249	0	1000	996	21
249	0	1000	990	22
249	0	1000	928	23
249	0	1000	981	24
249	0	1000	1000	25
249	0	1000	997	26
249	0	1000	997	27
249	0	1000	1000	28
249	0	1000	1000	29
249	0	1000	1000	30
249	0	1000	1000	31
# Event data block #51
# Threshold	DAC	Events	Triggered	CH#
250	0	1000	1000	0
250	0	1000	1000	1
250	0	1000	1000	2
250	0	1000	1000	3
250	0	1000	999	4
250	0	1000	994	5
250	0	1000	995	6
250	0	1000	966	7
250	0	1000	990	8
250	0	1000	1000	9
250	0	1000	994	10
250	0	1000	997	11
250	0	1000	999	12
250	0	1000	1000	13
250	0	1000	1000	14
250	0	1000	1000	15
250	0	1000	1000	16
250	0	1000	1000	17
250	0	1000	1000	18
250	0	1000	1000	19
250	0	1000	997	20
250	0	1000	995	21
250	0	1000	992	22
250	0	1000	990	23
250	0	1000	997	24
250	0	1000	1000	25
250	0	1000	995	26
250	0	1000	994	27
250	0	1000	1000	28
250	0	1000	1000	29
250	0	1000	1000	30
250	0	1000	1000	31
# Event data block #52
# Threshold	DAC	Events	Triggered	CH#
251	0	1000	1000	0
251	0	1000	1000	1
251	0	1000	1000	2
251	0	1000	1000	3
251	0	1000	1000	4
251	0	1000	990	5
251	0	1000	994	6
251	0	1000	959	7
251	0	1000	984	8
251	0	1000	1000	9
251	0	1000	994	10
251	0	1000	998	11
251	0	1000	998	12
251	0	1000	1000	13
251	0	1000	1000	14
251	0	1000	1000	15
251	0	1000	1000	16
251	0	1000	1000	17
251	0	1000	1000	18
251	0	1000	1000	19
251	0	1000	998	20
251	0	1000	993	21
251	0	1000	987	22
251	0	1000	1000	23
251	0	1000	1000	24
251	0	1000	1000	25
251	0	1000	994	26
251	0	1000	999	27
251	0	1000	1000	28
251	0	1000	1000	29
251	0	1000	1000	30
251	0	1000	1000	31
# Event data block #53
# Threshold	DAC	Events	Triggered	CH#
252	0	1000	1000	0
252	0	1000	1000	1
252	0	1000	1000	2
252	0	1000	1000	3
252	0	1000	1000	4
252	0	1000	994	5
252	0	1000	998	6
252	0	1000	976	7
252	0	1000	991	8
252	0	1000	1000	9
252	0	1000	997	10
252	0	1000	1000	11
252	0	1000	1000	12
252	0	1000	1000	13
252	0	1000	1000	14
252	0	1000	1000	15
252	0	1000	1000	16
252	0	1000	1000	17
252	0	1000	1000	18
252	0	1000	1000	19
252	0	1000	1000	20
252	0	1000	996	21
252	0	1000	995	22
252	0	1000	1000	23
252	0	1000	1000	24
252	0	1000	1000	25
252	0	1000	998	26
252	0	1000	1000	27
252	0	1000	1000	28
252	0	1000	1000	29
252	0	1000	1000	30
252	0	1000	1000	31
# Event data block #54
# Threshold	DAC	Events	Triggered	CH#
253	0	1000	1000	0
253	0	1000	1000	1
253	0	1000	1000	2
253	0	1000	1000	3
253	0	1000	1000	4
253	0	1000	995	5
253	0	1000	1000	6
253	0	1000	974	7
253	0	1000	992	8
253	0	1000	1000	9
253	0	1000	1000	10
253	0	1000	1000	11
253	0	1000	1000	12
253	0	1000	1000	13
253	0	1000	1000	14
253	0	1000	1000	15
253	0	1000	1000	16
253	0	1000	1000	17
253	0	1000	1000	18
253	0	1000	1000	19
253	0	1000	1000	20
253	0	1000	999	21
253	0	1000	1000	22
253	0	1000	1000	23
253	0	1000	1000	24
253	0	1000	1000	25
253	0	1000	1000	26
253	0	1000	1000	27
253	0	1000	1000	28
253	0	1000	1000	29
253	0	1000	1000	30
253	0	1000	1000	31
# Event data block #55
# Threshold	DAC	Events	Triggered	CH#
254	0	1000	1000	0
254	0	1000	1000	1
254	0	1000	1000	2
254	0	1000	1000	3
254	0	1000	1000	4
254	0	1000	991	5
254	0	1000	1000	6
254	0	1000	971	7
254	0	1000	998	8
254	0	1000	1000	9
254	0	1000	999	10
254	0	1000	1000	11
254	0	1000	1000	12
254	0	1000	1000	13
254	0	1000	1000	14
254	0	1000	1000	15
254	0	1000	1000	16
254	0	1000	1000	17
254	0	1000	1000	18
254	0	1000	1000	19
254	0	1000	1000	20
254	0	1000	992	21
254	0	1000	1000	22
254	0	1000	1000	23
254	0	1000	1000	24
254	0	1000	1000	25
254	0	1000	997	26
254	0	1000	1000	27
254	0	1000	1000	28
254	0	1000	1000	29
254	0	1000	1000	30
254	0	1000	1000	31
# Event data block #56
# Threshold	DAC	Events	Triggered	CH#
255	0	1000	1000	0
255	0	1000	1000	1
255	0	1000	1000	2
255	0	1000	1000	3
255	0	1000	1000	4
255	0	1000	997	5
255	0	1000	1000	6
255	0	1000	981	7
255	0	1000	1000	8
255	0	1000	1000	9
255	0	1000	1000	10
255	0	1000	1000	11
255	0	1000	1000	12
255	0	1000	1000	13
255	0	1000	1000	14
255	0	1000	1000	15
255	0	1000	1000	16
255	0	1000	1000	17
255	0	1000	1000	18
255	0	1000	1000	19
255	0	1000	999	20
255	0	1000	995	21
255	0	1000	1000	22
255	0	1000	1000	23
255	0	1000	1000	24
255	0	1000	1000	25
255	0	1000	999	26
255	0	1000	1000	27
255	0	1000	1000	28
255	0	1000	1000	29
255	0	1000	1000	30
255	0	1000	1000	31
