# ASIC configuration for the measurements:
# ------------------------------------------------------------------------------
# Mode = 000 
# Bias = 0101 
# CSArefs = 1011 
# Shaper = 011 
# Leakage mask = 00000000000000000000000000000000 
# Discr. enable mask = 11111111111111111111111111111111 
# Calibration mask = 00000000000000000000000000000000 
# Threshold = 255 
# FineTHR[0] = 011 
# FineTHR[1] = 011 
# FineTHR[2] = 011 
# FineTHR[3] = 011 
# FineTHR[4] = 011 
# FineTHR[5] = 011 
# FineTHR[6] = 011 
# FineTHR[7] = 011 
# FineTHR[8] = 011 
# FineTHR[9] = 011 
# FineTHR[10] = 011 
# FineTHR[11] = 011 
# FineTHR[12] = 011 
# FineTHR[13] = 011 
# FineTHR[14] = 011 
# FineTHR[15] = 011 
# FineTHR[16] = 011 
# FineTHR[17] = 011 
# FineTHR[18] = 011 
# FineTHR[19] = 011 
# FineTHR[20] = 011 
# FineTHR[21] = 011 
# FineTHR[22] = 011 
# FineTHR[23] = 011 
# FineTHR[24] = 011 
# FineTHR[25] = 011 
# FineTHR[26] = 011 
# FineTHR[27] = 011 
# FineTHR[28] = 011 
# FineTHR[29] = 011 
# FineTHR[30] = 011 
# FineTHR[31] = 011 
# ------------------------------------------------------------------------------
# Event data block #1
# Threshold	DAC	Events	Triggered	CH#
200	0	1000	0	0
200	0	1000	0	1
200	0	1000	0	2
200	0	1000	8	3
200	0	1000	88	4
200	0	1000	27	5
200	0	1000	115	6
200	0	1000	74	7
200	0	1000	107	8
200	0	1000	65	9
200	0	1000	55	10
200	0	1000	26	11
200	0	1000	27	12
200	0	1000	10	13
200	0	1000	0	14
200	0	1000	0	15
200	0	1000	0	16
200	0	1000	2	17
200	0	1000	0	18
200	0	1000	80	19
200	0	1000	124	20
200	0	1000	72	21
200	0	1000	118	22
200	0	1000	59	23
200	0	1000	117	24
200	0	1000	65	25
200	0	1000	75	26
200	0	1000	10	27
200	0	1000	1	28
200	0	1000	2	29
200	0	1000	3	30
200	0	1000	43	31
# Event data block #2
# Threshold	DAC	Events	Triggered	CH#
201	0	1000	0	0
201	0	1000	0	1
201	0	1000	0	2
201	0	1000	5	3
201	0	1000	85	4
201	0	1000	23	5
201	0	1000	107	6
201	0	1000	66	7
201	0	1000	99	8
201	0	1000	53	9
201	0	1000	44	10
201	0	1000	19	11
201	0	1000	22	12
201	0	1000	8	13
201	0	1000	0	14
201	0	1000	0	15
201	0	1000	0	16
201	0	1000	1	17
201	0	1000	0	18
201	0	1000	80	19
201	0	1000	120	20
201	0	1000	68	21
201	0	1000	108	22
201	0	1000	46	23
201	0	1000	100	24
201	0	1000	52	25
201	0	1000	72	26
201	0	1000	7	27
201	0	1000	0	28
201	0	1000	2	29
201	0	1000	4	30
201	0	1000	49	31
# Event data block #3
# Threshold	DAC	Events	Triggered	CH#
202	0	1000	0	0
202	0	1000	0	1
202	0	1000	0	2
202	0	1000	9	3
202	0	1000	94	4
202	0	1000	34	5
202	0	1000	114	6
202	0	1000	68	7
202	0	1000	102	8
202	0	1000	58	9
202	0	1000	50	10
202	0	1000	33	11
202	0	1000	34	12
202	0	1000	15	13
202	0	1000	0	14
202	0	1000	0	15
202	0	1000	1	16
202	0	1000	7	17
202	0	1000	0	18
202	0	1000	89	19
202	0	1000	136	20
202	0	1000	78	21
202	0	1000	110	22
202	0	1000	59	23
202	0	1000	99	24
202	0	1000	59	25
202	0	1000	79	26
202	0	1000	16	27
202	0	1000	0	28
202	0	1000	6	29
202	0	1000	8	30
202	0	1000	73	31
# Event data block #4
# Threshold	DAC	Events	Triggered	CH#
203	0	1000	0	0
203	0	1000	0	1
203	0	1000	0	2
203	0	1000	7	3
203	0	1000	106	4
203	0	1000	45	5
203	0	1000	115	6
203	0	1000	77	7
203	0	1000	106	8
203	0	1000	69	9
203	0	1000	62	10
203	0	1000	44	11
203	0	1000	47	12
203	0	1000	14	13
203	0	1000	0	14
203	0	1000	0	15
203	0	1000	1	16
203	0	1000	3	17
203	0	1000	0	18
203	0	1000	99	19
203	0	1000	132	20
203	0	1000	84	21
203	0	1000	115	22
203	0	1000	65	23
203	0	1000	105	24
203	0	1000	69	25
203	0	1000	89	26
203	0	1000	12	27
203	0	1000	0	28
203	0	1000	4	29
203	0	1000	7	30
203	0	1000	99	31
# Event data block #5
# Threshold	DAC	Events	Triggered	CH#
204	0	1000	0	0
204	0	1000	0	1
204	0	1000	0	2
204	0	1000	10	3
204	0	1000	119	4
204	0	1000	41	5
204	0	1000	132	6
204	0	1000	84	7
204	0	1000	118	8
204	0	1000	78	9
204	0	1000	68	10
204	0	1000	42	11
204	0	1000	47	12
204	0	1000	17	13
204	0	1000	0	14
204	0	1000	0	15
204	0	1000	0	16
204	0	1000	2	17
204	0	1000	0	18
204	0	1000	114	19
204	0	1000	162	20
204	0	1000	94	21
204	0	1000	126	22
204	0	1000	70	23
204	0	1000	120	24
204	0	1000	79	25
204	0	1000	100	26
204	0	1000	10	27
204	0	1000	0	28
204	0	1000	3	29
204	0	1000	15	30
204	0	1000	129	31
# Event data block #6
# Threshold	DAC	Events	Triggered	CH#
205	0	1000	1	0
205	0	1000	0	1
205	0	1000	1	2
205	0	1000	18	3
205	0	1000	134	4
205	0	1000	64	5
205	0	1000	143	6
205	0	1000	95	7
205	0	1000	129	8
205	0	1000	86	9
205	0	1000	85	10
205	0	1000	64	11
205	0	1000	69	12
205	0	1000	30	13
205	0	1000	1	14
205	0	1000	1	15
205	0	1000	1	16
205	0	1000	8	17
205	0	1000	1	18
205	0	1000	131	19
205	0	1000	192	20
205	0	1000	107	21
205	0	1000	140	22
205	0	1000	81	23
205	0	1000	126	24
205	0	1000	84	25
205	0	1000	108	26
205	0	1000	23	27
205	0	1000	1	28
205	0	1000	11	29
205	0	1000	36	30
205	0	1000	189	31
# Event data block #7
# Threshold	DAC	Events	Triggered	CH#
206	0	1000	3	0
206	0	1000	0	1
206	0	1000	2	2
206	0	1000	26	3
206	0	1000	125	4
206	0	1000	41	5
206	0	1000	131	6
206	0	1000	76	7
206	0	1000	118	8
206	0	1000	67	9
206	0	1000	67	10
206	0	1000	43	11
206	0	1000	48	12
206	0	1000	31	13
206	0	1000	1	14
206	0	1000	2	15
206	0	1000	5	16
206	0	1000	11	17
206	0	1000	1	18
206	0	1000	125	19
206	0	1000	205	20
206	0	1000	94	21
206	0	1000	124	22
206	0	1000	64	23
206	0	1000	118	24
206	0	1000	71	25
206	0	1000	96	26
206	0	1000	26	27
206	0	1000	2	28
206	0	1000	15	29
206	0	1000	41	30
206	0	1000	424	31
# Event data block #8
# Threshold	DAC	Events	Triggered	CH#
207	0	1000	0	0
207	0	1000	0	1
207	0	1000	0	2
207	0	1000	34	3
207	0	1000	137	4
207	0	1000	45	5
207	0	1000	138	6
207	0	1000	78	7
207	0	1000	117	8
207	0	1000	74	9
207	0	1000	66	10
207	0	1000	49	11
207	0	1000	54	12
207	0	1000	36	13
207	0	1000	0	14
207	0	1000	0	15
207	0	1000	3	16
207	0	1000	12	17
207	0	1000	0	18
207	0	1000	137	19
207	0	1000	285	20
207	0	1000	92	21
207	0	1000	134	22
207	0	1000	65	23
207	0	1000	121	24
207	0	1000	75	25
207	0	1000	96	26
207	0	1000	27	27
207	0	1000	0	28
207	0	1000	19	29
207	0	1000	52	30
207	0	1000	794	31
# Event data block #9
# Threshold	DAC	Events	Triggered	CH#
208	0	1000	3	0
208	0	1000	2	1
208	0	1000	2	2
208	0	1000	40	3
208	0	1000	175	4
208	0	1000	50	5
208	0	1000	163	6
208	0	1000	80	7
208	0	1000	125	8
208	0	1000	72	9
208	0	1000	62	10
208	0	1000	52	11
208	0	1000	56	12
208	0	1000	45	13
208	0	1000	2	14
208	0	1000	2	15
208	0	1000	7	16
208	0	1000	22	17
208	0	1000	2	18
208	0	1000	165	19
208	0	1000	426	20
208	0	1000	100	21
208	0	1000	148	22
208	0	1000	71	23
208	0	1000	129	24
208	0	1000	72	25
208	0	1000	108	26
208	0	1000	29	27
208	0	1000	2	28
208	0	1000	29	29
208	0	1000	66	30
208	0	1000	863	31
# Event data block #10
# Threshold	DAC	Events	Triggered	CH#
209	0	1000	6	0
209	0	1000	1	1
209	0	1000	2	2
209	0	1000	41	3
209	0	1000	216	4
209	0	1000	55	5
209	0	1000	167	6
209	0	1000	76	7
209	0	1000	125	8
209	0	1000	70	9
209	0	1000	72	10
209	0	1000	60	11
209	0	1000	68	12
209	0	1000	49	13
209	0	1000	1	14
209	0	1000	3	15
209	0	1000	9	16
209	0	1000	34	17
209	0	1000	2	18
209	0	1000	197	19
209	0	1000	622	20
209	0	1000	101	21
209	0	1000	145	22
209	0	1000	65	23
209	0	1000	120	24
209	0	1000	70	25
209	0	1000	110	26
209	0	1000	33	27
209	0	1000	2	28
209	0	1000	41	29
209	0	1000	88	30
209	0	1000	916	31
# Event data block #11
# Threshold	DAC	Events	Triggered	CH#
210	0	1000	21	0
210	0	1000	2	1
210	0	1000	9	2
210	0	1000	78	3
210	0	1000	406	4
210	0	1000	88	5
210	0	1000	246	6
210	0	1000	112	7
210	0	1000	162	8
210	0	1000	110	9
210	0	1000	107	10
210	0	1000	93	11
210	0	1000	102	12
210	0	1000	82	13
210	0	1000	7	14
210	0	1000	14	15
210	0	1000	36	16
210	0	1000	69	17
210	0	1000	3	18
210	0	1000	366	19
210	0	1000	700	20
210	0	1000	137	21
210	0	1000	205	22
210	0	1000	89	23
210	0	1000	160	24
210	0	1000	107	25
210	0	1000	149	26
210	0	1000	62	27
210	0	1000	6	28
210	0	1000	77	29
210	0	1000	152	30
210	0	1000	913	31
# Event data block #12
# Threshold	DAC	Events	Triggered	CH#
211	0	1000	37	0
211	0	1000	4	1
211	0	1000	10	2
211	0	1000	73	3
211	0	1000	622	4
211	0	1000	80	5
211	0	1000	335	6
211	0	1000	117	7
211	0	1000	168	8
211	0	1000	117	9
211	0	1000	116	10
211	0	1000	92	11
211	0	1000	107	12
211	0	1000	88	13
211	0	1000	9	14
211	0	1000	19	15
211	0	1000	45	16
211	0	1000	68	17
211	0	1000	7	18
211	0	1000	574	19
211	0	1000	785	20
211	0	1000	146	21
211	0	1000	246	22
211	0	1000	102	23
211	0	1000	166	24
211	0	1000	113	25
211	0	1000	159	26
211	0	1000	53	27
211	0	1000	8	28
211	0	1000	79	29
211	0	1000	285	30
211	0	1000	940	31
# Event data block #13
# Threshold	DAC	Events	Triggered	CH#
212	0	1000	40	0
212	0	1000	9	1
212	0	1000	14	2
212	0	1000	77	3
212	0	1000	745	4
212	0	1000	76	5
212	0	1000	453	6
212	0	1000	112	7
212	0	1000	205	8
212	0	1000	111	9
212	0	1000	110	10
212	0	1000	91	11
212	0	1000	104	12
212	0	1000	86	13
212	0	1000	10	14
212	0	1000	21	15
212	0	1000	50	16
212	0	1000	74	17
212	0	1000	8	18
212	0	1000	705	19
212	0	1000	834	20
212	0	1000	161	21
212	0	1000	305	22
212	0	1000	93	23
212	0	1000	188	24
212	0	1000	105	25
212	0	1000	186	26
212	0	1000	57	27
212	0	1000	10	28
212	0	1000	92	29
212	0	1000	690	30
212	0	1000	957	31
# Event data block #14
# Threshold	DAC	Events	Triggered	CH#
213	0	1000	56	0
213	0	1000	9	1
213	0	1000	21	2
213	0	1000	86	3
213	0	1000	794	4
213	0	1000	74	5
213	0	1000	555	6
213	0	1000	107	7
213	0	1000	235	8
213	0	1000	107	9
213	0	1000	115	10
213	0	1000	95	11
213	0	1000	114	12
213	0	1000	94	13
213	0	1000	12	14
213	0	1000	32	15
213	0	1000	63	16
213	0	1000	89	17
213	0	1000	11	18
213	0	1000	781	19
213	0	1000	823	20
213	0	1000	176	21
213	0	1000	388	22
213	0	1000	88	23
213	0	1000	214	24
213	0	1000	100	25
213	0	1000	213	26
213	0	1000	61	27
213	0	1000	14	28
213	0	1000	102	29
213	0	1000	826	30
213	0	1000	973	31
# Event data block #15
# Threshold	DAC	Events	Triggered	CH#
214	0	1000	83	0
214	0	1000	16	1
214	0	1000	33	2
214	0	1000	97	3
214	0	1000	845	4
214	0	1000	88	5
214	0	1000	702	6
214	0	1000	106	7
214	0	1000	277	8
214	0	1000	109	9
214	0	1000	119	10
214	0	1000	100	11
214	0	1000	123	12
214	0	1000	111	13
214	0	1000	19	14
214	0	1000	42	15
214	0	1000	84	16
214	0	1000	104	17
214	0	1000	11	18
214	0	1000	839	19
214	0	1000	862	20
214	0	1000	201	21
214	0	1000	507	22
214	0	1000	86	23
214	0	1000	221	24
214	0	1000	100	25
214	0	1000	283	26
214	0	1000	63	27
214	0	1000	13	28
214	0	1000	123	29
214	0	1000	894	30
214	0	1000	987	31
# Event data block #16
# Threshold	DAC	Events	Triggered	CH#
215	0	1000	112	0
215	0	1000	27	1
215	0	1000	39	2
215	0	1000	109	3
215	0	1000	842	4
215	0	1000	85	5
215	0	1000	740	6
215	0	1000	112	7
215	0	1000	375	8
215	0	1000	109	9
215	0	1000	124	10
215	0	1000	109	11
215	0	1000	131	12
215	0	1000	117	13
215	0	1000	29	14
215	0	1000	51	15
215	0	1000	106	16
215	0	1000	125	17
215	0	1000	14	18
215	0	1000	841	19
215	0	1000	862	20
215	0	1000	302	21
215	0	1000	603	22
215	0	1000	92	23
215	0	1000	295	24
215	0	1000	109	25
215	0	1000	421	26
215	0	1000	63	27
215	0	1000	19	28
215	0	1000	194	29
215	0	1000	912	30
215	0	1000	986	31
# Event data block #17
# Threshold	DAC	Events	Triggered	CH#
216	0	1000	270	0
216	0	1000	41	1
216	0	1000	52	2
216	0	1000	140	3
216	0	1000	874	4
216	0	1000	104	5
216	0	1000	803	6
216	0	1000	133	7
216	0	1000	496	8
216	0	1000	140	9
216	0	1000	167	10
216	0	1000	131	11
216	0	1000	192	12
216	0	1000	176	13
216	0	1000	37	14
216	0	1000	67	15
216	0	1000	157	16
216	0	1000	221	17
216	0	1000	24	18
216	0	1000	868	19
216	0	1000	878	20
216	0	1000	430	21
216	0	1000	683	22
216	0	1000	105	23
216	0	1000	378	24
216	0	1000	135	25
216	0	1000	562	26
216	0	1000	80	27
216	0	1000	28	28
216	0	1000	465	29
216	0	1000	935	30
216	0	1000	993	31
# Event data block #18
# Threshold	DAC	Events	Triggered	CH#
217	0	1000	769	0
217	0	1000	53	1
217	0	1000	59	2
217	0	1000	166	3
217	0	1000	935	4
217	0	1000	88	5
217	0	1000	864	6
217	0	1000	108	7
217	0	1000	639	8
217	0	1000	126	9
217	0	1000	162	10
217	0	1000	111	11
217	0	1000	234	12
217	0	1000	225	13
217	0	1000	44	14
217	0	1000	73	15
217	0	1000	362	16
217	0	1000	508	17
217	0	1000	21	18
217	0	1000	929	19
217	0	1000	934	20
217	0	1000	591	21
217	0	1000	802	22
217	0	1000	90	23
217	0	1000	443	24
217	0	1000	116	25
217	0	1000	757	26
217	0	1000	72	27
217	0	1000	25	28
217	0	1000	822	29
217	0	1000	974	30
217	0	1000	998	31
# Event data block #19
# Threshold	DAC	Events	Triggered	CH#
218	0	1000	897	0
218	0	1000	75	1
218	0	1000	81	2
218	0	1000	442	3
218	0	1000	916	4
218	0	1000	110	5
218	0	1000	865	6
218	0	1000	135	7
218	0	1000	721	8
218	0	1000	167	9
218	0	1000	263	10
218	0	1000	167	11
218	0	1000	486	12
218	0	1000	519	13
218	0	1000	62	14
218	0	1000	104	15
218	0	1000	783	16
218	0	1000	794	17
218	0	1000	35	18
218	0	1000	914	19
218	0	1000	916	20
218	0	1000	732	21
218	0	1000	811	22
218	0	1000	108	23
218	0	1000	568	24
218	0	1000	135	25
218	0	1000	804	26
218	0	1000	96	27
218	0	1000	42	28
218	0	1000	873	29
218	0	1000	973	30
218	0	1000	1000	31
# Event data block #20
# Threshold	DAC	Events	Triggered	CH#
219	0	1000	919	0
219	0	1000	122	1
219	0	1000	131	2
219	0	1000	690	3
219	0	1000	915	4
219	0	1000	147	5
219	0	1000	861	6
219	0	1000	175	7
219	0	1000	763	8
219	0	1000	231	9
219	0	1000	438	10
219	0	1000	249	11
219	0	1000	680	12
219	0	1000	728	13
219	0	1000	87	14
219	0	1000	148	15
219	0	1000	862	16
219	0	1000	855	17
219	0	1000	42	18
219	0	1000	913	19
219	0	1000	918	20
219	0	1000	775	21
219	0	1000	817	22
219	0	1000	128	23
219	0	1000	631	24
219	0	1000	176	25
219	0	1000	819	26
219	0	1000	123	27
219	0	1000	45	28
219	0	1000	887	29
219	0	1000	982	30
219	0	1000	1000	31
# Event data block #21
# Threshold	DAC	Events	Triggered	CH#
220	0	1000	949	0
220	0	1000	231	1
220	0	1000	190	2
220	0	1000	845	3
220	0	1000	916	4
220	0	1000	167	5
220	0	1000	881	6
220	0	1000	208	7
220	0	1000	821	8
220	0	1000	326	9
220	0	1000	610	10
220	0	1000	452	11
220	0	1000	814	12
220	0	1000	842	13
220	0	1000	97	14
220	0	1000	287	15
220	0	1000	902	16
220	0	1000	893	17
220	0	1000	60	18
220	0	1000	920	19
220	0	1000	917	20
220	0	1000	837	21
220	0	1000	854	22
220	0	1000	155	23
220	0	1000	721	24
220	0	1000	227	25
220	0	1000	861	26
220	0	1000	138	27
220	0	1000	63	28
220	0	1000	913	29
220	0	1000	989	30
220	0	1000	1000	31
# Event data block #22
# Threshold	DAC	Events	Triggered	CH#
221	0	1000	956	0
221	0	1000	614	1
221	0	1000	467	2
221	0	1000	839	3
221	0	1000	919	4
221	0	1000	188	5
221	0	1000	866	6
221	0	1000	233	7
221	0	1000	792	8
221	0	1000	413	9
221	0	1000	684	10
221	0	1000	594	11
221	0	1000	807	12
221	0	1000	843	13
221	0	1000	88	14
221	0	1000	599	15
221	0	1000	914	16
221	0	1000	902	17
221	0	1000	37	18
221	0	1000	923	19
221	0	1000	921	20
221	0	1000	810	21
221	0	1000	820	22
221	0	1000	145	23
221	0	1000	702	24
221	0	1000	271	25
221	0	1000	845	26
221	0	1000	128	27
221	0	1000	41	28
221	0	1000	921	29
221	0	1000	993	30
221	0	1000	999	31
# Event data block #23
# Threshold	DAC	Events	Triggered	CH#
222	0	1000	976	0
222	0	1000	856	1
222	0	1000	796	2
222	0	1000	891	3
222	0	1000	945	4
222	0	1000	264	5
222	0	1000	894	6
222	0	1000	308	7
222	0	1000	851	8
222	0	1000	559	9
222	0	1000	800	10
222	0	1000	770	11
222	0	1000	868	12
222	0	1000	887	13
222	0	1000	128	14
222	0	1000	829	15
222	0	1000	948	16
222	0	1000	931	17
222	0	1000	59	18
222	0	1000	946	19
222	0	1000	943	20
222	0	1000	869	21
222	0	1000	868	22
222	0	1000	169	23
222	0	1000	782	24
222	0	1000	371	25
222	0	1000	880	26
222	0	1000	158	27
222	0	1000	60	28
222	0	1000	950	29
222	0	1000	994	30
222	0	1000	1000	31
# Event data block #24
# Threshold	DAC	Events	Triggered	CH#
223	0	1000	994	0
223	0	1000	903	1
223	0	1000	876	2
223	0	1000	917	3
223	0	1000	955	4
223	0	1000	451	5
223	0	1000	910	6
223	0	1000	416	7
223	0	1000	862	8
223	0	1000	679	9
223	0	1000	835	10
223	0	1000	827	11
223	0	1000	891	12
223	0	1000	915	13
223	0	1000	252	14
223	0	1000	889	15
223	0	1000	963	16
223	0	1000	954	17
223	0	1000	89	18
223	0	1000	959	19
223	0	1000	954	20
223	0	1000	885	21
223	0	1000	883	22
223	0	1000	224	23
223	0	1000	814	24
223	0	1000	481	25
223	0	1000	898	26
223	0	1000	258	27
223	0	1000	93	28
223	0	1000	963	29
223	0	1000	999	30
223	0	1000	1000	31
# Event data block #25
# Threshold	DAC	Events	Triggered	CH#
224	0	1000	997	0
224	0	1000	956	1
224	0	1000	941	2
224	0	1000	955	3
224	0	1000	970	4
224	0	1000	658	5
224	0	1000	946	6
224	0	1000	511	7
224	0	1000	914	8
224	0	1000	810	9
224	0	1000	909	10
224	0	1000	908	11
224	0	1000	937	12
224	0	1000	953	13
224	0	1000	574	14
224	0	1000	945	15
224	0	1000	980	16
224	0	1000	973	17
224	0	1000	55	18
224	0	1000	973	19
224	0	1000	970	20
224	0	1000	930	21
224	0	1000	925	22
224	0	1000	241	23
224	0	1000	882	24
224	0	1000	600	25
224	0	1000	938	26
224	0	1000	381	27
224	0	1000	58	28
224	0	1000	978	29
224	0	1000	999	30
224	0	1000	1000	31
# Event data block #26
# Threshold	DAC	Events	Triggered	CH#
225	0	1000	999	0
225	0	1000	970	1
225	0	1000	962	2
225	0	1000	970	3
225	0	1000	981	4
225	0	1000	811	5
225	0	1000	951	6
225	0	1000	656	7
225	0	1000	940	8
225	0	1000	867	9
225	0	1000	935	10
225	0	1000	939	11
225	0	1000	953	12
225	0	1000	966	13
225	0	1000	870	14
225	0	1000	966	15
225	0	1000	991	16
225	0	1000	983	17
225	0	1000	58	18
225	0	1000	982	19
225	0	1000	981	20
225	0	1000	948	21
225	0	1000	946	22
225	0	1000	286	23
225	0	1000	906	24
225	0	1000	721	25
225	0	1000	954	26
225	0	1000	612	27
225	0	1000	62	28
225	0	1000	990	29
225	0	1000	999	30
225	0	1000	1000	31
# Event data block #27
# Threshold	DAC	Events	Triggered	CH#
226	0	1000	996	0
226	0	1000	969	1
226	0	1000	964	2
226	0	1000	965	3
226	0	1000	975	4
226	0	1000	857	5
226	0	1000	951	6
226	0	1000	746	7
226	0	1000	926	8
226	0	1000	880	9
226	0	1000	924	10
226	0	1000	928	11
226	0	1000	952	12
226	0	1000	964	13
226	0	1000	914	14
226	0	1000	963	15
226	0	1000	991	16
226	0	1000	981	17
226	0	1000	86	18
226	0	1000	975	19
226	0	1000	973	20
226	0	1000	944	21
226	0	1000	937	22
226	0	1000	399	23
226	0	1000	896	24
226	0	1000	771	25
226	0	1000	949	26
226	0	1000	781	27
226	0	1000	92	28
226	0	1000	987	29
226	0	1000	1000	30
226	0	1000	1000	31
# Event data block #28
# Threshold	DAC	Events	Triggered	CH#
227	0	1000	999	0
227	0	1000	961	1
227	0	1000	947	2
227	0	1000	948	3
227	0	1000	958	4
227	0	1000	879	5
227	0	1000	932	6
227	0	1000	809	7
227	0	1000	913	8
227	0	1000	883	9
227	0	1000	916	10
227	0	1000	919	11
227	0	1000	933	12
227	0	1000	946	13
227	0	1000	914	14
227	0	1000	945	15
227	0	1000	987	16
227	0	1000	974	17
227	0	1000	154	18
227	0	1000	964	19
227	0	1000	956	20
227	0	1000	930	21
227	0	1000	920	22
227	0	1000	516	23
227	0	1000	896	24
227	0	1000	824	25
227	0	1000	932	26
227	0	1000	854	27
227	0	1000	179	28
227	0	1000	982	29
227	0	1000	1000	30
227	0	1000	1000	31
# Event data block #29
# Threshold	DAC	Events	Triggered	CH#
228	0	1000	999	0
228	0	1000	973	1
228	0	1000	962	2
228	0	1000	959	3
228	0	1000	967	4
228	0	1000	867	5
228	0	1000	928	6
228	0	1000	804	7
228	0	1000	896	8
228	0	1000	848	9
228	0	1000	907	10
228	0	1000	910	11
228	0	1000	936	12
228	0	1000	957	13
228	0	1000	914	14
228	0	1000	962	15
228	0	1000	988	16
228	0	1000	980	17
228	0	1000	346	18
228	0	1000	973	19
228	0	1000	965	20
228	0	1000	923	21
228	0	1000	910	22
228	0	1000	558	23
228	0	1000	857	24
228	0	1000	806	25
228	0	1000	930	26
228	0	1000	852	27
228	0	1000	371	28
228	0	1000	985	29
228	0	1000	1000	30
228	0	1000	1000	31
# Event data block #30
# Threshold	DAC	Events	Triggered	CH#
229	0	1000	1000	0
229	0	1000	982	1
229	0	1000	954	2
229	0	1000	950	3
229	0	1000	958	4
229	0	1000	856	5
229	0	1000	917	6
229	0	1000	799	7
229	0	1000	885	8
229	0	1000	836	9
229	0	1000	892	10
229	0	1000	902	11
229	0	1000	923	12
229	0	1000	948	13
229	0	1000	916	14
229	0	1000	960	15
229	0	1000	993	16
229	0	1000	984	17
229	0	1000	647	18
229	0	1000	964	19
229	0	1000	953	20
229	0	1000	913	21
229	0	1000	898	22
229	0	1000	638	23
229	0	1000	845	24
229	0	1000	802	25
229	0	1000	920	26
229	0	1000	841	27
229	0	1000	662	28
229	0	1000	988	29
229	0	1000	1000	30
229	0	1000	1000	31
# Event data block #31
# Threshold	DAC	Events	Triggered	CH#
230	0	1000	1000	0
230	0	1000	987	1
230	0	1000	967	2
230	0	1000	952	3
230	0	1000	966	4
230	0	1000	856	5
230	0	1000	909	6
230	0	1000	812	7
230	0	1000	877	8
230	0	1000	845	9
230	0	1000	886	10
230	0	1000	897	11
230	0	1000	922	12
230	0	1000	949	13
230	0	1000	922	14
230	0	1000	974	15
230	0	1000	995	16
230	0	1000	988	17
230	0	1000	796	18
230	0	1000	972	19
230	0	1000	953	20
230	0	1000	904	21
230	0	1000	882	22
230	0	1000	681	23
230	0	1000	847	24
230	0	1000	809	25
230	0	1000	916	26
230	0	1000	852	27
230	0	1000	787	28
230	0	1000	993	29
230	0	1000	1000	30
230	0	1000	1000	31
# Event data block #32
# Threshold	DAC	Events	Triggered	CH#
231	0	1000	1000	0
231	0	1000	997	1
231	0	1000	984	2
231	0	1000	973	3
231	0	1000	977	4
231	0	1000	875	5
231	0	1000	916	6
231	0	1000	830	7
231	0	1000	890	8
231	0	1000	858	9
231	0	1000	901	10
231	0	1000	911	11
231	0	1000	931	12
231	0	1000	972	13
231	0	1000	936	14
231	0	1000	985	15
231	0	1000	999	16
231	0	1000	995	17
231	0	1000	831	18
231	0	1000	980	19
231	0	1000	969	20
231	0	1000	917	21
231	0	1000	898	22
231	0	1000	727	23
231	0	1000	861	24
231	0	1000	819	25
231	0	1000	924	26
231	0	1000	873	27
231	0	1000	833	28
231	0	1000	998	29
231	0	1000	1000	30
231	0	1000	1000	31
# Event data block #33
# Threshold	DAC	Events	Triggered	CH#
232	0	1000	1000	0
232	0	1000	997	1
232	0	1000	989	2
232	0	1000	979	3
232	0	1000	980	4
232	0	1000	891	5
232	0	1000	928	6
232	0	1000	841	7
232	0	1000	896	8
232	0	1000	861	9
232	0	1000	913	10
232	0	1000	921	11
232	0	1000	944	12
232	0	1000	974	13
232	0	1000	950	14
232	0	1000	991	15
232	0	1000	1000	16
232	0	1000	996	17
232	0	1000	861	18
232	0	1000	982	19
232	0	1000	970	20
232	0	1000	926	21
232	0	1000	907	22
232	0	1000	736	23
232	0	1000	866	24
232	0	1000	831	25
232	0	1000	933	26
232	0	1000	890	27
232	0	1000	858	28
232	0	1000	997	29
232	0	1000	1000	30
232	0	1000	1000	31
# Event data block #34
# Threshold	DAC	Events	Triggered	CH#
233	0	1000	1000	0
233	0	1000	996	1
233	0	1000	993	2
233	0	1000	985	3
233	0	1000	985	4
233	0	1000	896	5
233	0	1000	932	6
233	0	1000	835	7
233	0	1000	903	8
233	0	1000	859	9
233	0	1000	923	10
233	0	1000	931	11
233	0	1000	953	12
233	0	1000	980	13
233	0	1000	966	14
233	0	1000	992	15
233	0	1000	999	16
233	0	1000	997	17
233	0	1000	871	18
233	0	1000	990	19
233	0	1000	977	20
233	0	1000	934	21
233	0	1000	913	22
233	0	1000	751	23
233	0	1000	861	24
233	0	1000	835	25
233	0	1000	940	26
233	0	1000	903	27
233	0	1000	878	28
233	0	1000	998	29
233	0	1000	1000	30
233	0	1000	1000	31
# Event data block #35
# Threshold	DAC	Events	Triggered	CH#
234	0	1000	1000	0
234	0	1000	998	1
234	0	1000	995	2
234	0	1000	992	3
234	0	1000	992	4
234	0	1000	901	5
234	0	1000	931	6
234	0	1000	837	7
234	0	1000	904	8
234	0	1000	866	9
234	0	1000	923	10
234	0	1000	933	11
234	0	1000	965	12
234	0	1000	990	13
234	0	1000	975	14
234	0	1000	996	15
234	0	1000	999	16
234	0	1000	998	17
234	0	1000	888	18
234	0	1000	993	19
234	0	1000	985	20
234	0	1000	935	21
234	0	1000	918	22
234	0	1000	759	23
234	0	1000	862	24
234	0	1000	832	25
234	0	1000	944	26
234	0	1000	907	27
234	0	1000	890	28
234	0	1000	999	29
234	0	1000	1000	30
234	0	1000	1000	31
# Event data block #36
# Threshold	DAC	Events	Triggered	CH#
235	0	1000	1000	0
235	0	1000	998	1
235	0	1000	994	2
235	0	1000	984	3
235	0	1000	982	4
235	0	1000	900	5
235	0	1000	930	6
235	0	1000	841	7
235	0	1000	901	8
235	0	1000	871	9
235	0	1000	916	10
235	0	1000	934	11
235	0	1000	961	12
235	0	1000	981	13
235	0	1000	975	14
235	0	1000	994	15
235	0	1000	999	16
235	0	1000	998	17
235	0	1000	907	18
235	0	1000	983	19
235	0	1000	972	20
235	0	1000	933	21
235	0	1000	908	22
235	0	1000	758	23
235	0	1000	864	24
235	0	1000	839	25
235	0	1000	944	26
235	0	1000	902	27
235	0	1000	898	28
235	0	1000	999	29
235	0	1000	1000	30
235	0	1000	1000	31
# Event data block #37
# Threshold	DAC	Events	Triggered	CH#
236	0	1000	1000	0
236	0	1000	999	1
236	0	1000	997	2
236	0	1000	992	3
236	0	1000	990	4
236	0	1000	905	5
236	0	1000	934	6
236	0	1000	849	7
236	0	1000	904	8
236	0	1000	873	9
236	0	1000	927	10
236	0	1000	942	11
236	0	1000	967	12
236	0	1000	989	13
236	0	1000	985	14
236	0	1000	997	15
236	0	1000	999	16
236	0	1000	999	17
236	0	1000	917	18
236	0	1000	992	19
236	0	1000	982	20
236	0	1000	938	21
236	0	1000	917	22
236	0	1000	791	23
236	0	1000	871	24
236	0	1000	845	25
236	0	1000	941	26
236	0	1000	912	27
236	0	1000	907	28
236	0	1000	999	29
236	0	1000	1000	30
236	0	1000	1000	31
# Event data block #38
# Threshold	DAC	Events	Triggered	CH#
237	0	1000	1000	0
237	0	1000	999	1
237	0	1000	997	2
237	0	1000	993	3
237	0	1000	989	4
237	0	1000	925	5
237	0	1000	944	6
237	0	1000	866	7
237	0	1000	915	8
237	0	1000	892	9
237	0	1000	936	10
237	0	1000	958	11
237	0	1000	975	12
237	0	1000	993	13
237	0	1000	989	14
237	0	1000	997	15
237	0	1000	999	16
237	0	1000	998	17
237	0	1000	931	18
237	0	1000	993	19
237	0	1000	985	20
237	0	1000	949	21
237	0	1000	928	22
237	0	1000	797	23
237	0	1000	888	24
237	0	1000	862	25
237	0	1000	960	26
237	0	1000	927	27
237	0	1000	923	28
237	0	1000	999	29
237	0	1000	1000	30
237	0	1000	1000	31
# Event data block #39
# Threshold	DAC	Events	Triggered	CH#
238	0	1000	1000	0
238	0	1000	1000	1
238	0	1000	997	2
238	0	1000	995	3
238	0	1000	994	4
238	0	1000	918	5
238	0	1000	936	6
238	0	1000	869	7
238	0	1000	913	8
238	0	1000	894	9
238	0	1000	930	10
238	0	1000	952	11
238	0	1000	981	12
238	0	1000	994	13
238	0	1000	993	14
238	0	1000	997	15
238	0	1000	1000	16
238	0	1000	1000	17
238	0	1000	937	18
238	0	1000	995	19
238	0	1000	990	20
238	0	1000	937	21
238	0	1000	922	22
238	0	1000	810	23
238	0	1000	886	24
238	0	1000	866	25
238	0	1000	948	26
238	0	1000	925	27
238	0	1000	931	28
238	0	1000	1000	29
238	0	1000	1000	30
238	0	1000	1000	31
# Event data block #40
# Threshold	DAC	Events	Triggered	CH#
239	0	1000	1000	0
239	0	1000	1000	1
239	0	1000	1000	2
239	0	1000	999	3
239	0	1000	998	4
239	0	1000	921	5
239	0	1000	949	6
239	0	1000	880	7
239	0	1000	918	8
239	0	1000	892	9
239	0	1000	945	10
239	0	1000	958	11
239	0	1000	982	12
239	0	1000	998	13
239	0	1000	998	14
239	0	1000	1000	15
239	0	1000	1000	16
239	0	1000	1000	17
239	0	1000	954	18
239	0	1000	997	19
239	0	1000	990	20
239	0	1000	955	21
239	0	1000	930	22
239	0	1000	825	23
239	0	1000	881	24
239	0	1000	875	25
239	0	1000	959	26
239	0	1000	935	27
239	0	1000	940	28
239	0	1000	1000	29
239	0	1000	1000	30
239	0	1000	1000	31
# Event data block #41
# Threshold	DAC	Events	Triggered	CH#
240	0	1000	1000	0
240	0	1000	1000	1
240	0	1000	1000	2
240	0	1000	999	3
240	0	1000	997	4
240	0	1000	930	5
240	0	1000	957	6
240	0	1000	875	7
240	0	1000	923	8
240	0	1000	903	9
240	0	1000	950	10
240	0	1000	975	11
240	0	1000	988	12
240	0	1000	998	13
240	0	1000	998	14
240	0	1000	1000	15
240	0	1000	1000	16
240	0	1000	1000	17
240	0	1000	976	18
240	0	1000	998	19
240	0	1000	995	20
240	0	1000	965	21
240	0	1000	930	22
240	0	1000	818	23
240	0	1000	884	24
240	0	1000	870	25
240	0	1000	971	26
240	0	1000	940	27
240	0	1000	967	28
240	0	1000	1000	29
240	0	1000	1000	30
240	0	1000	1000	31
# Event data block #42
# Threshold	DAC	Events	Triggered	CH#
241	0	1000	1000	0
241	0	1000	1000	1
241	0	1000	1000	2
241	0	1000	1000	3
241	0	1000	999	4
241	0	1000	951	5
241	0	1000	967	6
241	0	1000	894	7
241	0	1000	940	8
241	0	1000	934	9
241	0	1000	966	10
241	0	1000	982	11
241	0	1000	996	12
241	0	1000	1000	13
241	0	1000	1000	14
241	0	1000	1000	15
241	0	1000	1000	16
241	0	1000	1000	17
241	0	1000	993	18
241	0	1000	1000	19
241	0	1000	997	20
241	0	1000	973	21
241	0	1000	950	22
241	0	1000	843	23
241	0	1000	905	24
241	0	1000	899	25
241	0	1000	983	26
241	0	1000	962	27
241	0	1000	974	28
241	0	1000	1000	29
241	0	1000	1000	30
241	0	1000	1000	31
# Event data block #43
# Threshold	DAC	Events	Triggered	CH#
242	0	1000	1000	0
242	0	1000	1000	1
242	0	1000	1000	2
242	0	1000	1000	3
242	0	1000	1000	4
242	0	1000	964	5
242	0	1000	972	6
242	0	1000	911	7
242	0	1000	955	8
242	0	1000	948	9
242	0	1000	971	10
242	0	1000	987	11
242	0	1000	996	12
242	0	1000	1000	13
242	0	1000	1000	14
242	0	1000	1000	15
242	0	1000	1000	16
242	0	1000	1000	17
242	0	1000	1000	18
242	0	1000	1000	19
242	0	1000	997	20
242	0	1000	976	21
242	0	1000	963	22
242	0	1000	843	23
242	0	1000	925	24
242	0	1000	912	25
242	0	1000	983	26
242	0	1000	969	27
242	0	1000	989	28
242	0	1000	1000	29
242	0	1000	1000	30
242	0	1000	1000	31
# Event data block #44
# Threshold	DAC	Events	Triggered	CH#
243	0	1000	1000	0
243	0	1000	1000	1
243	0	1000	1000	2
243	0	1000	1000	3
243	0	1000	999	4
243	0	1000	958	5
243	0	1000	973	6
243	0	1000	889	7
243	0	1000	946	8
243	0	1000	983	9
243	0	1000	975	10
243	0	1000	988	11
243	0	1000	996	12
243	0	1000	1000	13
243	0	1000	1000	14
243	0	1000	1000	15
243	0	1000	1000	16
243	0	1000	1000	17
243	0	1000	1000	18
243	0	1000	999	19
243	0	1000	997	20
243	0	1000	978	21
243	0	1000	958	22
243	0	1000	833	23
243	0	1000	915	24
243	0	1000	906	25
243	0	1000	985	26
243	0	1000	979	27
243	0	1000	988	28
243	0	1000	1000	29
243	0	1000	1000	30
243	0	1000	1000	31
# Event data block #45
# Threshold	DAC	Events	Triggered	CH#
244	0	1000	1000	0
244	0	1000	1000	1
244	0	1000	1000	2
244	0	1000	999	3
244	0	1000	997	4
244	0	1000	964	5
244	0	1000	976	6
244	0	1000	911	7
244	0	1000	948	8
244	0	1000	1000	9
244	0	1000	978	10
244	0	1000	988	11
244	0	1000	995	12
244	0	1000	999	13
244	0	1000	999	14
244	0	1000	1000	15
244	0	1000	1000	16
244	0	1000	1000	17
244	0	1000	1000	18
244	0	1000	999	19
244	0	1000	997	20
244	0	1000	981	21
244	0	1000	960	22
244	0	1000	867	23
244	0	1000	924	24
244	0	1000	928	25
244	0	1000	987	26
244	0	1000	981	27
244	0	1000	993	28
244	0	1000	1000	29
244	0	1000	1000	30
244	0	1000	1000	31
# Event data block #46
# Threshold	DAC	Events	Triggered	CH#
245	0	1000	1000	0
245	0	1000	1000	1
245	0	1000	1000	2
245	0	1000	1000	3
245	0	1000	999	4
245	0	1000	976	5
245	0	1000	985	6
245	0	1000	923	7
245	0	1000	963	8
245	0	1000	1000	9
245	0	1000	985	10
245	0	1000	995	11
245	0	1000	996	12
245	0	1000	1000	13
245	0	1000	1000	14
245	0	1000	1000	15
245	0	1000	1000	16
245	0	1000	1000	17
245	0	1000	1000	18
245	0	1000	999	19
245	0	1000	998	20
245	0	1000	988	21
245	0	1000	974	22
245	0	1000	888	23
245	0	1000	942	24
245	0	1000	999	25
245	0	1000	991	26
245	0	1000	990	27
245	0	1000	1000	28
245	0	1000	1000	29
245	0	1000	1000	30
245	0	1000	1000	31
# Event data block #47
# Threshold	DAC	Events	Triggered	CH#
246	0	1000	1000	0
246	0	1000	1000	1
246	0	1000	1000	2
246	0	1000	1000	3
246	0	1000	1000	4
246	0	1000	979	5
246	0	1000	986	6
246	0	1000	930	7
246	0	1000	968	8
246	0	1000	1000	9
246	0	1000	986	10
246	0	1000	996	11
246	0	1000	1000	12
246	0	1000	1000	13
246	0	1000	1000	14
246	0	1000	1000	15
246	0	1000	1000	16
246	0	1000	1000	17
246	0	1000	1000	18
246	0	1000	1000	19
246	0	1000	999	20
246	0	1000	990	21
246	0	1000	976	22
246	0	1000	888	23
246	0	1000	960	24
246	0	1000	1000	25
246	0	1000	993	26
246	0	1000	993	27
246	0	1000	1000	28
246	0	1000	1000	29
246	0	1000	1000	30
246	0	1000	1000	31
# Event data block #48
# Threshold	DAC	Events	Triggered	CH#
247	0	1000	1000	0
247	0	1000	1000	1
247	0	1000	1000	2
247	0	1000	1000	3
247	0	1000	1000	4
247	0	1000	981	5
247	0	1000	988	6
247	0	1000	934	7
247	0	1000	965	8
247	0	1000	1000	9
247	0	1000	992	10
247	0	1000	1000	11
247	0	1000	1000	12
247	0	1000	1000	13
247	0	1000	1000	14
247	0	1000	1000	15
247	0	1000	1000	16
247	0	1000	1000	17
247	0	1000	1000	18
247	0	1000	1000	19
247	0	1000	1000	20
247	0	1000	994	21
247	0	1000	978	22
247	0	1000	998	23
247	0	1000	1000	24
247	0	1000	1000	25
247	0	1000	998	26
247	0	1000	998	27
247	0	1000	1000	28
247	0	1000	1000	29
247	0	1000	1000	30
247	0	1000	1000	31
# Event data block #49
# Threshold	DAC	Events	Triggered	CH#
248	0	1000	1000	0
248	0	1000	1000	1
248	0	1000	1000	2
248	0	1000	1000	3
248	0	1000	1000	4
248	0	1000	983	5
248	0	1000	990	6
248	0	1000	918	7
248	0	1000	972	8
248	0	1000	1000	9
248	0	1000	989	10
248	0	1000	1000	11
248	0	1000	1000	12
248	0	1000	1000	13
248	0	1000	1000	14
248	0	1000	1000	15
248	0	1000	1000	16
248	0	1000	1000	17
248	0	1000	1000	18
248	0	1000	1000	19
248	0	1000	999	20
248	0	1000	991	21
248	0	1000	982	22
248	0	1000	1000	23
248	0	1000	1000	24
248	0	1000	1000	25
248	0	1000	992	26
248	0	1000	1000	27
248	0	1000	1000	28
248	0	1000	1000	29
248	0	1000	1000	30
248	0	1000	1000	31
# Event data block #50
# Threshold	DAC	Events	Triggered	CH#
249	0	1000	1000	0
249	0	1000	1000	1
249	0	1000	1000	2
249	0	1000	1000	3
249	0	1000	1000	4
249	0	1000	990	5
249	0	1000	993	6
249	0	1000	930	7
249	0	1000	972	8
249	0	1000	1000	9
249	0	1000	992	10
249	0	1000	1000	11
249	0	1000	1000	12
249	0	1000	1000	13
249	0	1000	1000	14
249	0	1000	1000	15
249	0	1000	1000	16
249	0	1000	1000	17
249	0	1000	1000	18
249	0	1000	1000	19
249	0	1000	999	20
249	0	1000	992	21
249	0	1000	993	22
249	0	1000	1000	23
249	0	1000	1000	24
249	0	1000	1000	25
249	0	1000	994	26
249	0	1000	1000	27
249	0	1000	1000	28
249	0	1000	1000	29
249	0	1000	1000	30
249	0	1000	1000	31
# Event data block #51
# Threshold	DAC	Events	Triggered	CH#
250	0	1000	1000	0
250	0	1000	1000	1
250	0	1000	1000	2
250	0	1000	1000	3
250	0	1000	1000	4
250	0	1000	989	5
250	0	1000	1000	6
250	0	1000	943	7
250	0	1000	981	8
250	0	1000	1000	9
250	0	1000	995	10
250	0	1000	1000	11
250	0	1000	1000	12
250	0	1000	1000	13
250	0	1000	1000	14
250	0	1000	1000	15
250	0	1000	1000	16
250	0	1000	1000	17
250	0	1000	1000	18
250	0	1000	1000	19
250	0	1000	998	20
250	0	1000	994	21
250	0	1000	1000	22
250	0	1000	1000	23
250	0	1000	1000	24
250	0	1000	1000	25
250	0	1000	995	26
250	0	1000	1000	27
250	0	1000	1000	28
250	0	1000	1000	29
250	0	1000	1000	30
250	0	1000	1000	31
# Event data block #52
# Threshold	DAC	Events	Triggered	CH#
251	0	1000	1000	0
251	0	1000	1000	1
251	0	1000	1000	2
251	0	1000	1000	3
251	0	1000	1000	4
251	0	1000	998	5
251	0	1000	1000	6
251	0	1000	943	7
251	0	1000	1000	8
251	0	1000	1000	9
251	0	1000	1000	10
251	0	1000	1000	11
251	0	1000	1000	12
251	0	1000	1000	13
251	0	1000	1000	14
251	0	1000	1000	15
251	0	1000	1000	16
251	0	1000	1000	17
251	0	1000	1000	18
251	0	1000	1000	19
251	0	1000	1000	20
251	0	1000	999	21
251	0	1000	1000	22
251	0	1000	1000	23
251	0	1000	1000	24
251	0	1000	1000	25
251	0	1000	1000	26
251	0	1000	1000	27
251	0	1000	1000	28
251	0	1000	1000	29
251	0	1000	1000	30
251	0	1000	1000	31
# Event data block #53
# Threshold	DAC	Events	Triggered	CH#
252	0	1000	1000	0
252	0	1000	1000	1
252	0	1000	1000	2
252	0	1000	1000	3
252	0	1000	1000	4
252	0	1000	995	5
252	0	1000	1000	6
252	0	1000	950	7
252	0	1000	1000	8
252	0	1000	1000	9
252	0	1000	1000	10
252	0	1000	1000	11
252	0	1000	1000	12
252	0	1000	1000	13
252	0	1000	1000	14
252	0	1000	1000	15
252	0	1000	1000	16
252	0	1000	1000	17
252	0	1000	1000	18
252	0	1000	1000	19
252	0	1000	1000	20
252	0	1000	995	21
252	0	1000	1000	22
252	0	1000	1000	23
252	0	1000	1000	24
252	0	1000	1000	25
252	0	1000	1000	26
252	0	1000	1000	27
252	0	1000	1000	28
252	0	1000	1000	29
252	0	1000	1000	30
252	0	1000	1000	31
# Event data block #54
# Threshold	DAC	Events	Triggered	CH#
253	0	1000	1000	0
253	0	1000	1000	1
253	0	1000	1000	2
253	0	1000	1000	3
253	0	1000	1000	4
253	0	1000	1000	5
253	0	1000	1000	6
253	0	1000	956	7
253	0	1000	1000	8
253	0	1000	1000	9
253	0	1000	1000	10
253	0	1000	1000	11
253	0	1000	1000	12
253	0	1000	1000	13
253	0	1000	1000	14
253	0	1000	1000	15
253	0	1000	1000	16
253	0	1000	1000	17
253	0	1000	1000	18
253	0	1000	1000	19
253	0	1000	1000	20
253	0	1000	998	21
253	0	1000	1000	22
253	0	1000	1000	23
253	0	1000	1000	24
253	0	1000	1000	25
253	0	1000	1000	26
253	0	1000	1000	27
253	0	1000	1000	28
253	0	1000	1000	29
253	0	1000	1000	30
253	0	1000	1000	31
# Event data block #55
# Threshold	DAC	Events	Triggered	CH#
254	0	1000	1000	0
254	0	1000	1000	1
254	0	1000	1000	2
254	0	1000	1000	3
254	0	1000	1000	4
254	0	1000	1000	5
254	0	1000	1000	6
254	0	1000	974	7
254	0	1000	1000	8
254	0	1000	1000	9
254	0	1000	1000	10
254	0	1000	1000	11
254	0	1000	1000	12
254	0	1000	1000	13
254	0	1000	1000	14
254	0	1000	1000	15
254	0	1000	1000	16
254	0	1000	1000	17
254	0	1000	1000	18
254	0	1000	1000	19
254	0	1000	1000	20
254	0	1000	999	21
254	0	1000	1000	22
254	0	1000	1000	23
254	0	1000	1000	24
254	0	1000	1000	25
254	0	1000	1000	26
254	0	1000	1000	27
254	0	1000	1000	28
254	0	1000	1000	29
254	0	1000	1000	30
254	0	1000	1000	31
# Event data block #56
# Threshold	DAC	Events	Triggered	CH#
255	0	1000	1000	0
255	0	1000	1000	1
255	0	1000	1000	2
255	0	1000	1000	3
255	0	1000	1000	4
255	0	1000	1000	5
255	0	1000	1000	6
255	0	1000	1000	7
255	0	1000	1000	8
255	0	1000	1000	9
255	0	1000	1000	10
255	0	1000	1000	11
255	0	1000	1000	12
255	0	1000	1000	13
255	0	1000	1000	14
255	0	1000	1000	15
255	0	1000	1000	16
255	0	1000	1000	17
255	0	1000	1000	18
255	0	1000	1000	19
255	0	1000	1000	20
255	0	1000	1000	21
255	0	1000	1000	22
255	0	1000	1000	23
255	0	1000	1000	24
255	0	1000	1000	25
255	0	1000	1000	26
255	0	1000	1000	27
255	0	1000	1000	28
255	0	1000	1000	29
255	0	1000	1000	30
255	0	1000	1000	31
