# ASIC configuration for the measurements:
# ------------------------------------------------------------------------------
# Mode = 000 
# Bias = 0101 
# CSArefs = 1011 
# Shaper = 111 
# Leakage mask = 00000000000000000000000000000000 
# Discr. enable mask = 11111111111111111111111111111111 
# Calibration mask = 00000000000000000000000000000000 
# Threshold = 255 
# FineTHR[0] = 101 
# FineTHR[1] = 101 
# FineTHR[2] = 101 
# FineTHR[3] = 101 
# FineTHR[4] = 101 
# FineTHR[5] = 101 
# FineTHR[6] = 101 
# FineTHR[7] = 101 
# FineTHR[8] = 101 
# FineTHR[9] = 101 
# FineTHR[10] = 101 
# FineTHR[11] = 101 
# FineTHR[12] = 101 
# FineTHR[13] = 101 
# FineTHR[14] = 101 
# FineTHR[15] = 101 
# FineTHR[16] = 101 
# FineTHR[17] = 101 
# FineTHR[18] = 101 
# FineTHR[19] = 101 
# FineTHR[20] = 101 
# FineTHR[21] = 101 
# FineTHR[22] = 101 
# FineTHR[23] = 101 
# FineTHR[24] = 101 
# FineTHR[25] = 101 
# FineTHR[26] = 101 
# FineTHR[27] = 101 
# FineTHR[28] = 101 
# FineTHR[29] = 101 
# FineTHR[30] = 101 
# FineTHR[31] = 101 
# ------------------------------------------------------------------------------
# Event data block #1
# Threshold	DAC	Events	Triggered	CH#
200	0	1000	0	0
200	0	1000	0	1
200	0	1000	0	2
200	0	1000	7	3
200	0	1000	95	4
200	0	1000	34	5
200	0	1000	115	6
200	0	1000	67	7
200	0	1000	97	8
200	0	1000	52	9
200	0	1000	48	10
200	0	1000	32	11
200	0	1000	31	12
200	0	1000	11	13
200	0	1000	0	14
200	0	1000	0	15
200	0	1000	0	16
200	0	1000	0	17
200	0	1000	0	18
200	0	1000	88	19
200	0	1000	131	20
200	0	1000	72	21
200	0	1000	107	22
200	0	1000	55	23
200	0	1000	96	24
200	0	1000	54	25
200	0	1000	75	26
200	0	1000	14	27
200	0	1000	0	28
200	0	1000	2	29
200	0	1000	5	30
200	0	1000	62	31
# Event data block #2
# Threshold	DAC	Events	Triggered	CH#
201	0	1000	0	0
201	0	1000	0	1
201	0	1000	0	2
201	0	1000	10	3
201	0	1000	104	4
201	0	1000	31	5
201	0	1000	127	6
201	0	1000	78	7
201	0	1000	109	8
201	0	1000	64	9
201	0	1000	55	10
201	0	1000	29	11
201	0	1000	33	12
201	0	1000	14	13
201	0	1000	0	14
201	0	1000	0	15
201	0	1000	1	16
201	0	1000	6	17
201	0	1000	0	18
201	0	1000	100	19
201	0	1000	153	20
201	0	1000	85	21
201	0	1000	119	22
201	0	1000	58	23
201	0	1000	116	24
201	0	1000	63	25
201	0	1000	84	26
201	0	1000	12	27
201	0	1000	1	28
201	0	1000	8	29
201	0	1000	10	30
201	0	1000	94	31
# Event data block #3
# Threshold	DAC	Events	Triggered	CH#
202	0	1000	1	0
202	0	1000	0	1
202	0	1000	1	2
202	0	1000	18	3
202	0	1000	123	4
202	0	1000	39	5
202	0	1000	141	6
202	0	1000	84	7
202	0	1000	118	8
202	0	1000	72	9
202	0	1000	69	10
202	0	1000	38	11
202	0	1000	46	12
202	0	1000	18	13
202	0	1000	1	14
202	0	1000	1	15
202	0	1000	1	16
202	0	1000	7	17
202	0	1000	1	18
202	0	1000	116	19
202	0	1000	165	20
202	0	1000	89	21
202	0	1000	132	22
202	0	1000	68	23
202	0	1000	116	24
202	0	1000	73	25
202	0	1000	98	26
202	0	1000	19	27
202	0	1000	1	28
202	0	1000	10	29
202	0	1000	19	30
202	0	1000	130	31
# Event data block #4
# Threshold	DAC	Events	Triggered	CH#
203	0	1000	2	0
203	0	1000	0	1
203	0	1000	2	2
203	0	1000	26	3
203	0	1000	138	4
203	0	1000	50	5
203	0	1000	152	6
203	0	1000	99	7
203	0	1000	131	8
203	0	1000	85	9
203	0	1000	78	10
203	0	1000	51	11
203	0	1000	56	12
203	0	1000	26	13
203	0	1000	0	14
203	0	1000	1	15
203	0	1000	2	16
203	0	1000	14	17
203	0	1000	1	18
203	0	1000	133	19
203	0	1000	189	20
203	0	1000	112	21
203	0	1000	146	22
203	0	1000	74	23
203	0	1000	129	24
203	0	1000	84	25
203	0	1000	115	26
203	0	1000	28	27
203	0	1000	2	28
203	0	1000	13	29
203	0	1000	36	30
203	0	1000	174	31
# Event data block #5
# Threshold	DAC	Events	Triggered	CH#
204	0	1000	0	0
204	0	1000	0	1
204	0	1000	1	2
204	0	1000	21	3
204	0	1000	133	4
204	0	1000	42	5
204	0	1000	144	6
204	0	1000	78	7
204	0	1000	123	8
204	0	1000	68	9
204	0	1000	65	10
204	0	1000	43	11
204	0	1000	49	12
204	0	1000	21	13
204	0	1000	0	14
204	0	1000	0	15
204	0	1000	1	16
204	0	1000	11	17
204	0	1000	0	18
204	0	1000	128	19
204	0	1000	204	20
204	0	1000	90	21
204	0	1000	138	22
204	0	1000	62	23
204	0	1000	122	24
204	0	1000	71	25
204	0	1000	99	26
204	0	1000	20	27
204	0	1000	1	28
204	0	1000	15	29
204	0	1000	40	30
204	0	1000	415	31
# Event data block #6
# Threshold	DAC	Events	Triggered	CH#
205	0	1000	2	0
205	0	1000	0	1
205	0	1000	2	2
205	0	1000	28	3
205	0	1000	147	4
205	0	1000	41	5
205	0	1000	150	6
205	0	1000	73	7
205	0	1000	117	8
205	0	1000	65	9
205	0	1000	65	10
205	0	1000	42	11
205	0	1000	48	12
205	0	1000	31	13
205	0	1000	2	14
205	0	1000	2	15
205	0	1000	3	16
205	0	1000	16	17
205	0	1000	1	18
205	0	1000	137	19
205	0	1000	308	20
205	0	1000	86	21
205	0	1000	137	22
205	0	1000	58	23
205	0	1000	120	24
205	0	1000	65	25
205	0	1000	94	26
205	0	1000	26	27
205	0	1000	2	28
205	0	1000	23	29
205	0	1000	53	30
205	0	1000	806	31
# Event data block #7
# Threshold	DAC	Events	Triggered	CH#
206	0	1000	3	0
206	0	1000	0	1
206	0	1000	2	2
206	0	1000	31	3
206	0	1000	187	4
206	0	1000	51	5
206	0	1000	180	6
206	0	1000	88	7
206	0	1000	141	8
206	0	1000	81	9
206	0	1000	73	10
206	0	1000	58	11
206	0	1000	64	12
206	0	1000	36	13
206	0	1000	1	14
206	0	1000	2	15
206	0	1000	5	16
206	0	1000	23	17
206	0	1000	2	18
206	0	1000	180	19
206	0	1000	461	20
206	0	1000	115	21
206	0	1000	165	22
206	0	1000	79	23
206	0	1000	139	24
206	0	1000	80	25
206	0	1000	121	26
206	0	1000	27	27
206	0	1000	2	28
206	0	1000	26	29
206	0	1000	80	30
206	0	1000	873	31
# Event data block #8
# Threshold	DAC	Events	Triggered	CH#
207	0	1000	8	0
207	0	1000	1	1
207	0	1000	3	2
207	0	1000	51	3
207	0	1000	237	4
207	0	1000	60	5
207	0	1000	204	6
207	0	1000	97	7
207	0	1000	151	8
207	0	1000	89	9
207	0	1000	84	10
207	0	1000	68	11
207	0	1000	76	12
207	0	1000	52	13
207	0	1000	3	14
207	0	1000	3	15
207	0	1000	13	16
207	0	1000	43	17
207	0	1000	2	18
207	0	1000	230	19
207	0	1000	630	20
207	0	1000	123	21
207	0	1000	175	22
207	0	1000	82	23
207	0	1000	147	24
207	0	1000	90	25
207	0	1000	132	26
207	0	1000	42	27
207	0	1000	3	28
207	0	1000	48	29
207	0	1000	112	30
207	0	1000	896	31
# Event data block #9
# Threshold	DAC	Events	Triggered	CH#
208	0	1000	10	0
208	0	1000	0	1
208	0	1000	3	2
208	0	1000	62	3
208	0	1000	383	4
208	0	1000	75	5
208	0	1000	259	6
208	0	1000	110	7
208	0	1000	160	8
208	0	1000	100	9
208	0	1000	102	10
208	0	1000	81	11
208	0	1000	92	12
208	0	1000	63	13
208	0	1000	0	14
208	0	1000	1	15
208	0	1000	17	16
208	0	1000	48	17
208	0	1000	0	18
208	0	1000	377	19
208	0	1000	723	20
208	0	1000	135	21
208	0	1000	212	22
208	0	1000	82	23
208	0	1000	160	24
208	0	1000	98	25
208	0	1000	143	26
208	0	1000	40	27
208	0	1000	1	28
208	0	1000	63	29
208	0	1000	149	30
208	0	1000	921	31
# Event data block #10
# Threshold	DAC	Events	Triggered	CH#
209	0	1000	25	0
209	0	1000	4	1
209	0	1000	10	2
209	0	1000	64	3
209	0	1000	540	4
209	0	1000	69	5
209	0	1000	321	6
209	0	1000	102	7
209	0	1000	164	8
209	0	1000	94	9
209	0	1000	98	10
209	0	1000	79	11
209	0	1000	90	12
209	0	1000	68	13
209	0	1000	6	14
209	0	1000	11	15
209	0	1000	35	16
209	0	1000	54	17
209	0	1000	4	18
209	0	1000	526	19
209	0	1000	784	20
209	0	1000	137	21
209	0	1000	227	22
209	0	1000	78	23
209	0	1000	147	24
209	0	1000	91	25
209	0	1000	146	26
209	0	1000	41	27
209	0	1000	6	28
209	0	1000	66	29
209	0	1000	289	30
209	0	1000	942	31
# Event data block #11
# Threshold	DAC	Events	Triggered	CH#
210	0	1000	45	0
210	0	1000	4	1
210	0	1000	10	2
210	0	1000	79	3
210	0	1000	728	4
210	0	1000	79	5
210	0	1000	456	6
210	0	1000	108	7
210	0	1000	185	8
210	0	1000	102	9
210	0	1000	106	10
210	0	1000	93	11
210	0	1000	98	12
210	0	1000	87	13
210	0	1000	4	14
210	0	1000	14	15
210	0	1000	48	16
210	0	1000	73	17
210	0	1000	2	18
210	0	1000	699	19
210	0	1000	816	20
210	0	1000	142	21
210	0	1000	276	22
210	0	1000	87	23
210	0	1000	162	24
210	0	1000	96	25
210	0	1000	156	26
210	0	1000	51	27
210	0	1000	5	28
210	0	1000	89	29
210	0	1000	698	30
210	0	1000	970	31
# Event data block #12
# Threshold	DAC	Events	Triggered	CH#
211	0	1000	48	0
211	0	1000	8	1
211	0	1000	17	2
211	0	1000	78	3
211	0	1000	823	4
211	0	1000	73	5
211	0	1000	605	6
211	0	1000	102	7
211	0	1000	237	8
211	0	1000	97	9
211	0	1000	101	10
211	0	1000	82	11
211	0	1000	98	12
211	0	1000	81	13
211	0	1000	8	14
211	0	1000	21	15
211	0	1000	48	16
211	0	1000	80	17
211	0	1000	8	18
211	0	1000	830	19
211	0	1000	861	20
211	0	1000	176	21
211	0	1000	376	22
211	0	1000	82	23
211	0	1000	198	24
211	0	1000	89	25
211	0	1000	203	26
211	0	1000	44	27
211	0	1000	8	28
211	0	1000	91	29
211	0	1000	865	30
211	0	1000	980	31
# Event data block #13
# Threshold	DAC	Events	Triggered	CH#
212	0	1000	100	0
212	0	1000	20	1
212	0	1000	42	2
212	0	1000	110	3
212	0	1000	853	4
212	0	1000	99	5
212	0	1000	683	6
212	0	1000	132	7
212	0	1000	308	8
212	0	1000	130	9
212	0	1000	136	10
212	0	1000	111	11
212	0	1000	137	12
212	0	1000	119	13
212	0	1000	19	14
212	0	1000	39	15
212	0	1000	98	16
212	0	1000	117	17
212	0	1000	10	18
212	0	1000	855	19
212	0	1000	883	20
212	0	1000	229	21
212	0	1000	504	22
212	0	1000	109	23
212	0	1000	250	24
212	0	1000	124	25
212	0	1000	293	26
212	0	1000	73	27
212	0	1000	15	28
212	0	1000	149	29
212	0	1000	905	30
212	0	1000	984	31
# Event data block #14
# Threshold	DAC	Events	Triggered	CH#
213	0	1000	137	0
213	0	1000	27	1
213	0	1000	47	2
213	0	1000	129	3
213	0	1000	847	4
213	0	1000	112	5
213	0	1000	726	6
213	0	1000	128	7
213	0	1000	353	8
213	0	1000	126	9
213	0	1000	148	10
213	0	1000	126	11
213	0	1000	155	12
213	0	1000	134	13
213	0	1000	22	14
213	0	1000	52	15
213	0	1000	124	16
213	0	1000	148	17
213	0	1000	9	18
213	0	1000	843	19
213	0	1000	862	20
213	0	1000	273	21
213	0	1000	567	22
213	0	1000	105	23
213	0	1000	263	24
213	0	1000	117	25
213	0	1000	380	26
213	0	1000	88	27
213	0	1000	16	28
213	0	1000	210	29
213	0	1000	913	30
213	0	1000	995	31
# Event data block #15
# Threshold	DAC	Events	Triggered	CH#
214	0	1000	290	0
214	0	1000	45	1
214	0	1000	61	2
214	0	1000	149	3
214	0	1000	848	4
214	0	1000	130	5
214	0	1000	768	6
214	0	1000	147	7
214	0	1000	444	8
214	0	1000	154	9
214	0	1000	162	10
214	0	1000	143	11
214	0	1000	176	12
214	0	1000	161	13
214	0	1000	38	14
214	0	1000	74	15
214	0	1000	160	16
214	0	1000	208	17
214	0	1000	19	18
214	0	1000	851	19
214	0	1000	862	20
214	0	1000	372	21
214	0	1000	653	22
214	0	1000	128	23
214	0	1000	314	24
214	0	1000	145	25
214	0	1000	537	26
214	0	1000	98	27
214	0	1000	25	28
214	0	1000	477	29
214	0	1000	938	30
214	0	1000	998	31
# Event data block #16
# Threshold	DAC	Events	Triggered	CH#
215	0	1000	759	0
215	0	1000	47	1
215	0	1000	56	2
215	0	1000	189	3
215	0	1000	884	4
215	0	1000	105	5
215	0	1000	812	6
215	0	1000	135	7
215	0	1000	590	8
215	0	1000	146	9
215	0	1000	184	10
215	0	1000	138	11
215	0	1000	251	12
215	0	1000	233	13
215	0	1000	34	14
215	0	1000	65	15
215	0	1000	323	16
215	0	1000	451	17
215	0	1000	15	18
215	0	1000	881	19
215	0	1000	888	20
215	0	1000	560	21
215	0	1000	744	22
215	0	1000	104	23
215	0	1000	433	24
215	0	1000	133	25
215	0	1000	696	26
215	0	1000	78	27
215	0	1000	23	28
215	0	1000	781	29
215	0	1000	964	30
215	0	1000	999	31
# Event data block #17
# Threshold	DAC	Events	Triggered	CH#
216	0	1000	874	0
216	0	1000	103	1
216	0	1000	114	2
216	0	1000	404	3
216	0	1000	895	4
216	0	1000	143	5
216	0	1000	830	6
216	0	1000	166	7
216	0	1000	675	8
216	0	1000	192	9
216	0	1000	268	10
216	0	1000	192	11
216	0	1000	430	12
216	0	1000	439	13
216	0	1000	68	14
216	0	1000	119	15
216	0	1000	713	16
216	0	1000	752	17
216	0	1000	32	18
216	0	1000	901	19
216	0	1000	904	20
216	0	1000	681	21
216	0	1000	779	22
216	0	1000	132	23
216	0	1000	527	24
216	0	1000	161	25
216	0	1000	770	26
216	0	1000	117	27
216	0	1000	39	28
216	0	1000	849	29
216	0	1000	978	30
216	0	1000	1000	31
# Event data block #18
# Threshold	DAC	Events	Triggered	CH#
217	0	1000	916	0
217	0	1000	146	1
217	0	1000	151	2
217	0	1000	704	3
217	0	1000	908	4
217	0	1000	171	5
217	0	1000	833	6
217	0	1000	196	7
217	0	1000	748	8
217	0	1000	259	9
217	0	1000	424	10
217	0	1000	295	11
217	0	1000	669	12
217	0	1000	710	13
217	0	1000	73	14
217	0	1000	158	15
217	0	1000	843	16
217	0	1000	838	17
217	0	1000	44	18
217	0	1000	914	19
217	0	1000	915	20
217	0	1000	775	21
217	0	1000	816	22
217	0	1000	146	23
217	0	1000	622	24
217	0	1000	202	25
217	0	1000	812	26
217	0	1000	125	27
217	0	1000	48	28
217	0	1000	881	29
217	0	1000	989	30
217	0	1000	999	31
# Event data block #19
# Threshold	DAC	Events	Triggered	CH#
218	0	1000	944	0
218	0	1000	213	1
218	0	1000	204	2
218	0	1000	800	3
218	0	1000	914	4
218	0	1000	165	5
218	0	1000	849	6
218	0	1000	192	7
218	0	1000	769	8
218	0	1000	284	9
218	0	1000	530	10
218	0	1000	373	11
218	0	1000	758	12
218	0	1000	789	13
218	0	1000	84	14
218	0	1000	254	15
218	0	1000	879	16
218	0	1000	868	17
218	0	1000	41	18
218	0	1000	914	19
218	0	1000	919	20
218	0	1000	804	21
218	0	1000	809	22
218	0	1000	134	23
218	0	1000	663	24
218	0	1000	208	25
218	0	1000	826	26
218	0	1000	123	27
218	0	1000	48	28
218	0	1000	905	29
218	0	1000	992	30
218	0	1000	1000	31
# Event data block #20
# Threshold	DAC	Events	Triggered	CH#
219	0	1000	973	0
219	0	1000	598	1
219	0	1000	532	2
219	0	1000	858	3
219	0	1000	933	4
219	0	1000	199	5
219	0	1000	885	6
219	0	1000	215	7
219	0	1000	824	8
219	0	1000	408	9
219	0	1000	707	10
219	0	1000	594	11
219	0	1000	841	12
219	0	1000	871	13
219	0	1000	104	14
219	0	1000	570	15
219	0	1000	932	16
219	0	1000	924	17
219	0	1000	53	18
219	0	1000	938	19
219	0	1000	935	20
219	0	1000	847	21
219	0	1000	856	22
219	0	1000	152	23
219	0	1000	749	24
219	0	1000	252	25
219	0	1000	861	26
219	0	1000	145	27
219	0	1000	56	28
219	0	1000	935	29
219	0	1000	998	30
219	0	1000	1000	31
# Event data block #21
# Threshold	DAC	Events	Triggered	CH#
220	0	1000	988	0
220	0	1000	854	1
220	0	1000	819	2
220	0	1000	906	3
220	0	1000	952	4
220	0	1000	309	5
220	0	1000	910	6
220	0	1000	309	7
220	0	1000	857	8
220	0	1000	589	9
220	0	1000	803	10
220	0	1000	768	11
220	0	1000	885	12
220	0	1000	909	13
220	0	1000	134	14
220	0	1000	840	15
220	0	1000	958	16
220	0	1000	950	17
220	0	1000	73	18
220	0	1000	956	19
220	0	1000	953	20
220	0	1000	881	21
220	0	1000	888	22
220	0	1000	155	23
220	0	1000	803	24
220	0	1000	362	25
220	0	1000	899	26
220	0	1000	157	27
220	0	1000	77	28
220	0	1000	958	29
220	0	1000	999	30
220	0	1000	1000	31
# Event data block #22
# Threshold	DAC	Events	Triggered	CH#
221	0	1000	990	0
221	0	1000	910	1
221	0	1000	888	2
221	0	1000	922	3
221	0	1000	965	4
221	0	1000	440	5
221	0	1000	915	6
221	0	1000	378	7
221	0	1000	878	8
221	0	1000	657	9
221	0	1000	846	10
221	0	1000	836	11
221	0	1000	903	12
221	0	1000	930	13
221	0	1000	247	14
221	0	1000	904	15
221	0	1000	974	16
221	0	1000	966	17
221	0	1000	61	18
221	0	1000	969	19
221	0	1000	966	20
221	0	1000	898	21
221	0	1000	899	22
221	0	1000	178	23
221	0	1000	825	24
221	0	1000	455	25
221	0	1000	909	26
221	0	1000	217	27
221	0	1000	66	28
221	0	1000	975	29
221	0	1000	998	30
221	0	1000	999	31
# Event data block #23
# Threshold	DAC	Events	Triggered	CH#
222	0	1000	998	0
222	0	1000	960	1
222	0	1000	956	2
222	0	1000	960	3
222	0	1000	975	4
222	0	1000	649	5
222	0	1000	956	6
222	0	1000	488	7
222	0	1000	930	8
222	0	1000	788	9
222	0	1000	915	10
222	0	1000	914	11
222	0	1000	958	12
222	0	1000	963	13
222	0	1000	554	14
222	0	1000	962	15
222	0	1000	987	16
222	0	1000	980	17
222	0	1000	52	18
222	0	1000	978	19
222	0	1000	974	20
222	0	1000	950	21
222	0	1000	945	22
222	0	1000	209	23
222	0	1000	896	24
222	0	1000	592	25
222	0	1000	956	26
222	0	1000	390	27
222	0	1000	55	28
222	0	1000	986	29
222	0	1000	999	30
222	0	1000	1000	31
# Event data block #24
# Threshold	DAC	Events	Triggered	CH#
223	0	1000	1000	0
223	0	1000	982	1
223	0	1000	978	2
223	0	1000	980	3
223	0	1000	988	4
223	0	1000	806	5
223	0	1000	976	6
223	0	1000	634	7
223	0	1000	963	8
223	0	1000	890	9
223	0	1000	957	10
223	0	1000	958	11
223	0	1000	977	12
223	0	1000	981	13
223	0	1000	866	14
223	0	1000	980	15
223	0	1000	995	16
223	0	1000	993	17
223	0	1000	40	18
223	0	1000	992	19
223	0	1000	986	20
223	0	1000	975	21
223	0	1000	972	22
223	0	1000	249	23
223	0	1000	931	24
223	0	1000	726	25
223	0	1000	976	26
223	0	1000	633	27
223	0	1000	43	28
223	0	1000	995	29
223	0	1000	1000	30
223	0	1000	1000	31
# Event data block #25
# Threshold	DAC	Events	Triggered	CH#
224	0	1000	1000	0
224	0	1000	973	1
224	0	1000	963	2
224	0	1000	966	3
224	0	1000	977	4
224	0	1000	888	5
224	0	1000	948	6
224	0	1000	712	7
224	0	1000	927	8
224	0	1000	895	9
224	0	1000	925	10
224	0	1000	929	11
224	0	1000	948	12
224	0	1000	964	13
224	0	1000	926	14
224	0	1000	964	15
224	0	1000	993	16
224	0	1000	989	17
224	0	1000	79	18
224	0	1000	980	19
224	0	1000	973	20
224	0	1000	945	21
224	0	1000	939	22
224	0	1000	353	23
224	0	1000	911	24
224	0	1000	810	25
224	0	1000	950	26
224	0	1000	820	27
224	0	1000	77	28
224	0	1000	993	29
224	0	1000	1000	30
224	0	1000	1000	31
# Event data block #26
# Threshold	DAC	Events	Triggered	CH#
225	0	1000	1000	0
225	0	1000	974	1
225	0	1000	958	2
225	0	1000	959	3
225	0	1000	972	4
225	0	1000	878	5
225	0	1000	935	6
225	0	1000	793	7
225	0	1000	914	8
225	0	1000	879	9
225	0	1000	918	10
225	0	1000	921	11
225	0	1000	938	12
225	0	1000	962	13
225	0	1000	918	14
225	0	1000	968	15
225	0	1000	996	16
225	0	1000	990	17
225	0	1000	130	18
225	0	1000	980	19
225	0	1000	972	20
225	0	1000	934	21
225	0	1000	927	22
225	0	1000	497	23
225	0	1000	894	24
225	0	1000	844	25
225	0	1000	935	26
225	0	1000	867	27
225	0	1000	133	28
225	0	1000	993	29
225	0	1000	1000	30
225	0	1000	1000	31
# Event data block #27
# Threshold	DAC	Events	Triggered	CH#
226	0	1000	999	0
226	0	1000	982	1
226	0	1000	967	2
226	0	1000	962	3
226	0	1000	974	4
226	0	1000	860	5
226	0	1000	922	6
226	0	1000	806	7
226	0	1000	896	8
226	0	1000	857	9
226	0	1000	903	10
226	0	1000	905	11
226	0	1000	935	12
226	0	1000	967	13
226	0	1000	914	14
226	0	1000	971	15
226	0	1000	997	16
226	0	1000	992	17
226	0	1000	341	18
226	0	1000	980	19
226	0	1000	971	20
226	0	1000	919	21
226	0	1000	905	22
226	0	1000	571	23
226	0	1000	872	24
226	0	1000	818	25
226	0	1000	925	26
226	0	1000	850	27
226	0	1000	376	28
226	0	1000	995	29
226	0	1000	1000	30
226	0	1000	1000	31
# Event data block #28
# Threshold	DAC	Events	Triggered	CH#
227	0	1000	1000	0
227	0	1000	990	1
227	0	1000	971	2
227	0	1000	966	3
227	0	1000	976	4
227	0	1000	871	5
227	0	1000	920	6
227	0	1000	810	7
227	0	1000	889	8
227	0	1000	860	9
227	0	1000	904	10
227	0	1000	910	11
227	0	1000	940	12
227	0	1000	969	13
227	0	1000	935	14
227	0	1000	977	15
227	0	1000	997	16
227	0	1000	994	17
227	0	1000	658	18
227	0	1000	980	19
227	0	1000	971	20
227	0	1000	920	21
227	0	1000	911	22
227	0	1000	648	23
227	0	1000	867	24
227	0	1000	822	25
227	0	1000	927	26
227	0	1000	866	27
227	0	1000	668	28
227	0	1000	996	29
227	0	1000	1000	30
227	0	1000	1000	31
# Event data block #29
# Threshold	DAC	Events	Triggered	CH#
228	0	1000	1000	0
228	0	1000	994	1
228	0	1000	982	2
228	0	1000	976	3
228	0	1000	982	4
228	0	1000	868	5
228	0	1000	930	6
228	0	1000	805	7
228	0	1000	896	8
228	0	1000	848	9
228	0	1000	907	10
228	0	1000	916	11
228	0	1000	954	12
228	0	1000	978	13
228	0	1000	954	14
228	0	1000	986	15
228	0	1000	999	16
228	0	1000	995	17
228	0	1000	783	18
228	0	1000	986	19
228	0	1000	977	20
228	0	1000	930	21
228	0	1000	904	22
228	0	1000	682	23
228	0	1000	852	24
228	0	1000	814	25
228	0	1000	945	26
228	0	1000	867	27
228	0	1000	784	28
228	0	1000	997	29
228	0	1000	1000	30
228	0	1000	1000	31
# Event data block #30
# Threshold	DAC	Events	Triggered	CH#
229	0	1000	1000	0
229	0	1000	995	1
229	0	1000	986	2
229	0	1000	977	3
229	0	1000	980	4
229	0	1000	877	5
229	0	1000	929	6
229	0	1000	819	7
229	0	1000	900	8
229	0	1000	854	9
229	0	1000	912	10
229	0	1000	924	11
229	0	1000	949	12
229	0	1000	975	13
229	0	1000	960	14
229	0	1000	986	15
229	0	1000	997	16
229	0	1000	996	17
229	0	1000	828	18
229	0	1000	984	19
229	0	1000	975	20
229	0	1000	931	21
229	0	1000	914	22
229	0	1000	739	23
229	0	1000	860	24
229	0	1000	825	25
229	0	1000	938	26
229	0	1000	879	27
229	0	1000	828	28
229	0	1000	996	29
229	0	1000	1000	30
229	0	1000	1000	31
# Event data block #31
# Threshold	DAC	Events	Triggered	CH#
230	0	1000	1000	0
230	0	1000	999	1
230	0	1000	986	2
230	0	1000	978	3
230	0	1000	978	4
230	0	1000	880	5
230	0	1000	932	6
230	0	1000	824	7
230	0	1000	894	8
230	0	1000	862	9
230	0	1000	915	10
230	0	1000	925	11
230	0	1000	955	12
230	0	1000	977	13
230	0	1000	969	14
230	0	1000	993	15
230	0	1000	1000	16
230	0	1000	1000	17
230	0	1000	863	18
230	0	1000	983	19
230	0	1000	975	20
230	0	1000	934	21
230	0	1000	912	22
230	0	1000	731	23
230	0	1000	864	24
230	0	1000	829	25
230	0	1000	940	26
230	0	1000	884	27
230	0	1000	860	28
230	0	1000	1000	29
230	0	1000	1000	30
230	0	1000	1000	31
# Event data block #32
# Threshold	DAC	Events	Triggered	CH#
231	0	1000	1000	0
231	0	1000	996	1
231	0	1000	987	2
231	0	1000	984	3
231	0	1000	983	4
231	0	1000	901	5
231	0	1000	943	6
231	0	1000	839	7
231	0	1000	914	8
231	0	1000	885	9
231	0	1000	933	10
231	0	1000	945	11
231	0	1000	964	12
231	0	1000	984	13
231	0	1000	977	14
231	0	1000	991	15
231	0	1000	998	16
231	0	1000	996	17
231	0	1000	896	18
231	0	1000	984	19
231	0	1000	981	20
231	0	1000	943	21
231	0	1000	929	22
231	0	1000	767	23
231	0	1000	885	24
231	0	1000	858	25
231	0	1000	950	26
231	0	1000	910	27
231	0	1000	893	28
231	0	1000	996	29
231	0	1000	1000	30
231	0	1000	1000	31
# Event data block #33
# Threshold	DAC	Events	Triggered	CH#
232	0	1000	1000	0
232	0	1000	1000	1
232	0	1000	993	2
232	0	1000	985	3
232	0	1000	983	4
232	0	1000	876	5
232	0	1000	925	6
232	0	1000	808	7
232	0	1000	885	8
232	0	1000	847	9
232	0	1000	913	10
232	0	1000	930	11
232	0	1000	955	12
232	0	1000	985	13
232	0	1000	974	14
232	0	1000	998	15
232	0	1000	1000	16
232	0	1000	1000	17
232	0	1000	869	18
232	0	1000	987	19
232	0	1000	971	20
232	0	1000	927	21
232	0	1000	903	22
232	0	1000	747	23
232	0	1000	845	24
232	0	1000	819	25
232	0	1000	939	26
232	0	1000	887	27
232	0	1000	868	28
232	0	1000	1000	29
232	0	1000	1000	30
232	0	1000	1000	31
# Event data block #34
# Threshold	DAC	Events	Triggered	CH#
233	0	1000	1000	0
233	0	1000	1000	1
233	0	1000	999	2
233	0	1000	997	3
233	0	1000	995	4
233	0	1000	913	5
233	0	1000	945	6
233	0	1000	854	7
233	0	1000	921	8
233	0	1000	893	9
233	0	1000	938	10
233	0	1000	949	11
233	0	1000	977	12
233	0	1000	995	13
233	0	1000	991	14
233	0	1000	999	15
233	0	1000	1000	16
233	0	1000	1000	17
233	0	1000	926	18
233	0	1000	998	19
233	0	1000	988	20
233	0	1000	949	21
233	0	1000	929	22
233	0	1000	789	23
233	0	1000	889	24
233	0	1000	868	25
233	0	1000	954	26
233	0	1000	924	27
233	0	1000	921	28
233	0	1000	1000	29
233	0	1000	1000	30
233	0	1000	1000	31
# Event data block #35
# Threshold	DAC	Events	Triggered	CH#
234	0	1000	1000	0
234	0	1000	1000	1
234	0	1000	1000	2
234	0	1000	999	3
234	0	1000	998	4
234	0	1000	914	5
234	0	1000	950	6
234	0	1000	849	7
234	0	1000	917	8
234	0	1000	891	9
234	0	1000	942	10
234	0	1000	960	11
234	0	1000	978	12
234	0	1000	998	13
234	0	1000	996	14
234	0	1000	1000	15
234	0	1000	1000	16
234	0	1000	1000	17
234	0	1000	941	18
234	0	1000	999	19
234	0	1000	993	20
234	0	1000	957	21
234	0	1000	934	22
234	0	1000	776	23
234	0	1000	884	24
234	0	1000	866	25
234	0	1000	965	26
234	0	1000	930	27
234	0	1000	927	28
234	0	1000	1000	29
234	0	1000	1000	30
234	0	1000	1000	31
# Event data block #36
# Threshold	DAC	Events	Triggered	CH#
235	0	1000	1000	0
235	0	1000	1000	1
235	0	1000	998	2
235	0	1000	998	3
235	0	1000	995	4
235	0	1000	929	5
235	0	1000	953	6
235	0	1000	881	7
235	0	1000	927	8
235	0	1000	915	9
235	0	1000	950	10
235	0	1000	966	11
235	0	1000	986	12
235	0	1000	996	13
235	0	1000	996	14
235	0	1000	998	15
235	0	1000	1000	16
235	0	1000	1000	17
235	0	1000	956	18
235	0	1000	998	19
235	0	1000	993	20
235	0	1000	963	21
235	0	1000	937	22
235	0	1000	831	23
235	0	1000	901	24
235	0	1000	890	25
235	0	1000	969	26
235	0	1000	938	27
235	0	1000	942	28
235	0	1000	1000	29
235	0	1000	1000	30
235	0	1000	1000	31
# Event data block #37
# Threshold	DAC	Events	Triggered	CH#
236	0	1000	1000	0
236	0	1000	1000	1
236	0	1000	1000	2
236	0	1000	996	3
236	0	1000	994	4
236	0	1000	934	5
236	0	1000	957	6
236	0	1000	888	7
236	0	1000	929	8
236	0	1000	924	9
236	0	1000	956	10
236	0	1000	971	11
236	0	1000	984	12
236	0	1000	996	13
236	0	1000	997	14
236	0	1000	1000	15
236	0	1000	1000	16
236	0	1000	1000	17
236	0	1000	966	18
236	0	1000	996	19
236	0	1000	993	20
236	0	1000	969	21
236	0	1000	940	22
236	0	1000	845	23
236	0	1000	911	24
236	0	1000	902	25
236	0	1000	971	26
236	0	1000	949	27
236	0	1000	952	28
236	0	1000	1000	29
236	0	1000	1000	30
236	0	1000	1000	31
# Event data block #38
# Threshold	DAC	Events	Triggered	CH#
237	0	1000	1000	0
237	0	1000	1000	1
237	0	1000	1000	2
237	0	1000	1000	3
237	0	1000	998	4
237	0	1000	941	5
237	0	1000	963	6
237	0	1000	881	7
237	0	1000	932	8
237	0	1000	922	9
237	0	1000	961	10
237	0	1000	975	11
237	0	1000	991	12
237	0	1000	1000	13
237	0	1000	1000	14
237	0	1000	1000	15
237	0	1000	1000	16
237	0	1000	1000	17
237	0	1000	978	18
237	0	1000	1000	19
237	0	1000	995	20
237	0	1000	969	21
237	0	1000	947	22
237	0	1000	835	23
237	0	1000	902	24
237	0	1000	890	25
237	0	1000	974	26
237	0	1000	959	27
237	0	1000	969	28
237	0	1000	1000	29
237	0	1000	1000	30
237	0	1000	1000	31
# Event data block #39
# Threshold	DAC	Events	Triggered	CH#
238	0	1000	1000	0
238	0	1000	1000	1
238	0	1000	1000	2
238	0	1000	1000	3
238	0	1000	998	4
238	0	1000	954	5
238	0	1000	968	6
238	0	1000	868	7
238	0	1000	943	8
238	0	1000	932	9
238	0	1000	968	10
238	0	1000	984	11
238	0	1000	991	12
238	0	1000	1000	13
238	0	1000	1000	14
238	0	1000	1000	15
238	0	1000	1000	16
238	0	1000	1000	17
238	0	1000	989	18
238	0	1000	1000	19
238	0	1000	995	20
238	0	1000	975	21
238	0	1000	960	22
238	0	1000	825	23
238	0	1000	908	24
238	0	1000	897	25
238	0	1000	982	26
238	0	1000	966	27
238	0	1000	976	28
238	0	1000	1000	29
238	0	1000	1000	30
238	0	1000	1000	31
# Event data block #40
# Threshold	DAC	Events	Triggered	CH#
239	0	1000	1000	0
239	0	1000	1000	1
239	0	1000	1000	2
239	0	1000	999	3
239	0	1000	999	4
239	0	1000	958	5
239	0	1000	977	6
239	0	1000	903	7
239	0	1000	946	8
239	0	1000	943	9
239	0	1000	977	10
239	0	1000	991	11
239	0	1000	997	12
239	0	1000	1000	13
239	0	1000	1000	14
239	0	1000	1000	15
239	0	1000	1000	16
239	0	1000	1000	17
239	0	1000	999	18
239	0	1000	999	19
239	0	1000	998	20
239	0	1000	985	21
239	0	1000	962	22
239	0	1000	851	23
239	0	1000	925	24
239	0	1000	918	25
239	0	1000	992	26
239	0	1000	974	27
239	0	1000	989	28
239	0	1000	1000	29
239	0	1000	1000	30
239	0	1000	1000	31
# Event data block #41
# Threshold	DAC	Events	Triggered	CH#
240	0	1000	1000	0
240	0	1000	1000	1
240	0	1000	1000	2
240	0	1000	1000	3
240	0	1000	999	4
240	0	1000	976	5
240	0	1000	986	6
240	0	1000	905	7
240	0	1000	953	8
240	0	1000	954	9
240	0	1000	987	10
240	0	1000	992	11
240	0	1000	997	12
240	0	1000	1000	13
240	0	1000	1000	14
240	0	1000	1000	15
240	0	1000	1000	16
240	0	1000	1000	17
240	0	1000	1000	18
240	0	1000	999	19
240	0	1000	996	20
240	0	1000	990	21
240	0	1000	974	22
240	0	1000	862	23
240	0	1000	935	24
240	0	1000	931	25
240	0	1000	992	26
240	0	1000	986	27
240	0	1000	994	28
240	0	1000	1000	29
240	0	1000	1000	30
240	0	1000	1000	31
# Event data block #42
# Threshold	DAC	Events	Triggered	CH#
241	0	1000	1000	0
241	0	1000	1000	1
241	0	1000	1000	2
241	0	1000	1000	3
241	0	1000	1000	4
241	0	1000	959	5
241	0	1000	978	6
241	0	1000	904	7
241	0	1000	946	8
241	0	1000	979	9
241	0	1000	979	10
241	0	1000	994	11
241	0	1000	999	12
241	0	1000	1000	13
241	0	1000	1000	14
241	0	1000	1000	15
241	0	1000	1000	16
241	0	1000	1000	17
241	0	1000	1000	18
241	0	1000	1000	19
241	0	1000	999	20
241	0	1000	988	21
241	0	1000	962	22
241	0	1000	870	23
241	0	1000	927	24
241	0	1000	933	25
241	0	1000	993	26
241	0	1000	981	27
241	0	1000	995	28
241	0	1000	1000	29
241	0	1000	1000	30
241	0	1000	1000	31
# Event data block #43
# Threshold	DAC	Events	Triggered	CH#
242	0	1000	1000	0
242	0	1000	1000	1
242	0	1000	1000	2
242	0	1000	1000	3
242	0	1000	1000	4
242	0	1000	983	5
242	0	1000	990	6
242	0	1000	917	7
242	0	1000	967	8
242	0	1000	1000	9
242	0	1000	990	10
242	0	1000	998	11
242	0	1000	1000	12
242	0	1000	1000	13
242	0	1000	1000	14
242	0	1000	1000	15
242	0	1000	1000	16
242	0	1000	1000	17
242	0	1000	1000	18
242	0	1000	1000	19
242	0	1000	1000	20
242	0	1000	991	21
242	0	1000	982	22
242	0	1000	885	23
242	0	1000	953	24
242	0	1000	965	25
242	0	1000	995	26
242	0	1000	992	27
242	0	1000	999	28
242	0	1000	1000	29
242	0	1000	1000	30
242	0	1000	1000	31
# Event data block #44
# Threshold	DAC	Events	Triggered	CH#
243	0	1000	1000	0
243	0	1000	1000	1
243	0	1000	1000	2
243	0	1000	1000	3
243	0	1000	1000	4
243	0	1000	979	5
243	0	1000	984	6
243	0	1000	922	7
243	0	1000	970	8
243	0	1000	1000	9
243	0	1000	987	10
243	0	1000	998	11
243	0	1000	1000	12
243	0	1000	1000	13
243	0	1000	1000	14
243	0	1000	1000	15
243	0	1000	1000	16
243	0	1000	1000	17
243	0	1000	1000	18
243	0	1000	1000	19
243	0	1000	1000	20
243	0	1000	991	21
243	0	1000	977	22
243	0	1000	901	23
243	0	1000	948	24
243	0	1000	1000	25
243	0	1000	994	26
243	0	1000	994	27
243	0	1000	1000	28
243	0	1000	1000	29
243	0	1000	1000	30
243	0	1000	1000	31
# Event data block #45
# Threshold	DAC	Events	Triggered	CH#
244	0	1000	1000	0
244	0	1000	1000	1
244	0	1000	1000	2
244	0	1000	1000	3
244	0	1000	999	4
244	0	1000	983	5
244	0	1000	988	6
244	0	1000	937	7
244	0	1000	976	8
244	0	1000	1000	9
244	0	1000	991	10
244	0	1000	997	11
244	0	1000	999	12
244	0	1000	1000	13
244	0	1000	1000	14
244	0	1000	1000	15
244	0	1000	1000	16
244	0	1000	1000	17
244	0	1000	1000	18
244	0	1000	1000	19
244	0	1000	998	20
244	0	1000	992	21
244	0	1000	985	22
244	0	1000	927	23
244	0	1000	967	24
244	0	1000	1000	25
244	0	1000	993	26
244	0	1000	995	27
244	0	1000	1000	28
244	0	1000	1000	29
244	0	1000	1000	30
244	0	1000	1000	31
# Event data block #46
# Threshold	DAC	Events	Triggered	CH#
245	0	1000	1000	0
245	0	1000	1000	1
245	0	1000	1000	2
245	0	1000	1000	3
245	0	1000	1000	4
245	0	1000	979	5
245	0	1000	987	6
245	0	1000	935	7
245	0	1000	969	8
245	0	1000	1000	9
245	0	1000	988	10
245	0	1000	999	11
245	0	1000	1000	12
245	0	1000	1000	13
245	0	1000	1000	14
245	0	1000	1000	15
245	0	1000	1000	16
245	0	1000	1000	17
245	0	1000	1000	18
245	0	1000	1000	19
245	0	1000	999	20
245	0	1000	988	21
245	0	1000	980	22
245	0	1000	1000	23
245	0	1000	1000	24
245	0	1000	1000	25
245	0	1000	992	26
245	0	1000	997	27
245	0	1000	1000	28
245	0	1000	1000	29
245	0	1000	1000	30
245	0	1000	1000	31
# Event data block #47
# Threshold	DAC	Events	Triggered	CH#
246	0	1000	1000	0
246	0	1000	1000	1
246	0	1000	1000	2
246	0	1000	1000	3
246	0	1000	1000	4
246	0	1000	987	5
246	0	1000	992	6
246	0	1000	932	7
246	0	1000	978	8
246	0	1000	1000	9
246	0	1000	992	10
246	0	1000	1000	11
246	0	1000	1000	12
246	0	1000	1000	13
246	0	1000	1000	14
246	0	1000	1000	15
246	0	1000	1000	16
246	0	1000	1000	17
246	0	1000	1000	18
246	0	1000	1000	19
246	0	1000	1000	20
246	0	1000	993	21
246	0	1000	988	22
246	0	1000	1000	23
246	0	1000	1000	24
246	0	1000	1000	25
246	0	1000	995	26
246	0	1000	1000	27
246	0	1000	1000	28
246	0	1000	1000	29
246	0	1000	1000	30
246	0	1000	1000	31
# Event data block #48
# Threshold	DAC	Events	Triggered	CH#
247	0	1000	1000	0
247	0	1000	1000	1
247	0	1000	1000	2
247	0	1000	1000	3
247	0	1000	1000	4
247	0	1000	988	5
247	0	1000	997	6
247	0	1000	934	7
247	0	1000	976	8
247	0	1000	1000	9
247	0	1000	997	10
247	0	1000	1000	11
247	0	1000	1000	12
247	0	1000	1000	13
247	0	1000	1000	14
247	0	1000	1000	15
247	0	1000	1000	16
247	0	1000	1000	17
247	0	1000	1000	18
247	0	1000	1000	19
247	0	1000	998	20
247	0	1000	994	21
247	0	1000	994	22
247	0	1000	1000	23
247	0	1000	1000	24
247	0	1000	1000	25
247	0	1000	997	26
247	0	1000	1000	27
247	0	1000	1000	28
247	0	1000	1000	29
247	0	1000	1000	30
247	0	1000	1000	31
# Event data block #49
# Threshold	DAC	Events	Triggered	CH#
248	0	1000	1000	0
248	0	1000	1000	1
248	0	1000	1000	2
248	0	1000	1000	3
248	0	1000	1000	4
248	0	1000	994	5
248	0	1000	1000	6
248	0	1000	945	7
248	0	1000	990	8
248	0	1000	1000	9
248	0	1000	1000	10
248	0	1000	1000	11
248	0	1000	1000	12
248	0	1000	1000	13
248	0	1000	1000	14
248	0	1000	1000	15
248	0	1000	1000	16
248	0	1000	1000	17
248	0	1000	1000	18
248	0	1000	1000	19
248	0	1000	1000	20
248	0	1000	997	21
248	0	1000	1000	22
248	0	1000	1000	23
248	0	1000	1000	24
248	0	1000	1000	25
248	0	1000	999	26
248	0	1000	1000	27
248	0	1000	1000	28
248	0	1000	1000	29
248	0	1000	1000	30
248	0	1000	1000	31
# Event data block #50
# Threshold	DAC	Events	Triggered	CH#
249	0	1000	1000	0
249	0	1000	1000	1
249	0	1000	1000	2
249	0	1000	1000	3
249	0	1000	1000	4
249	0	1000	997	5
249	0	1000	1000	6
249	0	1000	944	7
249	0	1000	1000	8
249	0	1000	1000	9
249	0	1000	1000	10
249	0	1000	1000	11
249	0	1000	1000	12
249	0	1000	1000	13
249	0	1000	1000	14
249	0	1000	1000	15
249	0	1000	1000	16
249	0	1000	1000	17
249	0	1000	1000	18
249	0	1000	1000	19
249	0	1000	1000	20
249	0	1000	998	21
249	0	1000	1000	22
249	0	1000	1000	23
249	0	1000	1000	24
249	0	1000	1000	25
249	0	1000	999	26
249	0	1000	1000	27
249	0	1000	1000	28
249	0	1000	1000	29
249	0	1000	1000	30
249	0	1000	1000	31
# Event data block #51
# Threshold	DAC	Events	Triggered	CH#
250	0	1000	1000	0
250	0	1000	1000	1
250	0	1000	1000	2
250	0	1000	1000	3
250	0	1000	1000	4
250	0	1000	998	5
250	0	1000	1000	6
250	0	1000	965	7
250	0	1000	1000	8
250	0	1000	1000	9
250	0	1000	1000	10
250	0	1000	1000	11
250	0	1000	1000	12
250	0	1000	1000	13
250	0	1000	1000	14
250	0	1000	1000	15
250	0	1000	1000	16
250	0	1000	1000	17
250	0	1000	1000	18
250	0	1000	1000	19
250	0	1000	999	20
250	0	1000	998	21
250	0	1000	1000	22
250	0	1000	1000	23
250	0	1000	1000	24
250	0	1000	1000	25
250	0	1000	998	26
250	0	1000	1000	27
250	0	1000	1000	28
250	0	1000	1000	29
250	0	1000	1000	30
250	0	1000	1000	31
# Event data block #52
# Threshold	DAC	Events	Triggered	CH#
251	0	1000	1000	0
251	0	1000	1000	1
251	0	1000	1000	2
251	0	1000	1000	3
251	0	1000	1000	4
251	0	1000	1000	5
251	0	1000	1000	6
251	0	1000	973	7
251	0	1000	1000	8
251	0	1000	1000	9
251	0	1000	1000	10
251	0	1000	1000	11
251	0	1000	1000	12
251	0	1000	1000	13
251	0	1000	1000	14
251	0	1000	1000	15
251	0	1000	1000	16
251	0	1000	1000	17
251	0	1000	1000	18
251	0	1000	1000	19
251	0	1000	1000	20
251	0	1000	1000	21
251	0	1000	1000	22
251	0	1000	1000	23
251	0	1000	1000	24
251	0	1000	1000	25
251	0	1000	1000	26
251	0	1000	1000	27
251	0	1000	1000	28
251	0	1000	1000	29
251	0	1000	1000	30
251	0	1000	1000	31
# Event data block #53
# Threshold	DAC	Events	Triggered	CH#
252	0	1000	1000	0
252	0	1000	1000	1
252	0	1000	1000	2
252	0	1000	1000	3
252	0	1000	1000	4
252	0	1000	1000	5
252	0	1000	1000	6
252	0	1000	987	7
252	0	1000	1000	8
252	0	1000	1000	9
252	0	1000	1000	10
252	0	1000	1000	11
252	0	1000	1000	12
252	0	1000	1000	13
252	0	1000	1000	14
252	0	1000	1000	15
252	0	1000	1000	16
252	0	1000	1000	17
252	0	1000	1000	18
252	0	1000	1000	19
252	0	1000	1000	20
252	0	1000	999	21
252	0	1000	1000	22
252	0	1000	1000	23
252	0	1000	1000	24
252	0	1000	1000	25
252	0	1000	1000	26
252	0	1000	1000	27
252	0	1000	1000	28
252	0	1000	1000	29
252	0	1000	1000	30
252	0	1000	1000	31
# Event data block #54
# Threshold	DAC	Events	Triggered	CH#
253	0	1000	1000	0
253	0	1000	1000	1
253	0	1000	1000	2
253	0	1000	1000	3
253	0	1000	1000	4
253	0	1000	1000	5
253	0	1000	1000	6
253	0	1000	1000	7
253	0	1000	1000	8
253	0	1000	1000	9
253	0	1000	1000	10
253	0	1000	1000	11
253	0	1000	1000	12
253	0	1000	1000	13
253	0	1000	1000	14
253	0	1000	1000	15
253	0	1000	1000	16
253	0	1000	1000	17
253	0	1000	1000	18
253	0	1000	1000	19
253	0	1000	1000	20
253	0	1000	1000	21
253	0	1000	1000	22
253	0	1000	1000	23
253	0	1000	1000	24
253	0	1000	1000	25
253	0	1000	1000	26
253	0	1000	1000	27
253	0	1000	1000	28
253	0	1000	1000	29
253	0	1000	1000	30
253	0	1000	1000	31
# Event data block #55
# Threshold	DAC	Events	Triggered	CH#
254	0	1000	1000	0
254	0	1000	1000	1
254	0	1000	1000	2
254	0	1000	1000	3
254	0	1000	1000	4
254	0	1000	1000	5
254	0	1000	1000	6
254	0	1000	1000	7
254	0	1000	1000	8
254	0	1000	1000	9
254	0	1000	1000	10
254	0	1000	1000	11
254	0	1000	1000	12
254	0	1000	1000	13
254	0	1000	1000	14
254	0	1000	1000	15
254	0	1000	1000	16
254	0	1000	1000	17
254	0	1000	1000	18
254	0	1000	1000	19
254	0	1000	1000	20
254	0	1000	1000	21
254	0	1000	1000	22
254	0	1000	1000	23
254	0	1000	1000	24
254	0	1000	1000	25
254	0	1000	1000	26
254	0	1000	1000	27
254	0	1000	1000	28
254	0	1000	1000	29
254	0	1000	1000	30
254	0	1000	1000	31
# Event data block #56
# Threshold	DAC	Events	Triggered	CH#
255	0	1000	1000	0
255	0	1000	1000	1
255	0	1000	1000	2
255	0	1000	1000	3
255	0	1000	1000	4
255	0	1000	1000	5
255	0	1000	1000	6
255	0	1000	1000	7
255	0	1000	1000	8
255	0	1000	1000	9
255	0	1000	1000	10
255	0	1000	1000	11
255	0	1000	1000	12
255	0	1000	1000	13
255	0	1000	1000	14
255	0	1000	1000	15
255	0	1000	1000	16
255	0	1000	1000	17
255	0	1000	1000	18
255	0	1000	1000	19
255	0	1000	1000	20
255	0	1000	1000	21
255	0	1000	1000	22
255	0	1000	1000	23
255	0	1000	1000	24
255	0	1000	1000	25
255	0	1000	1000	26
255	0	1000	1000	27
255	0	1000	1000	28
255	0	1000	1000	29
255	0	1000	1000	30
255	0	1000	1000	31
