# ASIC configuration for the measurements:
# ------------------------------------------------------------------------------
# Mode = 000 
# Bias = 0101 
# CSArefs = 1011 
# Shaper = 010 
# Leakage mask = 00000000000000000000000000000000 
# Discr. enable mask = 11111111111111111111111111111111 
# Calibration mask = 00000000000000000000000000000000 
# Threshold = 255 
# FineTHR[0] = 100 
# FineTHR[1] = 100 
# FineTHR[2] = 100 
# FineTHR[3] = 100 
# FineTHR[4] = 100 
# FineTHR[5] = 100 
# FineTHR[6] = 100 
# FineTHR[7] = 100 
# FineTHR[8] = 100 
# FineTHR[9] = 100 
# FineTHR[10] = 100 
# FineTHR[11] = 100 
# FineTHR[12] = 100 
# FineTHR[13] = 100 
# FineTHR[14] = 100 
# FineTHR[15] = 100 
# FineTHR[16] = 100 
# FineTHR[17] = 100 
# FineTHR[18] = 100 
# FineTHR[19] = 100 
# FineTHR[20] = 100 
# FineTHR[21] = 100 
# FineTHR[22] = 100 
# FineTHR[23] = 100 
# FineTHR[24] = 100 
# FineTHR[25] = 100 
# FineTHR[26] = 100 
# FineTHR[27] = 100 
# FineTHR[28] = 100 
# FineTHR[29] = 100 
# FineTHR[30] = 100 
# FineTHR[31] = 100 
# ------------------------------------------------------------------------------
# Event data block #1
# Threshold	DAC	Events	Triggered	CH#
200	0	1000	0	0
200	0	1000	0	1
200	0	1000	0	2
200	0	1000	5	3
200	0	1000	75	4
200	0	1000	27	5
200	0	1000	95	6
200	0	1000	59	7
200	0	1000	83	8
200	0	1000	52	9
200	0	1000	44	10
200	0	1000	22	11
200	0	1000	28	12
200	0	1000	8	13
200	0	1000	0	14
200	0	1000	0	15
200	0	1000	0	16
200	0	1000	4	17
200	0	1000	0	18
200	0	1000	72	19
200	0	1000	104	20
200	0	1000	66	21
200	0	1000	89	22
200	0	1000	52	23
200	0	1000	82	24
200	0	1000	55	25
200	0	1000	69	26
200	0	1000	9	27
200	0	1000	0	28
200	0	1000	4	29
200	0	1000	5	30
200	0	1000	49	31
# Event data block #2
# Threshold	DAC	Events	Triggered	CH#
201	0	1000	0	0
201	0	1000	0	1
201	0	1000	0	2
201	0	1000	4	3
201	0	1000	83	4
201	0	1000	22	5
201	0	1000	102	6
201	0	1000	59	7
201	0	1000	89	8
201	0	1000	51	9
201	0	1000	43	10
201	0	1000	22	11
201	0	1000	21	12
201	0	1000	5	13
201	0	1000	0	14
201	0	1000	0	15
201	0	1000	0	16
201	0	1000	2	17
201	0	1000	0	18
201	0	1000	76	19
201	0	1000	118	20
201	0	1000	62	21
201	0	1000	92	22
201	0	1000	52	23
201	0	1000	88	24
201	0	1000	55	25
201	0	1000	67	26
201	0	1000	5	27
201	0	1000	0	28
201	0	1000	2	29
201	0	1000	4	30
201	0	1000	60	31
# Event data block #3
# Threshold	DAC	Events	Triggered	CH#
202	0	1000	0	0
202	0	1000	0	1
202	0	1000	0	2
202	0	1000	9	3
202	0	1000	100	4
202	0	1000	32	5
202	0	1000	119	6
202	0	1000	70	7
202	0	1000	104	8
202	0	1000	68	9
202	0	1000	60	10
202	0	1000	35	11
202	0	1000	41	12
202	0	1000	12	13
202	0	1000	0	14
202	0	1000	0	15
202	0	1000	0	16
202	0	1000	3	17
202	0	1000	0	18
202	0	1000	94	19
202	0	1000	140	20
202	0	1000	78	21
202	0	1000	115	22
202	0	1000	67	23
202	0	1000	107	24
202	0	1000	68	25
202	0	1000	81	26
202	0	1000	13	27
202	0	1000	0	28
202	0	1000	3	29
202	0	1000	11	30
202	0	1000	86	31
# Event data block #4
# Threshold	DAC	Events	Triggered	CH#
203	0	1000	0	0
203	0	1000	0	1
203	0	1000	0	2
203	0	1000	4	3
203	0	1000	92	4
203	0	1000	32	5
203	0	1000	107	6
203	0	1000	67	7
203	0	1000	91	8
203	0	1000	60	9
203	0	1000	50	10
203	0	1000	33	11
203	0	1000	38	12
203	0	1000	11	13
203	0	1000	0	14
203	0	1000	0	15
203	0	1000	0	16
203	0	1000	2	17
203	0	1000	0	18
203	0	1000	91	19
203	0	1000	137	20
203	0	1000	70	21
203	0	1000	104	22
203	0	1000	55	23
203	0	1000	92	24
203	0	1000	60	25
203	0	1000	72	26
203	0	1000	6	27
203	0	1000	0	28
203	0	1000	1	29
203	0	1000	6	30
203	0	1000	96	31
# Event data block #5
# Threshold	DAC	Events	Triggered	CH#
204	0	1000	0	0
204	0	1000	0	1
204	0	1000	0	2
204	0	1000	12	3
204	0	1000	107	4
204	0	1000	37	5
204	0	1000	122	6
204	0	1000	60	7
204	0	1000	110	8
204	0	1000	54	9
204	0	1000	49	10
204	0	1000	40	11
204	0	1000	44	12
204	0	1000	19	13
204	0	1000	0	14
204	0	1000	0	15
204	0	1000	0	16
204	0	1000	4	17
204	0	1000	0	18
204	0	1000	106	19
204	0	1000	178	20
204	0	1000	79	21
204	0	1000	116	22
204	0	1000	49	23
204	0	1000	105	24
204	0	1000	52	25
204	0	1000	82	26
204	0	1000	13	27
204	0	1000	0	28
204	0	1000	5	29
204	0	1000	25	30
204	0	1000	164	31
# Event data block #6
# Threshold	DAC	Events	Triggered	CH#
205	0	1000	1	0
205	0	1000	0	1
205	0	1000	1	2
205	0	1000	22	3
205	0	1000	146	4
205	0	1000	47	5
205	0	1000	148	6
205	0	1000	91	7
205	0	1000	139	8
205	0	1000	85	9
205	0	1000	75	10
205	0	1000	49	11
205	0	1000	56	12
205	0	1000	29	13
205	0	1000	1	14
205	0	1000	1	15
205	0	1000	3	16
205	0	1000	15	17
205	0	1000	1	18
205	0	1000	143	19
205	0	1000	216	20
205	0	1000	104	21
205	0	1000	149	22
205	0	1000	73	23
205	0	1000	137	24
205	0	1000	81	25
205	0	1000	111	26
205	0	1000	23	27
205	0	1000	2	28
205	0	1000	15	29
205	0	1000	42	30
205	0	1000	424	31
# Event data block #7
# Threshold	DAC	Events	Triggered	CH#
206	0	1000	2	0
206	0	1000	0	1
206	0	1000	1	2
206	0	1000	32	3
206	0	1000	133	4
206	0	1000	50	5
206	0	1000	137	6
206	0	1000	74	7
206	0	1000	118	8
206	0	1000	74	9
206	0	1000	68	10
206	0	1000	54	11
206	0	1000	58	12
206	0	1000	39	13
206	0	1000	1	14
206	0	1000	1	15
206	0	1000	2	16
206	0	1000	18	17
206	0	1000	1	18
206	0	1000	132	19
206	0	1000	304	20
206	0	1000	92	21
206	0	1000	128	22
206	0	1000	64	23
206	0	1000	114	24
206	0	1000	70	25
206	0	1000	98	26
206	0	1000	31	27
206	0	1000	1	28
206	0	1000	25	29
206	0	1000	60	30
206	0	1000	772	31
# Event data block #8
# Threshold	DAC	Events	Triggered	CH#
207	0	1000	2	0
207	0	1000	0	1
207	0	1000	1	2
207	0	1000	31	3
207	0	1000	155	4
207	0	1000	49	5
207	0	1000	150	6
207	0	1000	76	7
207	0	1000	119	8
207	0	1000	74	9
207	0	1000	67	10
207	0	1000	53	11
207	0	1000	56	12
207	0	1000	38	13
207	0	1000	1	14
207	0	1000	1	15
207	0	1000	5	16
207	0	1000	23	17
207	0	1000	1	18
207	0	1000	154	19
207	0	1000	451	20
207	0	1000	94	21
207	0	1000	141	22
207	0	1000	66	23
207	0	1000	116	24
207	0	1000	73	25
207	0	1000	103	26
207	0	1000	25	27
207	0	1000	1	28
207	0	1000	30	29
207	0	1000	66	30
207	0	1000	884	31
# Event data block #9
# Threshold	DAC	Events	Triggered	CH#
208	0	1000	7	0
208	0	1000	0	1
208	0	1000	2	2
208	0	1000	51	3
208	0	1000	279	4
208	0	1000	66	5
208	0	1000	223	6
208	0	1000	102	7
208	0	1000	170	8
208	0	1000	97	9
208	0	1000	98	10
208	0	1000	70	11
208	0	1000	80	12
208	0	1000	59	13
208	0	1000	2	14
208	0	1000	3	15
208	0	1000	12	16
208	0	1000	41	17
208	0	1000	1	18
208	0	1000	267	19
208	0	1000	626	20
208	0	1000	135	21
208	0	1000	205	22
208	0	1000	87	23
208	0	1000	166	24
208	0	1000	97	25
208	0	1000	152	26
208	0	1000	41	27
208	0	1000	3	28
208	0	1000	45	29
208	0	1000	120	30
208	0	1000	916	31
# Event data block #10
# Threshold	DAC	Events	Triggered	CH#
209	0	1000	17	0
209	0	1000	4	1
209	0	1000	6	2
209	0	1000	64	3
209	0	1000	407	4
209	0	1000	71	5
209	0	1000	259	6
209	0	1000	101	7
209	0	1000	168	8
209	0	1000	98	9
209	0	1000	93	10
209	0	1000	79	11
209	0	1000	89	12
209	0	1000	68	13
209	0	1000	5	14
209	0	1000	11	15
209	0	1000	28	16
209	0	1000	59	17
209	0	1000	5	18
209	0	1000	374	19
209	0	1000	747	20
209	0	1000	133	21
209	0	1000	204	22
209	0	1000	89	23
209	0	1000	166	24
209	0	1000	94	25
209	0	1000	152	26
209	0	1000	53	27
209	0	1000	5	28
209	0	1000	66	29
209	0	1000	149	30
209	0	1000	928	31
# Event data block #11
# Threshold	DAC	Events	Triggered	CH#
210	0	1000	25	0
210	0	1000	0	1
210	0	1000	5	2
210	0	1000	63	3
210	0	1000	592	4
210	0	1000	70	5
210	0	1000	337	6
210	0	1000	100	7
210	0	1000	163	8
210	0	1000	95	9
210	0	1000	95	10
210	0	1000	76	11
210	0	1000	86	12
210	0	1000	70	13
210	0	1000	3	14
210	0	1000	8	15
210	0	1000	36	16
210	0	1000	60	17
210	0	1000	1	18
210	0	1000	563	19
210	0	1000	771	20
210	0	1000	135	21
210	0	1000	248	22
210	0	1000	82	23
210	0	1000	166	24
210	0	1000	91	25
210	0	1000	152	26
210	0	1000	53	27
210	0	1000	1	28
210	0	1000	67	29
210	0	1000	291	30
210	0	1000	935	31
# Event data block #12
# Threshold	DAC	Events	Triggered	CH#
211	0	1000	42	0
211	0	1000	2	1
211	0	1000	5	2
211	0	1000	68	3
211	0	1000	727	4
211	0	1000	71	5
211	0	1000	451	6
211	0	1000	102	7
211	0	1000	197	8
211	0	1000	98	9
211	0	1000	103	10
211	0	1000	78	11
211	0	1000	92	12
211	0	1000	76	13
211	0	1000	2	14
211	0	1000	15	15
211	0	1000	52	16
211	0	1000	69	17
211	0	1000	2	18
211	0	1000	728	19
211	0	1000	842	20
211	0	1000	155	21
211	0	1000	311	22
211	0	1000	90	23
211	0	1000	176	24
211	0	1000	94	25
211	0	1000	175	26
211	0	1000	54	27
211	0	1000	2	28
211	0	1000	80	29
211	0	1000	693	30
211	0	1000	970	31
# Event data block #13
# Threshold	DAC	Events	Triggered	CH#
212	0	1000	46	0
212	0	1000	5	1
212	0	1000	16	2
212	0	1000	68	3
212	0	1000	821	4
212	0	1000	65	5
212	0	1000	607	6
212	0	1000	93	7
212	0	1000	221	8
212	0	1000	97	9
212	0	1000	100	10
212	0	1000	77	11
212	0	1000	94	12
212	0	1000	75	13
212	0	1000	9	14
212	0	1000	23	15
212	0	1000	55	16
212	0	1000	68	17
212	0	1000	6	18
212	0	1000	808	19
212	0	1000	858	20
212	0	1000	153	21
212	0	1000	410	22
212	0	1000	82	23
212	0	1000	199	24
212	0	1000	93	25
212	0	1000	198	26
212	0	1000	51	27
212	0	1000	6	28
212	0	1000	88	29
212	0	1000	865	30
212	0	1000	985	31
# Event data block #14
# Threshold	DAC	Events	Triggered	CH#
213	0	1000	74	0
213	0	1000	11	1
213	0	1000	27	2
213	0	1000	82	3
213	0	1000	847	4
213	0	1000	76	5
213	0	1000	684	6
213	0	1000	94	7
213	0	1000	269	8
213	0	1000	93	9
213	0	1000	103	10
213	0	1000	85	11
213	0	1000	101	12
213	0	1000	85	13
213	0	1000	16	14
213	0	1000	38	15
213	0	1000	75	16
213	0	1000	87	17
213	0	1000	5	18
213	0	1000	841	19
213	0	1000	862	20
213	0	1000	180	21
213	0	1000	481	22
213	0	1000	75	23
213	0	1000	206	24
213	0	1000	88	25
213	0	1000	266	26
213	0	1000	62	27
213	0	1000	8	28
213	0	1000	109	29
213	0	1000	900	30
213	0	1000	988	31
# Event data block #15
# Threshold	DAC	Events	Triggered	CH#
214	0	1000	124	0
214	0	1000	25	1
214	0	1000	41	2
214	0	1000	108	3
214	0	1000	857	4
214	0	1000	90	5
214	0	1000	743	6
214	0	1000	113	7
214	0	1000	409	8
214	0	1000	118	9
214	0	1000	132	10
214	0	1000	105	11
214	0	1000	143	12
214	0	1000	119	13
214	0	1000	24	14
214	0	1000	52	15
214	0	1000	106	16
214	0	1000	127	17
214	0	1000	8	18
214	0	1000	855	19
214	0	1000	871	20
214	0	1000	299	21
214	0	1000	601	22
214	0	1000	97	23
214	0	1000	291	24
214	0	1000	114	25
214	0	1000	436	26
214	0	1000	64	27
214	0	1000	12	28
214	0	1000	203	29
214	0	1000	921	30
214	0	1000	991	31
# Event data block #16
# Threshold	DAC	Events	Triggered	CH#
215	0	1000	313	0
215	0	1000	37	1
215	0	1000	53	2
215	0	1000	121	3
215	0	1000	874	4
215	0	1000	89	5
215	0	1000	786	6
215	0	1000	113	7
215	0	1000	488	8
215	0	1000	122	9
215	0	1000	135	10
215	0	1000	108	11
215	0	1000	157	12
215	0	1000	136	13
215	0	1000	34	14
215	0	1000	63	15
215	0	1000	126	16
215	0	1000	185	17
215	0	1000	14	18
215	0	1000	869	19
215	0	1000	881	20
215	0	1000	396	21
215	0	1000	653	22
215	0	1000	90	23
215	0	1000	355	24
215	0	1000	113	25
215	0	1000	556	26
215	0	1000	72	27
215	0	1000	26	28
215	0	1000	442	29
215	0	1000	936	30
215	0	1000	996	31
# Event data block #17
# Threshold	DAC	Events	Triggered	CH#
216	0	1000	776	0
216	0	1000	40	1
216	0	1000	48	2
216	0	1000	167	3
216	0	1000	918	4
216	0	1000	95	5
216	0	1000	866	6
216	0	1000	127	7
216	0	1000	635	8
216	0	1000	136	9
216	0	1000	173	10
216	0	1000	130	11
216	0	1000	237	12
216	0	1000	212	13
216	0	1000	38	14
216	0	1000	64	15
216	0	1000	281	16
216	0	1000	436	17
216	0	1000	13	18
216	0	1000	912	19
216	0	1000	922	20
216	0	1000	564	21
216	0	1000	772	22
216	0	1000	110	23
216	0	1000	427	24
216	0	1000	130	25
216	0	1000	713	26
216	0	1000	68	27
216	0	1000	20	28
216	0	1000	785	29
216	0	1000	974	30
216	0	1000	998	31
# Event data block #18
# Threshold	DAC	Events	Triggered	CH#
217	0	1000	914	0
217	0	1000	85	1
217	0	1000	96	2
217	0	1000	419	3
217	0	1000	928	4
217	0	1000	142	5
217	0	1000	874	6
217	0	1000	159	7
217	0	1000	744	8
217	0	1000	178	9
217	0	1000	277	10
217	0	1000	183	11
217	0	1000	484	12
217	0	1000	490	13
217	0	1000	61	14
217	0	1000	118	15
217	0	1000	750	16
217	0	1000	793	17
217	0	1000	31	18
217	0	1000	927	19
217	0	1000	928	20
217	0	1000	740	21
217	0	1000	817	22
217	0	1000	123	23
217	0	1000	552	24
217	0	1000	164	25
217	0	1000	806	26
217	0	1000	114	27
217	0	1000	40	28
217	0	1000	885	29
217	0	1000	986	30
217	0	1000	999	31
# Event data block #19
# Threshold	DAC	Events	Triggered	CH#
218	0	1000	932	0
218	0	1000	107	1
218	0	1000	121	2
218	0	1000	691	3
218	0	1000	927	4
218	0	1000	135	5
218	0	1000	869	6
218	0	1000	158	7
218	0	1000	765	8
218	0	1000	216	9
218	0	1000	388	10
218	0	1000	235	11
218	0	1000	669	12
218	0	1000	716	13
218	0	1000	66	14
218	0	1000	137	15
218	0	1000	864	16
218	0	1000	860	17
218	0	1000	30	18
218	0	1000	930	19
218	0	1000	930	20
218	0	1000	775	21
218	0	1000	824	22
218	0	1000	128	23
218	0	1000	628	24
218	0	1000	179	25
218	0	1000	826	26
218	0	1000	99	27
218	0	1000	32	28
218	0	1000	898	29
218	0	1000	986	30
218	0	1000	998	31
# Event data block #20
# Threshold	DAC	Events	Triggered	CH#
219	0	1000	942	0
219	0	1000	203	1
219	0	1000	192	2
219	0	1000	814	3
219	0	1000	924	4
219	0	1000	168	5
219	0	1000	873	6
219	0	1000	201	7
219	0	1000	804	8
219	0	1000	316	9
219	0	1000	583	10
219	0	1000	412	11
219	0	1000	786	12
219	0	1000	819	13
219	0	1000	93	14
219	0	1000	261	15
219	0	1000	903	16
219	0	1000	899	17
219	0	1000	53	18
219	0	1000	928	19
219	0	1000	923	20
219	0	1000	813	21
219	0	1000	836	22
219	0	1000	144	23
219	0	1000	677	24
219	0	1000	233	25
219	0	1000	845	26
219	0	1000	131	27
219	0	1000	60	28
219	0	1000	917	29
219	0	1000	990	30
219	0	1000	999	31
# Event data block #21
# Threshold	DAC	Events	Triggered	CH#
220	0	1000	973	0
220	0	1000	625	1
220	0	1000	489	2
220	0	1000	874	3
220	0	1000	939	4
220	0	1000	217	5
220	0	1000	891	6
220	0	1000	240	7
220	0	1000	841	8
220	0	1000	422	9
220	0	1000	725	10
220	0	1000	618	11
220	0	1000	850	12
220	0	1000	874	13
220	0	1000	118	14
220	0	1000	630	15
220	0	1000	940	16
220	0	1000	930	17
220	0	1000	63	18
220	0	1000	942	19
220	0	1000	938	20
220	0	1000	862	21
220	0	1000	864	22
220	0	1000	177	23
220	0	1000	747	24
220	0	1000	291	25
220	0	1000	873	26
220	0	1000	162	27
220	0	1000	65	28
220	0	1000	942	29
220	0	1000	997	30
220	0	1000	1000	31
# Event data block #22
# Threshold	DAC	Events	Triggered	CH#
221	0	1000	983	0
221	0	1000	871	1
221	0	1000	828	2
221	0	1000	908	3
221	0	1000	956	4
221	0	1000	290	5
221	0	1000	907	6
221	0	1000	316	7
221	0	1000	863	8
221	0	1000	570	9
221	0	1000	832	10
221	0	1000	803	11
221	0	1000	889	12
221	0	1000	908	13
221	0	1000	135	14
221	0	1000	858	15
221	0	1000	961	16
221	0	1000	949	17
221	0	1000	68	18
221	0	1000	962	19
221	0	1000	955	20
221	0	1000	891	21
221	0	1000	890	22
221	0	1000	180	23
221	0	1000	816	24
221	0	1000	385	25
221	0	1000	903	26
221	0	1000	163	27
221	0	1000	70	28
221	0	1000	966	29
221	0	1000	1000	30
221	0	1000	1000	31
# Event data block #23
# Threshold	DAC	Events	Triggered	CH#
222	0	1000	992	0
222	0	1000	916	1
222	0	1000	898	2
222	0	1000	932	3
222	0	1000	958	4
222	0	1000	445	5
222	0	1000	921	6
222	0	1000	418	7
222	0	1000	884	8
222	0	1000	694	9
222	0	1000	853	10
222	0	1000	841	11
222	0	1000	911	12
222	0	1000	924	13
222	0	1000	221	14
222	0	1000	905	15
222	0	1000	968	16
222	0	1000	957	17
222	0	1000	64	18
222	0	1000	962	19
222	0	1000	956	20
222	0	1000	908	21
222	0	1000	907	22
222	0	1000	196	23
222	0	1000	829	24
222	0	1000	503	25
222	0	1000	914	26
222	0	1000	234	27
222	0	1000	67	28
222	0	1000	969	29
222	0	1000	1000	30
222	0	1000	1000	31
# Event data block #24
# Threshold	DAC	Events	Triggered	CH#
223	0	1000	999	0
223	0	1000	967	1
223	0	1000	956	2
223	0	1000	966	3
223	0	1000	981	4
223	0	1000	667	5
223	0	1000	958	6
223	0	1000	540	7
223	0	1000	939	8
223	0	1000	819	9
223	0	1000	923	10
223	0	1000	921	11
223	0	1000	954	12
223	0	1000	964	13
223	0	1000	587	14
223	0	1000	958	15
223	0	1000	988	16
223	0	1000	980	17
223	0	1000	62	18
223	0	1000	981	19
223	0	1000	980	20
223	0	1000	951	21
223	0	1000	947	22
223	0	1000	250	23
223	0	1000	900	24
223	0	1000	620	25
223	0	1000	955	26
223	0	1000	404	27
223	0	1000	63	28
223	0	1000	989	29
223	0	1000	1000	30
223	0	1000	1000	31
# Event data block #25
# Threshold	DAC	Events	Triggered	CH#
224	0	1000	999	0
224	0	1000	972	1
224	0	1000	959	2
224	0	1000	967	3
224	0	1000	978	4
224	0	1000	802	5
224	0	1000	952	6
224	0	1000	668	7
224	0	1000	932	8
224	0	1000	867	9
224	0	1000	930	10
224	0	1000	929	11
224	0	1000	946	12
224	0	1000	964	13
224	0	1000	852	14
224	0	1000	963	15
224	0	1000	988	16
224	0	1000	981	17
224	0	1000	55	18
224	0	1000	979	19
224	0	1000	977	20
224	0	1000	941	21
224	0	1000	938	22
224	0	1000	287	23
224	0	1000	910	24
224	0	1000	720	25
224	0	1000	950	26
224	0	1000	651	27
224	0	1000	60	28
224	0	1000	986	29
224	0	1000	1000	30
224	0	1000	1000	31
# Event data block #26
# Threshold	DAC	Events	Triggered	CH#
225	0	1000	1000	0
225	0	1000	975	1
225	0	1000	962	2
225	0	1000	964	3
225	0	1000	976	4
225	0	1000	881	5
225	0	1000	949	6
225	0	1000	751	7
225	0	1000	929	8
225	0	1000	889	9
225	0	1000	926	10
225	0	1000	930	11
225	0	1000	948	12
225	0	1000	963	13
225	0	1000	917	14
225	0	1000	961	15
225	0	1000	992	16
225	0	1000	982	17
225	0	1000	78	18
225	0	1000	977	19
225	0	1000	976	20
225	0	1000	942	21
225	0	1000	937	22
225	0	1000	398	23
225	0	1000	901	24
225	0	1000	806	25
225	0	1000	947	26
225	0	1000	800	27
225	0	1000	86	28
225	0	1000	989	29
225	0	1000	1000	30
225	0	1000	1000	31
# Event data block #27
# Threshold	DAC	Events	Triggered	CH#
226	0	1000	1000	0
226	0	1000	971	1
226	0	1000	961	2
226	0	1000	960	3
226	0	1000	966	4
226	0	1000	887	5
226	0	1000	936	6
226	0	1000	803	7
226	0	1000	919	8
226	0	1000	884	9
226	0	1000	922	10
226	0	1000	922	11
226	0	1000	938	12
226	0	1000	956	13
226	0	1000	923	14
226	0	1000	959	15
226	0	1000	994	16
226	0	1000	985	17
226	0	1000	124	18
226	0	1000	970	19
226	0	1000	963	20
226	0	1000	934	21
226	0	1000	924	22
226	0	1000	511	23
226	0	1000	891	24
226	0	1000	828	25
226	0	1000	937	26
226	0	1000	861	27
226	0	1000	140	28
226	0	1000	991	29
226	0	1000	1000	30
226	0	1000	1000	31
# Event data block #28
# Threshold	DAC	Events	Triggered	CH#
227	0	1000	1000	0
227	0	1000	983	1
227	0	1000	964	2
227	0	1000	960	3
227	0	1000	970	4
227	0	1000	875	5
227	0	1000	926	6
227	0	1000	816	7
227	0	1000	897	8
227	0	1000	865	9
227	0	1000	909	10
227	0	1000	916	11
227	0	1000	934	12
227	0	1000	955	13
227	0	1000	918	14
227	0	1000	963	15
227	0	1000	995	16
227	0	1000	990	17
227	0	1000	340	18
227	0	1000	975	19
227	0	1000	967	20
227	0	1000	926	21
227	0	1000	913	22
227	0	1000	568	23
227	0	1000	874	24
227	0	1000	824	25
227	0	1000	929	26
227	0	1000	868	27
227	0	1000	338	28
227	0	1000	991	29
227	0	1000	1000	30
227	0	1000	1000	31
# Event data block #29
# Threshold	DAC	Events	Triggered	CH#
228	0	1000	999	0
228	0	1000	987	1
228	0	1000	964	2
228	0	1000	962	3
228	0	1000	971	4
228	0	1000	860	5
228	0	1000	922	6
228	0	1000	797	7
228	0	1000	888	8
228	0	1000	836	9
228	0	1000	899	10
228	0	1000	908	11
228	0	1000	931	12
228	0	1000	958	13
228	0	1000	921	14
228	0	1000	969	15
228	0	1000	994	16
228	0	1000	991	17
228	0	1000	620	18
228	0	1000	972	19
228	0	1000	964	20
228	0	1000	922	21
228	0	1000	906	22
228	0	1000	615	23
228	0	1000	842	24
228	0	1000	793	25
228	0	1000	926	26
228	0	1000	853	27
228	0	1000	629	28
228	0	1000	992	29
228	0	1000	1000	30
228	0	1000	1000	31
# Event data block #30
# Threshold	DAC	Events	Triggered	CH#
229	0	1000	999	0
229	0	1000	994	1
229	0	1000	985	2
229	0	1000	974	3
229	0	1000	982	4
229	0	1000	878	5
229	0	1000	925	6
229	0	1000	822	7
229	0	1000	899	8
229	0	1000	855	9
229	0	1000	909	10
229	0	1000	913	11
229	0	1000	936	12
229	0	1000	968	13
229	0	1000	932	14
229	0	1000	985	15
229	0	1000	998	16
229	0	1000	994	17
229	0	1000	795	18
229	0	1000	983	19
229	0	1000	974	20
229	0	1000	919	21
229	0	1000	909	22
229	0	1000	689	23
229	0	1000	861	24
229	0	1000	818	25
229	0	1000	929	26
229	0	1000	876	27
229	0	1000	789	28
229	0	1000	996	29
229	0	1000	1000	30
229	0	1000	1000	31
# Event data block #31
# Threshold	DAC	Events	Triggered	CH#
230	0	1000	1000	0
230	0	1000	996	1
230	0	1000	987	2
230	0	1000	969	3
230	0	1000	976	4
230	0	1000	862	5
230	0	1000	907	6
230	0	1000	814	7
230	0	1000	878	8
230	0	1000	839	9
230	0	1000	891	10
230	0	1000	900	11
230	0	1000	922	12
230	0	1000	960	13
230	0	1000	924	14
230	0	1000	988	15
230	0	1000	997	16
230	0	1000	997	17
230	0	1000	819	18
230	0	1000	982	19
230	0	1000	961	20
230	0	1000	909	21
230	0	1000	890	22
230	0	1000	718	23
230	0	1000	842	24
230	0	1000	809	25
230	0	1000	915	26
230	0	1000	858	27
230	0	1000	822	28
230	0	1000	996	29
230	0	1000	1000	30
230	0	1000	1000	31
# Event data block #32
# Threshold	DAC	Events	Triggered	CH#
231	0	1000	1000	0
231	0	1000	999	1
231	0	1000	997	2
231	0	1000	992	3
231	0	1000	993	4
231	0	1000	916	5
231	0	1000	938	6
231	0	1000	864	7
231	0	1000	921	8
231	0	1000	884	9
231	0	1000	931	10
231	0	1000	935	11
231	0	1000	957	12
231	0	1000	985	13
231	0	1000	964	14
231	0	1000	996	15
231	0	1000	1000	16
231	0	1000	999	17
231	0	1000	883	18
231	0	1000	991	19
231	0	1000	983	20
231	0	1000	940	21
231	0	1000	928	22
231	0	1000	779	23
231	0	1000	888	24
231	0	1000	865	25
231	0	1000	943	26
231	0	1000	915	27
231	0	1000	882	28
231	0	1000	999	29
231	0	1000	1000	30
231	0	1000	1000	31
# Event data block #33
# Threshold	DAC	Events	Triggered	CH#
232	0	1000	1000	0
232	0	1000	998	1
232	0	1000	995	2
232	0	1000	984	3
232	0	1000	982	4
232	0	1000	890	5
232	0	1000	927	6
232	0	1000	836	7
232	0	1000	890	8
232	0	1000	857	9
232	0	1000	908	10
232	0	1000	921	11
232	0	1000	954	12
232	0	1000	981	13
232	0	1000	966	14
232	0	1000	996	15
232	0	1000	998	16
232	0	1000	998	17
232	0	1000	864	18
232	0	1000	988	19
232	0	1000	976	20
232	0	1000	927	21
232	0	1000	903	22
232	0	1000	746	23
232	0	1000	858	24
232	0	1000	840	25
232	0	1000	937	26
232	0	1000	890	27
232	0	1000	869	28
232	0	1000	998	29
232	0	1000	1000	30
232	0	1000	1000	31
# Event data block #34
# Threshold	DAC	Events	Triggered	CH#
233	0	1000	1000	0
233	0	1000	998	1
233	0	1000	997	2
233	0	1000	987	3
233	0	1000	985	4
233	0	1000	899	5
233	0	1000	929	6
233	0	1000	851	7
233	0	1000	898	8
233	0	1000	873	9
233	0	1000	916	10
233	0	1000	932	11
233	0	1000	958	12
233	0	1000	986	13
233	0	1000	977	14
233	0	1000	995	15
233	0	1000	998	16
233	0	1000	997	17
233	0	1000	894	18
233	0	1000	989	19
233	0	1000	979	20
233	0	1000	929	21
233	0	1000	907	22
233	0	1000	783	23
233	0	1000	866	24
233	0	1000	846	25
233	0	1000	941	26
233	0	1000	902	27
233	0	1000	894	28
233	0	1000	998	29
233	0	1000	1000	30
233	0	1000	1000	31
# Event data block #35
# Threshold	DAC	Events	Triggered	CH#
234	0	1000	1000	0
234	0	1000	1000	1
234	0	1000	998	2
234	0	1000	993	3
234	0	1000	991	4
234	0	1000	893	5
234	0	1000	929	6
234	0	1000	836	7
234	0	1000	888	8
234	0	1000	857	9
234	0	1000	915	10
234	0	1000	928	11
234	0	1000	964	12
234	0	1000	992	13
234	0	1000	980	14
234	0	1000	999	15
234	0	1000	1000	16
234	0	1000	1000	17
234	0	1000	890	18
234	0	1000	992	19
234	0	1000	981	20
234	0	1000	932	21
234	0	1000	905	22
234	0	1000	770	23
234	0	1000	849	24
234	0	1000	829	25
234	0	1000	938	26
234	0	1000	897	27
234	0	1000	892	28
234	0	1000	1000	29
234	0	1000	1000	30
234	0	1000	1000	31
# Event data block #36
# Threshold	DAC	Events	Triggered	CH#
235	0	1000	1000	0
235	0	1000	1000	1
235	0	1000	999	2
235	0	1000	993	3
235	0	1000	991	4
235	0	1000	918	5
235	0	1000	947	6
235	0	1000	877	7
235	0	1000	918	8
235	0	1000	892	9
235	0	1000	939	10
235	0	1000	953	11
235	0	1000	978	12
235	0	1000	993	13
235	0	1000	990	14
235	0	1000	999	15
235	0	1000	1000	16
235	0	1000	1000	17
235	0	1000	925	18
235	0	1000	993	19
235	0	1000	986	20
235	0	1000	952	21
235	0	1000	927	22
235	0	1000	816	23
235	0	1000	893	24
235	0	1000	871	25
235	0	1000	964	26
235	0	1000	924	27
235	0	1000	920	28
235	0	1000	1000	29
235	0	1000	1000	30
235	0	1000	1000	31
# Event data block #37
# Threshold	DAC	Events	Triggered	CH#
236	0	1000	1000	0
236	0	1000	1000	1
236	0	1000	998	2
236	0	1000	995	3
236	0	1000	995	4
236	0	1000	918	5
236	0	1000	949	6
236	0	1000	871	7
236	0	1000	915	8
236	0	1000	893	9
236	0	1000	940	10
236	0	1000	954	11
236	0	1000	981	12
236	0	1000	995	13
236	0	1000	993	14
236	0	1000	998	15
236	0	1000	1000	16
236	0	1000	1000	17
236	0	1000	927	18
236	0	1000	995	19
236	0	1000	988	20
236	0	1000	951	21
236	0	1000	924	22
236	0	1000	812	23
236	0	1000	886	24
236	0	1000	873	25
236	0	1000	959	26
236	0	1000	927	27
236	0	1000	927	28
236	0	1000	1000	29
236	0	1000	1000	30
236	0	1000	1000	31
# Event data block #38
# Threshold	DAC	Events	Triggered	CH#
237	0	1000	1000	0
237	0	1000	1000	1
237	0	1000	1000	2
237	0	1000	998	3
237	0	1000	997	4
237	0	1000	949	5
237	0	1000	967	6
237	0	1000	886	7
237	0	1000	937	8
237	0	1000	917	9
237	0	1000	960	10
237	0	1000	976	11
237	0	1000	985	12
237	0	1000	998	13
237	0	1000	997	14
237	0	1000	1000	15
237	0	1000	1000	16
237	0	1000	1000	17
237	0	1000	957	18
237	0	1000	998	19
237	0	1000	992	20
237	0	1000	970	21
237	0	1000	948	22
237	0	1000	836	23
237	0	1000	908	24
237	0	1000	891	25
237	0	1000	975	26
237	0	1000	954	27
237	0	1000	956	28
237	0	1000	1000	29
237	0	1000	1000	30
237	0	1000	1000	31
# Event data block #39
# Threshold	DAC	Events	Triggered	CH#
238	0	1000	1000	0
238	0	1000	1000	1
238	0	1000	1000	2
238	0	1000	999	3
238	0	1000	998	4
238	0	1000	943	5
238	0	1000	960	6
238	0	1000	894	7
238	0	1000	940	8
238	0	1000	918	9
238	0	1000	956	10
238	0	1000	967	11
238	0	1000	982	12
238	0	1000	1000	13
238	0	1000	998	14
238	0	1000	1000	15
238	0	1000	1000	16
238	0	1000	1000	17
238	0	1000	970	18
238	0	1000	998	19
238	0	1000	992	20
238	0	1000	966	21
238	0	1000	948	22
238	0	1000	825	23
238	0	1000	906	24
238	0	1000	895	25
238	0	1000	966	26
238	0	1000	952	27
238	0	1000	957	28
238	0	1000	1000	29
238	0	1000	1000	30
238	0	1000	1000	31
# Event data block #40
# Threshold	DAC	Events	Triggered	CH#
239	0	1000	1000	0
239	0	1000	1000	1
239	0	1000	1000	2
239	0	1000	997	3
239	0	1000	993	4
239	0	1000	936	5
239	0	1000	962	6
239	0	1000	881	7
239	0	1000	922	8
239	0	1000	906	9
239	0	1000	953	10
239	0	1000	970	11
239	0	1000	986	12
239	0	1000	994	13
239	0	1000	994	14
239	0	1000	1000	15
239	0	1000	1000	16
239	0	1000	1000	17
239	0	1000	976	18
239	0	1000	994	19
239	0	1000	991	20
239	0	1000	965	21
239	0	1000	933	22
239	0	1000	828	23
239	0	1000	892	24
239	0	1000	875	25
239	0	1000	971	26
239	0	1000	947	27
239	0	1000	961	28
239	0	1000	1000	29
239	0	1000	1000	30
239	0	1000	1000	31
# Event data block #41
# Threshold	DAC	Events	Triggered	CH#
240	0	1000	1000	0
240	0	1000	1000	1
240	0	1000	1000	2
240	0	1000	999	3
240	0	1000	997	4
240	0	1000	944	5
240	0	1000	964	6
240	0	1000	881	7
240	0	1000	931	8
240	0	1000	915	9
240	0	1000	961	10
240	0	1000	981	11
240	0	1000	994	12
240	0	1000	999	13
240	0	1000	999	14
240	0	1000	1000	15
240	0	1000	1000	16
240	0	1000	1000	17
240	0	1000	990	18
240	0	1000	998	19
240	0	1000	994	20
240	0	1000	970	21
240	0	1000	944	22
240	0	1000	826	23
240	0	1000	899	24
240	0	1000	890	25
240	0	1000	977	26
240	0	1000	959	27
240	0	1000	976	28
240	0	1000	1000	29
240	0	1000	1000	30
240	0	1000	1000	31
# Event data block #42
# Threshold	DAC	Events	Triggered	CH#
241	0	1000	1000	0
241	0	1000	1000	1
241	0	1000	1000	2
241	0	1000	998	3
241	0	1000	996	4
241	0	1000	941	5
241	0	1000	961	6
241	0	1000	886	7
241	0	1000	934	8
241	0	1000	914	9
241	0	1000	957	10
241	0	1000	976	11
241	0	1000	989	12
241	0	1000	998	13
241	0	1000	1000	14
241	0	1000	1000	15
241	0	1000	1000	16
241	0	1000	1000	17
241	0	1000	1000	18
241	0	1000	997	19
241	0	1000	989	20
241	0	1000	970	21
241	0	1000	942	22
241	0	1000	838	23
241	0	1000	895	24
241	0	1000	884	25
241	0	1000	973	26
241	0	1000	960	27
241	0	1000	974	28
241	0	1000	1000	29
241	0	1000	1000	30
241	0	1000	1000	31
# Event data block #43
# Threshold	DAC	Events	Triggered	CH#
242	0	1000	1000	0
242	0	1000	1000	1
242	0	1000	1000	2
242	0	1000	1000	3
242	0	1000	998	4
242	0	1000	963	5
242	0	1000	977	6
242	0	1000	900	7
242	0	1000	946	8
242	0	1000	971	9
242	0	1000	974	10
242	0	1000	987	11
242	0	1000	992	12
242	0	1000	1000	13
242	0	1000	1000	14
242	0	1000	1000	15
242	0	1000	1000	16
242	0	1000	1000	17
242	0	1000	1000	18
242	0	1000	999	19
242	0	1000	995	20
242	0	1000	980	21
242	0	1000	961	22
242	0	1000	863	23
242	0	1000	915	24
242	0	1000	906	25
242	0	1000	986	26
242	0	1000	980	27
242	0	1000	986	28
242	0	1000	1000	29
242	0	1000	1000	30
242	0	1000	1000	31
# Event data block #44
# Threshold	DAC	Events	Triggered	CH#
243	0	1000	1000	0
243	0	1000	1000	1
243	0	1000	1000	2
243	0	1000	1000	3
243	0	1000	997	4
243	0	1000	961	5
243	0	1000	977	6
243	0	1000	914	7
243	0	1000	948	8
243	0	1000	1000	9
243	0	1000	976	10
243	0	1000	988	11
243	0	1000	993	12
243	0	1000	1000	13
243	0	1000	1000	14
243	0	1000	1000	15
243	0	1000	1000	16
243	0	1000	1000	17
243	0	1000	1000	18
243	0	1000	1000	19
243	0	1000	995	20
243	0	1000	980	21
243	0	1000	959	22
243	0	1000	865	23
243	0	1000	915	24
243	0	1000	913	25
243	0	1000	985	26
243	0	1000	980	27
243	0	1000	990	28
243	0	1000	1000	29
243	0	1000	1000	30
243	0	1000	1000	31
# Event data block #45
# Threshold	DAC	Events	Triggered	CH#
244	0	1000	1000	0
244	0	1000	1000	1
244	0	1000	1000	2
244	0	1000	1000	3
244	0	1000	1000	4
244	0	1000	977	5
244	0	1000	985	6
244	0	1000	921	7
244	0	1000	958	8
244	0	1000	1000	9
244	0	1000	983	10
244	0	1000	996	11
244	0	1000	999	12
244	0	1000	1000	13
244	0	1000	1000	14
244	0	1000	1000	15
244	0	1000	1000	16
244	0	1000	1000	17
244	0	1000	1000	18
244	0	1000	1000	19
244	0	1000	1000	20
244	0	1000	987	21
244	0	1000	967	22
244	0	1000	870	23
244	0	1000	938	24
244	0	1000	999	25
244	0	1000	991	26
244	0	1000	988	27
244	0	1000	1000	28
244	0	1000	1000	29
244	0	1000	1000	30
244	0	1000	1000	31
# Event data block #46
# Threshold	DAC	Events	Triggered	CH#
245	0	1000	1000	0
245	0	1000	1000	1
245	0	1000	1000	2
245	0	1000	1000	3
245	0	1000	1000	4
245	0	1000	978	5
245	0	1000	986	6
245	0	1000	928	7
245	0	1000	962	8
245	0	1000	1000	9
245	0	1000	987	10
245	0	1000	996	11
245	0	1000	998	12
245	0	1000	1000	13
245	0	1000	1000	14
245	0	1000	1000	15
245	0	1000	1000	16
245	0	1000	1000	17
245	0	1000	1000	18
245	0	1000	1000	19
245	0	1000	998	20
245	0	1000	989	21
245	0	1000	973	22
245	0	1000	901	23
245	0	1000	945	24
245	0	1000	1000	25
245	0	1000	994	26
245	0	1000	992	27
245	0	1000	1000	28
245	0	1000	1000	29
245	0	1000	1000	30
245	0	1000	1000	31
# Event data block #47
# Threshold	DAC	Events	Triggered	CH#
246	0	1000	1000	0
246	0	1000	1000	1
246	0	1000	1000	2
246	0	1000	1000	3
246	0	1000	1000	4
246	0	1000	988	5
246	0	1000	991	6
246	0	1000	925	7
246	0	1000	969	8
246	0	1000	1000	9
246	0	1000	991	10
246	0	1000	996	11
246	0	1000	999	12
246	0	1000	1000	13
246	0	1000	1000	14
246	0	1000	1000	15
246	0	1000	1000	16
246	0	1000	1000	17
246	0	1000	1000	18
246	0	1000	1000	19
246	0	1000	998	20
246	0	1000	993	21
246	0	1000	982	22
246	0	1000	994	23
246	0	1000	1000	24
246	0	1000	1000	25
246	0	1000	995	26
246	0	1000	993	27
246	0	1000	1000	28
246	0	1000	1000	29
246	0	1000	1000	30
246	0	1000	1000	31
# Event data block #48
# Threshold	DAC	Events	Triggered	CH#
247	0	1000	1000	0
247	0	1000	1000	1
247	0	1000	1000	2
247	0	1000	1000	3
247	0	1000	998	4
247	0	1000	983	5
247	0	1000	990	6
247	0	1000	924	7
247	0	1000	964	8
247	0	1000	1000	9
247	0	1000	989	10
247	0	1000	996	11
247	0	1000	997	12
247	0	1000	1000	13
247	0	1000	1000	14
247	0	1000	1000	15
247	0	1000	1000	16
247	0	1000	1000	17
247	0	1000	1000	18
247	0	1000	1000	19
247	0	1000	995	20
247	0	1000	988	21
247	0	1000	979	22
247	0	1000	1000	23
247	0	1000	1000	24
247	0	1000	1000	25
247	0	1000	991	26
247	0	1000	1000	27
247	0	1000	1000	28
247	0	1000	1000	29
247	0	1000	1000	30
247	0	1000	1000	31
# Event data block #49
# Threshold	DAC	Events	Triggered	CH#
248	0	1000	1000	0
248	0	1000	1000	1
248	0	1000	1000	2
248	0	1000	1000	3
248	0	1000	1000	4
248	0	1000	988	5
248	0	1000	996	6
248	0	1000	926	7
248	0	1000	982	8
248	0	1000	1000	9
248	0	1000	993	10
248	0	1000	1000	11
248	0	1000	999	12
248	0	1000	1000	13
248	0	1000	1000	14
248	0	1000	1000	15
248	0	1000	1000	16
248	0	1000	1000	17
248	0	1000	1000	18
248	0	1000	1000	19
248	0	1000	1000	20
248	0	1000	991	21
248	0	1000	990	22
248	0	1000	1000	23
248	0	1000	1000	24
248	0	1000	1000	25
248	0	1000	996	26
248	0	1000	1000	27
248	0	1000	1000	28
248	0	1000	1000	29
248	0	1000	1000	30
248	0	1000	1000	31
# Event data block #50
# Threshold	DAC	Events	Triggered	CH#
249	0	1000	1000	0
249	0	1000	1000	1
249	0	1000	1000	2
249	0	1000	1000	3
249	0	1000	1000	4
249	0	1000	993	5
249	0	1000	1000	6
249	0	1000	938	7
249	0	1000	986	8
249	0	1000	1000	9
249	0	1000	997	10
249	0	1000	1000	11
249	0	1000	1000	12
249	0	1000	1000	13
249	0	1000	1000	14
249	0	1000	1000	15
249	0	1000	1000	16
249	0	1000	1000	17
249	0	1000	1000	18
249	0	1000	1000	19
249	0	1000	1000	20
249	0	1000	997	21
249	0	1000	1000	22
249	0	1000	1000	23
249	0	1000	1000	24
249	0	1000	1000	25
249	0	1000	999	26
249	0	1000	1000	27
249	0	1000	1000	28
249	0	1000	1000	29
249	0	1000	1000	30
249	0	1000	1000	31
# Event data block #51
# Threshold	DAC	Events	Triggered	CH#
250	0	1000	1000	0
250	0	1000	1000	1
250	0	1000	1000	2
250	0	1000	1000	3
250	0	1000	1000	4
250	0	1000	990	5
250	0	1000	1000	6
250	0	1000	943	7
250	0	1000	1000	8
250	0	1000	1000	9
250	0	1000	998	10
250	0	1000	1000	11
250	0	1000	1000	12
250	0	1000	1000	13
250	0	1000	1000	14
250	0	1000	1000	15
250	0	1000	1000	16
250	0	1000	1000	17
250	0	1000	1000	18
250	0	1000	1000	19
250	0	1000	999	20
250	0	1000	995	21
250	0	1000	1000	22
250	0	1000	1000	23
250	0	1000	1000	24
250	0	1000	1000	25
250	0	1000	997	26
250	0	1000	1000	27
250	0	1000	1000	28
250	0	1000	1000	29
250	0	1000	1000	30
250	0	1000	1000	31
# Event data block #52
# Threshold	DAC	Events	Triggered	CH#
251	0	1000	1000	0
251	0	1000	1000	1
251	0	1000	1000	2
251	0	1000	1000	3
251	0	1000	1000	4
251	0	1000	998	5
251	0	1000	1000	6
251	0	1000	947	7
251	0	1000	1000	8
251	0	1000	1000	9
251	0	1000	1000	10
251	0	1000	1000	11
251	0	1000	1000	12
251	0	1000	1000	13
251	0	1000	1000	14
251	0	1000	1000	15
251	0	1000	1000	16
251	0	1000	1000	17
251	0	1000	1000	18
251	0	1000	1000	19
251	0	1000	999	20
251	0	1000	998	21
251	0	1000	1000	22
251	0	1000	1000	23
251	0	1000	1000	24
251	0	1000	1000	25
251	0	1000	999	26
251	0	1000	1000	27
251	0	1000	1000	28
251	0	1000	1000	29
251	0	1000	1000	30
251	0	1000	1000	31
# Event data block #53
# Threshold	DAC	Events	Triggered	CH#
252	0	1000	1000	0
252	0	1000	1000	1
252	0	1000	1000	2
252	0	1000	1000	3
252	0	1000	1000	4
252	0	1000	1000	5
252	0	1000	1000	6
252	0	1000	960	7
252	0	1000	1000	8
252	0	1000	1000	9
252	0	1000	1000	10
252	0	1000	1000	11
252	0	1000	1000	12
252	0	1000	1000	13
252	0	1000	1000	14
252	0	1000	1000	15
252	0	1000	1000	16
252	0	1000	1000	17
252	0	1000	1000	18
252	0	1000	1000	19
252	0	1000	1000	20
252	0	1000	1000	21
252	0	1000	1000	22
252	0	1000	1000	23
252	0	1000	1000	24
252	0	1000	1000	25
252	0	1000	1000	26
252	0	1000	1000	27
252	0	1000	1000	28
252	0	1000	1000	29
252	0	1000	1000	30
252	0	1000	1000	31
# Event data block #54
# Threshold	DAC	Events	Triggered	CH#
253	0	1000	1000	0
253	0	1000	1000	1
253	0	1000	1000	2
253	0	1000	1000	3
253	0	1000	1000	4
253	0	1000	1000	5
253	0	1000	1000	6
253	0	1000	976	7
253	0	1000	1000	8
253	0	1000	1000	9
253	0	1000	1000	10
253	0	1000	1000	11
253	0	1000	1000	12
253	0	1000	1000	13
253	0	1000	1000	14
253	0	1000	1000	15
253	0	1000	1000	16
253	0	1000	1000	17
253	0	1000	1000	18
253	0	1000	1000	19
253	0	1000	999	20
253	0	1000	997	21
253	0	1000	1000	22
253	0	1000	1000	23
253	0	1000	1000	24
253	0	1000	1000	25
253	0	1000	1000	26
253	0	1000	1000	27
253	0	1000	1000	28
253	0	1000	1000	29
253	0	1000	1000	30
253	0	1000	1000	31
# Event data block #55
# Threshold	DAC	Events	Triggered	CH#
254	0	1000	1000	0
254	0	1000	1000	1
254	0	1000	1000	2
254	0	1000	1000	3
254	0	1000	1000	4
254	0	1000	1000	5
254	0	1000	1000	6
254	0	1000	1000	7
254	0	1000	1000	8
254	0	1000	1000	9
254	0	1000	1000	10
254	0	1000	1000	11
254	0	1000	1000	12
254	0	1000	1000	13
254	0	1000	1000	14
254	0	1000	1000	15
254	0	1000	1000	16
254	0	1000	1000	17
254	0	1000	1000	18
254	0	1000	1000	19
254	0	1000	1000	20
254	0	1000	1000	21
254	0	1000	1000	22
254	0	1000	1000	23
254	0	1000	1000	24
254	0	1000	1000	25
254	0	1000	1000	26
254	0	1000	1000	27
254	0	1000	1000	28
254	0	1000	1000	29
254	0	1000	1000	30
254	0	1000	1000	31
# Event data block #56
# Threshold	DAC	Events	Triggered	CH#
255	0	1000	1000	0
255	0	1000	1000	1
255	0	1000	1000	2
255	0	1000	1000	3
255	0	1000	1000	4
255	0	1000	1000	5
255	0	1000	1000	6
255	0	1000	1000	7
255	0	1000	1000	8
255	0	1000	1000	9
255	0	1000	1000	10
255	0	1000	1000	11
255	0	1000	1000	12
255	0	1000	1000	13
255	0	1000	1000	14
255	0	1000	1000	15
255	0	1000	1000	16
255	0	1000	1000	17
255	0	1000	1000	18
255	0	1000	1000	19
255	0	1000	1000	20
255	0	1000	998	21
255	0	1000	1000	22
255	0	1000	1000	23
255	0	1000	1000	24
255	0	1000	1000	25
255	0	1000	1000	26
255	0	1000	1000	27
255	0	1000	1000	28
255	0	1000	1000	29
255	0	1000	1000	30
255	0	1000	1000	31
