INDEX
ENC_l_m: ENC obtained with pedestal rms and linear gain fit with mean values
ENC_l_mwo: ENC obtained with pedestal rms and linear gain fit with mean values without outliers
ENC_3_m: ENC obtained with pedestal rms and cubic gain fit with mean values
ENC_3_mwo: ENC obtained with pedestal rms and cubic gain fit with mean values without outliers
-----------------------------------------------------------------
ch	pt	ENC_l_m	ENC_l_mwo	ENC_3_m	ENC_3_mwo
 0	 0	3.950	3.299	3.426	2.863
 0	 1	8.372	5.644	7.761	5.337
 0	 2	12.963	7.597	11.770	6.672
 0	 3	16.462	10.265	15.045	9.505
 0	 4	4.587	3.616	4.172	3.255
 0	 5	5.986	4.054	5.636	3.803
 0	 6	4.496	3.906	4.381	3.653
 0	 7	3.624	3.385	3.500	3.225
 1	 0	4.876	3.735	4.030	3.078
 1	 1	9.702	6.055	8.426	5.295
 1	 2	14.947	8.468	13.338	7.169
 1	 3	19.559	11.700	17.705	10.447
 1	 4	5.812	3.733	5.268	3.397
 1	 5	7.922	4.285	7.213	3.974
 1	 6	5.671	3.680	5.553	3.372
 1	 7	4.598	3.718	4.436	3.415
 2	 0	5.140	3.795	4.383	3.244
 2	 1	11.943	7.338	10.457	6.507
 2	 2	16.839	9.471	15.314	8.251
 2	 3	21.568	12.833	19.115	11.344
 2	 4	6.348	4.100	5.593	3.700
 2	 5	8.055	4.446	7.163	3.986
 2	 6	5.925	4.418	5.667	3.911
 2	 7	4.708	3.964	4.363	3.494
 3	 0	7.175	4.234	5.934	3.434
 3	 1	17.116	9.456	14.524	8.024
 3	 2	24.711	12.262	21.568	10.200
 3	 3	31.942	17.514	28.128	15.416
 3	 4	9.632	4.534	8.220	3.902
 3	 5	13.485	4.907	11.837	4.357
 3	 6	9.238	4.764	8.924	4.135
 3	 7	7.202	4.224	6.843	3.728
 4	 0	4.536	3.749	3.976	3.122
 4	 1	13.463	7.626	11.175	6.533
 4	 2	12.865	9.245	11.181	7.072
 4	 3	13.565	9.020	12.173	7.772
 4	 4	6.965	4.491	5.886	3.842
 4	 5	7.469	5.017	6.309	4.355
 4	 6	6.154	5.340	6.068	4.242
 4	 7	4.977	4.922	4.659	4.061
 5	 0	5.298	3.630	4.626	2.986
 5	 1	16.569	8.740	13.886	7.778
 5	 2	17.285	10.210	15.282	8.169
 5	 3	18.330	10.506	17.002	9.049
 5	 4	8.475	4.541	7.329	4.179
 5	 5	9.446	4.881	8.073	4.281
 5	 6	6.642	4.860	7.120	4.277
 5	 7	5.084	4.693	5.008	3.794
 6	 0	8.791	4.043	7.929	3.357
 6	 1	16.876	8.207	13.698	7.273
 6	 2	16.697	9.926	14.959	7.759
 6	 3	18.652	9.852	18.355	8.762
 6	 4	14.141	4.431	12.668	3.961
 6	 5	15.068	4.481	12.712	4.138
 6	 6	11.147	4.778	12.224	4.185
 6	 7	8.392	4.768	8.485	3.883
 7	 0	12.097	4.658	11.471	3.932
 7	 1	27.460	9.417	21.885	8.493
 7	 2	26.081	13.403	22.542	9.016
 7	 3	28.089	12.490	27.853	11.082
 7	 4	28.948	6.315	25.824	5.645
 7	 5	28.910	7.395	22.509	6.869
 7	 6	19.990	6.605	21.196	5.590
 7	 7	16.031	7.291	16.013	5.541
 8	 0	14.528	5.289	13.540	4.337
 8	 1	37.344	9.191	29.707	8.119
 8	 2	43.766	11.028	35.571	8.298
 8	 3	44.427	12.250	42.689	10.977
 8	 4	38.903	8.268	38.918	7.726
 8	 5	39.074	9.236	30.528	8.211
 8	 6	26.452	7.932	27.704	6.944
 8	 7	21.452	8.449	22.498	6.727
 9	 0	7.319	5.267	6.463	4.327
 9	 1	19.186	11.004	15.550	9.400
 9	 2	19.953	13.035	17.261	9.866
 9	 3	19.606	12.465	18.232	10.716
 9	 4	10.418	5.767	9.181	5.320
 9	 5	13.869	6.587	11.653	5.880
 9	 6	9.477	6.658	10.388	5.652
 9	 7	7.646	6.745	7.864	5.411
10	 0	6.735	4.961	6.110	4.240
10	 1	12.833	8.251	10.611	7.371
10	 2	14.594	9.177	13.015	7.288
10	 3	16.589	9.056	15.758	8.190
10	 4	11.046	5.572	9.914	5.075
10	 5	12.197	5.880	10.574	5.509
10	 6	9.108	6.079	9.673	5.346
10	 7	6.875	6.036	6.953	5.120
11	 0	5.413	4.511	4.847	3.863
11	 1	12.162	7.828	10.079	6.855
11	 2	12.310	8.379	10.932	6.666
11	 3	13.703	8.488	12.886	7.512
11	 4	8.022	4.644	7.224	4.375
11	 5	9.522	5.574	8.328	5.126
11	 6	7.225	5.066	7.473	4.443
11	 7	5.561	5.261	5.498	4.467
12	 0	4.529	3.788	3.898	3.111
12	 1	11.969	7.100	9.897	5.985
12	 2	11.499	8.853	9.857	6.702
12	 3	12.242	9.254	10.908	7.655
12	 4	6.546	5.011	5.648	4.386
12	 5	7.469	5.869	6.430	5.115
12	 6	6.105	5.787	6.155	4.851
12	 7	5.322	5.647	5.163	4.833
13	 0	5.755	3.857	4.809	3.203
13	 1	14.140	8.950	12.179	7.754
13	 2	18.524	11.661	15.891	9.287
13	 3	21.124	13.465	19.468	12.414
13	 4	7.874	5.806	6.868	5.144
13	 5	8.726	6.177	8.107	5.741
13	 6	7.643	6.265	7.137	5.243
13	 7	7.007	5.865	6.562	5.061
14	 0	5.409	3.767	4.586	3.118
14	 1	12.089	7.454	10.553	6.570
14	 2	17.346	9.689	15.236	8.134
14	 3	21.565	13.460	19.493	12.014
14	 4	7.110	5.170	6.463	4.829
14	 5	10.237	6.153	9.336	5.604
14	 6	7.100	5.647	7.026	5.215
14	 7	6.766	6.009	6.627	5.543
15	 0	5.280	3.804	4.402	3.115
15	 1	11.241	7.475	9.825	6.624
15	 2	16.770	9.758	14.906	8.275
15	 3	20.445	12.149	18.600	10.949
15	 4	6.915	5.127	6.271	4.725
15	 5	9.897	5.900	9.045	5.442
15	 6	7.415	6.417	7.223	5.768
15	 7	6.820	6.337	6.658	5.849
16	 0	6.707	4.563	5.476	3.657
16	 1	12.870	7.712	10.809	6.392
16	 2	19.415	9.797	16.931	8.082
16	 3	24.733	13.256	21.635	11.497
16	 4	7.806	4.629	6.707	3.971
16	 5	10.558	4.999	9.301	4.442
16	 6	7.273	4.844	6.973	4.316
16	 7	6.329	4.780	5.920	4.300
17	 0	7.052	4.175	6.016	3.532
17	 1	15.938	8.436	13.792	7.322
17	 2	24.049	11.716	21.753	9.934
17	 3	32.179	15.754	28.897	14.127
17	 4	9.713	5.003	8.541	4.481
17	 5	14.425	5.685	12.949	5.192
17	 6	9.911	5.332	9.570	4.766
17	 7	8.900	5.355	8.353	4.805
18	 0	7.532	3.942	6.380	3.289
18	 1	17.615	8.343	15.438	7.376
18	 2	24.061	11.889	21.604	9.787
18	 3	30.113	14.624	27.588	13.439
18	 4	10.693	4.957	9.332	4.547
18	 5	14.309	5.494	12.787	5.035
18	 6	10.208	5.140	10.351	4.783
18	 7	8.050	4.866	7.670	4.344
19	 0	9.526	4.398	8.096	3.685
19	 1	20.901	8.475	17.794	7.226
19	 2	23.672	12.279	20.605	9.364
19	 3	28.707	14.331	25.714	12.341
19	 4	13.903	5.200	11.706	4.595
19	 5	15.607	5.350	13.403	4.684
19	 6	12.504	5.658	12.530	4.829
19	 7	9.880	5.001	9.468	4.307
20	 0	6.198	4.073	5.455	3.353
20	 1	18.434	5.042	15.818	4.515
20	 2	18.956	5.900	17.054	4.536
20	 3	23.131	5.882	21.934	5.330
20	 4	7.646	4.067	6.680	3.784
20	 5	10.002	4.383	8.851	4.037
20	 6	6.977	4.482	7.342	3.934
20	 7	4.880	4.624	4.881	3.959
21	 0	5.910	3.652	5.223	3.124
21	 1	13.412	5.814	11.559	5.193
21	 2	18.263	7.370	16.508	5.694
21	 3	19.054	7.425	18.175	7.031
21	 4	10.938	4.520	9.675	4.193
21	 5	13.066	5.150	11.011	4.325
21	 6	9.853	5.448	10.742	4.745
21	 7	7.661	5.222	7.682	4.344
22	 0	9.785	4.662	8.533	3.867
22	 1	20.696	8.867	18.086	7.984
22	 2	22.273	12.290	20.322	9.220
22	 3	25.087	10.809	24.133	10.165
22	 4	23.221	6.819	20.809	6.422
22	 5	24.016	8.630	21.143	7.768
22	 6	19.739	7.988	22.779	7.126
22	 7	16.379	8.215	16.664	6.871
23	 0	17.896	5.930	17.106	5.052
23	 1	58.473	15.677	45.126	14.445
23	 2	56.015	29.668	48.296	19.044
23	 3	56.649	30.137	59.325	24.605
23	 4	  NaN	9.344	27.391	7.946
23	 5	38.861	11.958	28.843	10.516
23	 6	21.216	8.819	22.664	7.107
23	 7	16.072	9.235	16.220	7.126
24	 0	21.747	7.462	20.371	6.229
24	 1	91.466	25.688	74.192	21.316
24	 2	112.630	36.746	89.925	26.489
24	 3	94.935	43.508	94.743	39.217
24	 4	56.588	13.100	55.322	12.727
24	 5	61.247	15.678	45.713	14.590
24	 6	38.079	13.020	39.062	11.218
24	 7	29.248	11.647	30.598	9.466
25	 0	11.349	4.532	10.212	3.748
25	 1	42.628	12.361	34.111	10.694
25	 2	42.749	16.947	38.027	12.566
25	 3	48.654	18.455	48.542	15.419
25	 4	17.364	5.259	14.455	4.643
25	 5	20.640	5.695	16.979	5.333
25	 6	13.194	5.526	14.448	4.624
25	 7	9.110	5.238	9.240	4.398
26	 0	9.013	4.380	7.644	3.616
26	 1	16.697	7.055	14.725	6.369
26	 2	20.823	10.444	18.525	8.237
26	 3	23.929	10.588	22.471	9.422
26	 4	17.824	6.184	15.581	5.557
26	 5	20.108	7.114	17.749	6.082
26	 6	16.575	6.232	17.619	5.475
26	 7	13.255	7.007	12.973	5.689
27	 0	6.995	3.687	5.859	2.976
27	 1	13.402	5.622	11.467	4.859
27	 2	15.303	7.669	13.512	6.080
27	 3	17.109	7.111	15.738	6.556
27	 4	11.184	4.850	9.674	4.318
27	 5	11.471	4.994	10.087	4.585
27	 6	9.163	4.542	9.454	4.025
27	 7	7.223	4.769	7.069	4.225
28	 0	4.259	3.667	3.578	2.939
28	 1	12.578	6.135	10.721	5.377
28	 2	14.207	6.760	12.352	5.459
28	 3	17.945	6.889	16.029	5.983
28	 4	6.197	4.232	5.330	3.684
28	 5	7.525	4.692	6.620	4.131
28	 6	6.940	5.314	6.790	4.546
28	 7	5.776	5.334	5.378	4.511
29	 0	4.436	3.545	3.783	2.991
29	 1	11.891	6.899	10.192	5.957
29	 2	13.924	8.931	12.204	7.461
29	 3	15.898	10.237	14.035	8.906
29	 4	5.885	4.144	5.016	3.619
29	 5	6.956	4.633	6.033	4.059
29	 6	5.709	4.900	5.324	4.187
29	 7	5.017	4.477	4.570	3.936
30	 0	5.470	4.025	4.542	3.309
30	 1	11.570	6.066	9.894	5.196
30	 2	17.898	8.979	15.189	7.241
30	 3	22.876	10.974	19.726	9.465
30	 4	6.275	4.102	5.423	3.500
30	 5	8.958	4.847	7.738	4.121
30	 6	6.393	4.501	5.958	3.942
30	 7	5.308	4.108	4.882	3.613
31	 0	5.680	3.886	4.675	3.148
31	 1	11.400	6.308	9.679	5.421
31	 2	18.044	9.113	15.690	7.596
31	 3	23.258	12.047	20.556	10.530
31	 4	6.982	4.640	6.170	4.141
31	 5	9.722	5.158	8.593	4.550
31	 6	6.934	4.614	6.677	4.174
31	 7	6.050	4.710	5.717	4.334
