# ASIC configuration for the measurements:
# ------------------------------------------------------------------------------
# Mode = 000 
# Bias = 0101 
# CSArefs = 1011 
# Shaper = 100 
# Leakage mask = 00000000000000000000000000000000 
# Discr. enable mask = 11111111111111111111111111111111 
# Calibration mask = 00000000000000000000000000000000 
# Threshold = 255 
# FineTHR[0] = 110 
# FineTHR[1] = 110 
# FineTHR[2] = 110 
# FineTHR[3] = 110 
# FineTHR[4] = 110 
# FineTHR[5] = 110 
# FineTHR[6] = 110 
# FineTHR[7] = 110 
# FineTHR[8] = 110 
# FineTHR[9] = 110 
# FineTHR[10] = 110 
# FineTHR[11] = 110 
# FineTHR[12] = 110 
# FineTHR[13] = 110 
# FineTHR[14] = 110 
# FineTHR[15] = 110 
# FineTHR[16] = 110 
# FineTHR[17] = 110 
# FineTHR[18] = 110 
# FineTHR[19] = 110 
# FineTHR[20] = 110 
# FineTHR[21] = 110 
# FineTHR[22] = 110 
# FineTHR[23] = 110 
# FineTHR[24] = 110 
# FineTHR[25] = 110 
# FineTHR[26] = 110 
# FineTHR[27] = 110 
# FineTHR[28] = 110 
# FineTHR[29] = 110 
# FineTHR[30] = 110 
# FineTHR[31] = 110 
# ------------------------------------------------------------------------------
# Event data block #1
# Threshold	DAC	Events	Triggered	CH#
200	0	1000	0	0
200	0	1000	0	1
200	0	1000	0	2
200	0	1000	4	3
200	0	1000	13	4
200	0	1000	72	5
200	0	1000	27	6
200	0	1000	117	7
200	0	1000	103	8
200	0	1000	74	9
200	0	1000	13	10
200	0	1000	30	11
200	0	1000	9	12
200	0	1000	10	13
200	0	1000	0	14
200	0	1000	0	15
200	0	1000	0	16
200	0	1000	0	17
200	0	1000	82	18
200	0	1000	44	19
200	0	1000	41	20
200	0	1000	87	21
200	0	1000	54	22
200	0	1000	105	23
200	0	1000	65	24
200	0	1000	71	25
200	0	1000	128	26
200	0	1000	20	27
200	0	1000	5	28
200	0	1000	17	29
200	0	1000	139	30
200	0	1000	14	31
# Event data block #2
# Threshold	DAC	Events	Triggered	CH#
201	0	1000	0	0
201	0	1000	0	1
201	0	1000	0	2
201	0	1000	3	3
201	0	1000	19	4
201	0	1000	70	5
201	0	1000	30	6
201	0	1000	133	7
201	0	1000	124	8
201	0	1000	70	9
201	0	1000	18	10
201	0	1000	34	11
201	0	1000	16	12
201	0	1000	16	13
201	0	1000	0	14
201	0	1000	0	15
201	0	1000	0	16
201	0	1000	0	17
201	0	1000	96	18
201	0	1000	46	19
201	0	1000	41	20
201	0	1000	95	21
201	0	1000	58	22
201	0	1000	114	23
201	0	1000	68	24
201	0	1000	66	25
201	0	1000	160	26
201	0	1000	22	27
201	0	1000	8	28
201	0	1000	27	29
201	0	1000	328	30
201	0	1000	28	31
# Event data block #3
# Threshold	DAC	Events	Triggered	CH#
202	0	1000	0	0
202	0	1000	1	1
202	0	1000	0	2
202	0	1000	4	3
202	0	1000	29	4
202	0	1000	93	5
202	0	1000	43	6
202	0	1000	145	7
202	0	1000	134	8
202	0	1000	91	9
202	0	1000	35	10
202	0	1000	53	11
202	0	1000	24	12
202	0	1000	27	13
202	0	1000	0	14
202	0	1000	0	15
202	0	1000	0	16
202	0	1000	0	17
202	0	1000	114	18
202	0	1000	66	19
202	0	1000	57	20
202	0	1000	108	21
202	0	1000	72	22
202	0	1000	118	23
202	0	1000	84	24
202	0	1000	87	25
202	0	1000	180	26
202	0	1000	40	27
202	0	1000	12	28
202	0	1000	56	29
202	0	1000	747	30
202	0	1000	54	31
# Event data block #4
# Threshold	DAC	Events	Triggered	CH#
203	0	1000	1	0
203	0	1000	2	1
203	0	1000	1	2
203	0	1000	8	3
203	0	1000	29	4
203	0	1000	93	5
203	0	1000	43	6
203	0	1000	141	7
203	0	1000	129	8
203	0	1000	90	9
203	0	1000	29	10
203	0	1000	56	11
203	0	1000	25	12
203	0	1000	30	13
203	0	1000	0	14
203	0	1000	0	15
203	0	1000	0	16
203	0	1000	0	17
203	0	1000	130	18
203	0	1000	70	19
203	0	1000	63	20
203	0	1000	115	21
203	0	1000	68	22
203	0	1000	118	23
203	0	1000	81	24
203	0	1000	85	25
203	0	1000	213	26
203	0	1000	37	27
203	0	1000	13	28
203	0	1000	70	29
203	0	1000	866	30
203	0	1000	72	31
# Event data block #5
# Threshold	DAC	Events	Triggered	CH#
204	0	1000	0	0
204	0	1000	4	1
204	0	1000	0	2
204	0	1000	10	3
204	0	1000	35	4
204	0	1000	86	5
204	0	1000	44	6
204	0	1000	138	7
204	0	1000	128	8
204	0	1000	78	9
204	0	1000	36	10
204	0	1000	53	11
204	0	1000	31	12
204	0	1000	39	13
204	0	1000	0	14
204	0	1000	0	15
204	0	1000	0	16
204	0	1000	0	17
204	0	1000	139	18
204	0	1000	58	19
204	0	1000	56	20
204	0	1000	108	21
204	0	1000	60	22
204	0	1000	108	23
204	0	1000	69	24
204	0	1000	71	25
204	0	1000	252	26
204	0	1000	39	27
204	0	1000	20	28
204	0	1000	66	29
204	0	1000	907	30
204	0	1000	80	31
# Event data block #6
# Threshold	DAC	Events	Triggered	CH#
205	0	1000	0	0
205	0	1000	9	1
205	0	1000	1	2
205	0	1000	14	3
205	0	1000	32	4
205	0	1000	84	5
205	0	1000	41	6
205	0	1000	132	7
205	0	1000	117	8
205	0	1000	73	9
205	0	1000	30	10
205	0	1000	56	11
205	0	1000	28	12
205	0	1000	39	13
205	0	1000	0	14
205	0	1000	0	15
205	0	1000	0	16
205	0	1000	0	17
205	0	1000	199	18
205	0	1000	65	19
205	0	1000	57	20
205	0	1000	107	21
205	0	1000	62	22
205	0	1000	97	23
205	0	1000	67	24
205	0	1000	68	25
205	0	1000	397	26
205	0	1000	41	27
205	0	1000	22	28
205	0	1000	80	29
205	0	1000	943	30
205	0	1000	106	31
# Event data block #7
# Threshold	DAC	Events	Triggered	CH#
206	0	1000	4	0
206	0	1000	23	1
206	0	1000	5	2
206	0	1000	27	3
206	0	1000	50	4
206	0	1000	126	5
206	0	1000	60	6
206	0	1000	182	7
206	0	1000	170	8
206	0	1000	114	9
206	0	1000	50	10
206	0	1000	68	11
206	0	1000	50	12
206	0	1000	65	13
206	0	1000	2	14
206	0	1000	0	15
206	0	1000	0	16
206	0	1000	1	17
206	0	1000	392	18
206	0	1000	91	19
206	0	1000	71	20
206	0	1000	147	21
206	0	1000	84	22
206	0	1000	134	23
206	0	1000	99	24
206	0	1000	105	25
206	0	1000	560	26
206	0	1000	54	27
206	0	1000	41	28
206	0	1000	136	29
206	0	1000	949	30
206	0	1000	240	31
# Event data block #8
# Threshold	DAC	Events	Triggered	CH#
207	0	1000	3	0
207	0	1000	30	1
207	0	1000	6	2
207	0	1000	25	3
207	0	1000	65	4
207	0	1000	139	5
207	0	1000	70	6
207	0	1000	205	7
207	0	1000	190	8
207	0	1000	128	9
207	0	1000	60	10
207	0	1000	99	11
207	0	1000	65	12
207	0	1000	91	13
207	0	1000	1	14
207	0	1000	0	15
207	0	1000	0	16
207	0	1000	0	17
207	0	1000	626	18
207	0	1000	115	19
207	0	1000	104	20
207	0	1000	177	21
207	0	1000	105	22
207	0	1000	144	23
207	0	1000	110	24
207	0	1000	122	25
207	0	1000	644	26
207	0	1000	79	27
207	0	1000	52	28
207	0	1000	180	29
207	0	1000	958	30
207	0	1000	640	31
# Event data block #9
# Threshold	DAC	Events	Triggered	CH#
208	0	1000	13	0
208	0	1000	53	1
208	0	1000	18	2
208	0	1000	40	3
208	0	1000	67	4
208	0	1000	150	5
208	0	1000	64	6
208	0	1000	246	7
208	0	1000	230	8
208	0	1000	132	9
208	0	1000	62	10
208	0	1000	96	11
208	0	1000	64	12
208	0	1000	95	13
208	0	1000	5	14
208	0	1000	0	15
208	0	1000	3	16
208	0	1000	1	17
208	0	1000	745	18
208	0	1000	123	19
208	0	1000	103	20
208	0	1000	227	21
208	0	1000	100	22
208	0	1000	160	23
208	0	1000	110	24
208	0	1000	123	25
208	0	1000	719	26
208	0	1000	74	27
208	0	1000	60	28
208	0	1000	404	29
208	0	1000	976	30
208	0	1000	834	31
# Event data block #10
# Threshold	DAC	Events	Triggered	CH#
209	0	1000	12	0
209	0	1000	63	1
209	0	1000	15	2
209	0	1000	38	3
209	0	1000	63	4
209	0	1000	161	5
209	0	1000	64	6
209	0	1000	281	7
209	0	1000	270	8
209	0	1000	135	9
209	0	1000	59	10
209	0	1000	90	11
209	0	1000	58	12
209	0	1000	92	13
209	0	1000	3	14
209	0	1000	3	15
209	0	1000	3	16
209	0	1000	2	17
209	0	1000	836	18
209	0	1000	117	19
209	0	1000	92	20
209	0	1000	298	21
209	0	1000	96	22
209	0	1000	167	23
209	0	1000	106	24
209	0	1000	118	25
209	0	1000	807	26
209	0	1000	67	27
209	0	1000	59	28
209	0	1000	740	29
209	0	1000	994	30
209	0	1000	899	31
# Event data block #11
# Threshold	DAC	Events	Triggered	CH#
210	0	1000	15	0
210	0	1000	78	1
210	0	1000	16	2
210	0	1000	44	3
210	0	1000	58	4
210	0	1000	200	5
210	0	1000	58	6
210	0	1000	368	7
210	0	1000	352	8
210	0	1000	127	9
210	0	1000	56	10
210	0	1000	90	11
210	0	1000	59	12
210	0	1000	98	13
210	0	1000	2	14
210	0	1000	1	15
210	0	1000	1	16
210	0	1000	1	17
210	0	1000	876	18
210	0	1000	124	19
210	0	1000	93	20
210	0	1000	425	21
210	0	1000	90	22
210	0	1000	167	23
210	0	1000	96	24
210	0	1000	112	25
210	0	1000	852	26
210	0	1000	68	27
210	0	1000	62	28
210	0	1000	861	29
210	0	1000	991	30
210	0	1000	922	31
# Event data block #12
# Threshold	DAC	Events	Triggered	CH#
211	0	1000	36	0
211	0	1000	129	1
211	0	1000	36	2
211	0	1000	67	3
211	0	1000	91	4
211	0	1000	292	5
211	0	1000	81	6
211	0	1000	443	7
211	0	1000	405	8
211	0	1000	166	9
211	0	1000	80	10
211	0	1000	121	11
211	0	1000	84	12
211	0	1000	128	13
211	0	1000	7	14
211	0	1000	3	15
211	0	1000	6	16
211	0	1000	4	17
211	0	1000	883	18
211	0	1000	163	19
211	0	1000	125	20
211	0	1000	542	21
211	0	1000	116	22
211	0	1000	210	23
211	0	1000	122	24
211	0	1000	148	25
211	0	1000	847	26
211	0	1000	93	27
211	0	1000	90	28
211	0	1000	883	29
211	0	1000	998	30
211	0	1000	935	31
# Event data block #13
# Threshold	DAC	Events	Triggered	CH#
212	0	1000	51	0
212	0	1000	201	1
212	0	1000	46	2
212	0	1000	75	3
212	0	1000	103	4
212	0	1000	421	5
212	0	1000	98	6
212	0	1000	514	7
212	0	1000	481	8
212	0	1000	195	9
212	0	1000	85	10
212	0	1000	132	11
212	0	1000	97	12
212	0	1000	172	13
212	0	1000	9	14
212	0	1000	2	15
212	0	1000	8	16
212	0	1000	3	17
212	0	1000	908	18
212	0	1000	210	19
212	0	1000	142	20
212	0	1000	667	21
212	0	1000	129	22
212	0	1000	253	23
212	0	1000	142	24
212	0	1000	166	25
212	0	1000	863	26
212	0	1000	106	27
212	0	1000	110	28
212	0	1000	914	29
212	0	1000	996	30
212	0	1000	960	31
# Event data block #14
# Threshold	DAC	Events	Triggered	CH#
213	0	1000	74	0
213	0	1000	547	1
213	0	1000	56	2
213	0	1000	83	3
213	0	1000	121	4
213	0	1000	604	5
213	0	1000	102	6
213	0	1000	616	7
213	0	1000	580	8
213	0	1000	240	9
213	0	1000	96	10
213	0	1000	150	11
213	0	1000	116	12
213	0	1000	229	13
213	0	1000	10	14
213	0	1000	5	15
213	0	1000	13	16
213	0	1000	7	17
213	0	1000	920	18
213	0	1000	324	19
213	0	1000	164	20
213	0	1000	760	21
213	0	1000	137	22
213	0	1000	315	23
213	0	1000	144	24
213	0	1000	181	25
213	0	1000	889	26
213	0	1000	123	27
213	0	1000	134	28
213	0	1000	926	29
213	0	1000	1000	30
213	0	1000	978	31
# Event data block #15
# Threshold	DAC	Events	Triggered	CH#
214	0	1000	97	0
214	0	1000	833	1
214	0	1000	72	2
214	0	1000	102	3
214	0	1000	128	4
214	0	1000	700	5
214	0	1000	111	6
214	0	1000	673	7
214	0	1000	639	8
214	0	1000	301	9
214	0	1000	108	10
214	0	1000	176	11
214	0	1000	120	12
214	0	1000	406	13
214	0	1000	25	14
214	0	1000	8	15
214	0	1000	26	16
214	0	1000	12	17
214	0	1000	922	18
214	0	1000	475	19
214	0	1000	192	20
214	0	1000	823	21
214	0	1000	161	22
214	0	1000	358	23
214	0	1000	163	24
214	0	1000	226	25
214	0	1000	889	26
214	0	1000	129	27
214	0	1000	162	28
214	0	1000	934	29
214	0	1000	1000	30
214	0	1000	984	31
# Event data block #16
# Threshold	DAC	Events	Triggered	CH#
215	0	1000	106	0
215	0	1000	921	1
215	0	1000	66	2
215	0	1000	89	3
215	0	1000	102	4
215	0	1000	800	5
215	0	1000	89	6
215	0	1000	733	7
215	0	1000	705	8
215	0	1000	387	9
215	0	1000	82	10
215	0	1000	172	11
215	0	1000	99	12
215	0	1000	626	13
215	0	1000	19	14
215	0	1000	10	15
215	0	1000	26	16
215	0	1000	12	17
215	0	1000	962	18
215	0	1000	652	19
215	0	1000	205	20
215	0	1000	863	21
215	0	1000	132	22
215	0	1000	417	23
215	0	1000	132	24
215	0	1000	232	25
215	0	1000	925	26
215	0	1000	108	27
215	0	1000	152	28
215	0	1000	974	29
215	0	1000	1000	30
215	0	1000	998	31
# Event data block #17
# Threshold	DAC	Events	Triggered	CH#
216	0	1000	263	0
216	0	1000	942	1
216	0	1000	81	2
216	0	1000	111	3
216	0	1000	127	4
216	0	1000	852	5
216	0	1000	101	6
216	0	1000	800	7
216	0	1000	771	8
216	0	1000	553	9
216	0	1000	101	10
216	0	1000	244	11
216	0	1000	122	12
216	0	1000	808	13
216	0	1000	26	14
216	0	1000	15	15
216	0	1000	35	16
216	0	1000	19	17
216	0	1000	965	18
216	0	1000	803	19
216	0	1000	334	20
216	0	1000	878	21
216	0	1000	154	22
216	0	1000	531	23
216	0	1000	156	24
216	0	1000	329	25
216	0	1000	925	26
216	0	1000	130	27
216	0	1000	287	28
216	0	1000	978	29
216	0	1000	1000	30
216	0	1000	997	31
# Event data block #18
# Threshold	DAC	Events	Triggered	CH#
217	0	1000	699	0
217	0	1000	954	1
217	0	1000	122	2
217	0	1000	148	3
217	0	1000	176	4
217	0	1000	868	5
217	0	1000	111	6
217	0	1000	804	7
217	0	1000	784	8
217	0	1000	633	9
217	0	1000	109	10
217	0	1000	395	11
217	0	1000	153	12
217	0	1000	861	13
217	0	1000	45	14
217	0	1000	20	15
217	0	1000	63	16
217	0	1000	20	17
217	0	1000	960	18
217	0	1000	843	19
217	0	1000	475	20
217	0	1000	883	21
217	0	1000	196	22
217	0	1000	574	23
217	0	1000	185	24
217	0	1000	416	25
217	0	1000	926	26
217	0	1000	177	27
217	0	1000	538	28
217	0	1000	979	29
217	0	1000	1000	30
217	0	1000	998	31
# Event data block #19
# Threshold	DAC	Events	Triggered	CH#
218	0	1000	887	0
218	0	1000	970	1
218	0	1000	269	2
218	0	1000	245	3
218	0	1000	285	4
218	0	1000	871	5
218	0	1000	137	6
218	0	1000	814	7
218	0	1000	793	8
218	0	1000	706	9
218	0	1000	132	10
218	0	1000	578	11
218	0	1000	186	12
218	0	1000	877	13
218	0	1000	63	14
218	0	1000	34	15
218	0	1000	92	16
218	0	1000	33	17
218	0	1000	967	18
218	0	1000	861	19
218	0	1000	637	20
218	0	1000	891	21
218	0	1000	254	22
218	0	1000	636	23
218	0	1000	221	24
218	0	1000	535	25
218	0	1000	931	26
218	0	1000	261	27
218	0	1000	748	28
218	0	1000	992	29
218	0	1000	1000	30
218	0	1000	999	31
# Event data block #20
# Threshold	DAC	Events	Triggered	CH#
219	0	1000	920	0
219	0	1000	988	1
219	0	1000	643	2
219	0	1000	526	3
219	0	1000	499	4
219	0	1000	883	5
219	0	1000	149	6
219	0	1000	828	7
219	0	1000	815	8
219	0	1000	783	9
219	0	1000	134	10
219	0	1000	722	11
219	0	1000	322	12
219	0	1000	897	13
219	0	1000	59	14
219	0	1000	36	15
219	0	1000	99	16
219	0	1000	40	17
219	0	1000	974	18
219	0	1000	877	19
219	0	1000	755	20
219	0	1000	901	21
219	0	1000	371	22
219	0	1000	702	23
219	0	1000	297	24
219	0	1000	644	25
219	0	1000	939	26
219	0	1000	437	27
219	0	1000	842	28
219	0	1000	994	29
219	0	1000	1000	30
219	0	1000	1000	31
# Event data block #21
# Threshold	DAC	Events	Triggered	CH#
220	0	1000	943	0
220	0	1000	995	1
220	0	1000	842	2
220	0	1000	757	3
220	0	1000	686	4
220	0	1000	895	5
220	0	1000	199	6
220	0	1000	849	7
220	0	1000	839	8
220	0	1000	820	9
220	0	1000	166	10
220	0	1000	806	11
220	0	1000	497	12
220	0	1000	913	13
220	0	1000	80	14
220	0	1000	57	15
220	0	1000	145	16
220	0	1000	57	17
220	0	1000	983	18
220	0	1000	895	19
220	0	1000	828	20
220	0	1000	906	21
220	0	1000	476	22
220	0	1000	762	23
220	0	1000	380	24
220	0	1000	734	25
220	0	1000	941	26
220	0	1000	599	27
220	0	1000	876	28
220	0	1000	998	29
220	0	1000	1000	30
220	0	1000	1000	31
# Event data block #22
# Threshold	DAC	Events	Triggered	CH#
221	0	1000	973	0
221	0	1000	998	1
221	0	1000	908	2
221	0	1000	868	3
221	0	1000	803	4
221	0	1000	930	5
221	0	1000	256	6
221	0	1000	893	7
221	0	1000	871	8
221	0	1000	875	9
221	0	1000	228	10
221	0	1000	871	11
221	0	1000	694	12
221	0	1000	949	13
221	0	1000	77	14
221	0	1000	43	15
221	0	1000	388	16
221	0	1000	52	17
221	0	1000	989	18
221	0	1000	930	19
221	0	1000	874	20
221	0	1000	944	21
221	0	1000	572	22
221	0	1000	816	23
221	0	1000	443	24
221	0	1000	809	25
221	0	1000	965	26
221	0	1000	734	27
221	0	1000	922	28
221	0	1000	999	29
221	0	1000	1000	30
221	0	1000	1000	31
# Event data block #23
# Threshold	DAC	Events	Triggered	CH#
222	0	1000	995	0
222	0	1000	999	1
222	0	1000	954	2
222	0	1000	925	3
222	0	1000	886	4
222	0	1000	955	5
222	0	1000	345	6
222	0	1000	916	7
222	0	1000	907	8
222	0	1000	899	9
222	0	1000	318	10
222	0	1000	911	11
222	0	1000	834	12
222	0	1000	970	13
222	0	1000	90	14
222	0	1000	46	15
222	0	1000	803	16
222	0	1000	49	17
222	0	1000	998	18
222	0	1000	958	19
222	0	1000	910	20
222	0	1000	964	21
222	0	1000	667	22
222	0	1000	865	23
222	0	1000	501	24
222	0	1000	869	25
222	0	1000	981	26
222	0	1000	851	27
222	0	1000	959	28
222	0	1000	999	29
222	0	1000	1000	30
222	0	1000	1000	31
# Event data block #24
# Threshold	DAC	Events	Triggered	CH#
223	0	1000	992	0
223	0	1000	999	1
223	0	1000	970	2
223	0	1000	956	3
223	0	1000	942	4
223	0	1000	970	5
223	0	1000	531	6
223	0	1000	952	7
223	0	1000	942	8
223	0	1000	949	9
223	0	1000	523	10
223	0	1000	951	11
223	0	1000	922	12
223	0	1000	981	13
223	0	1000	171	14
223	0	1000	47	15
223	0	1000	948	16
223	0	1000	48	17
223	0	1000	997	18
223	0	1000	972	19
223	0	1000	952	20
223	0	1000	972	21
223	0	1000	807	22
223	0	1000	919	23
223	0	1000	639	24
223	0	1000	922	25
223	0	1000	982	26
223	0	1000	930	27
223	0	1000	971	28
223	0	1000	1000	29
223	0	1000	1000	30
223	0	1000	1000	31
# Event data block #25
# Threshold	DAC	Events	Triggered	CH#
224	0	1000	996	0
224	0	1000	999	1
224	0	1000	966	2
224	0	1000	950	3
224	0	1000	934	4
224	0	1000	956	5
224	0	1000	676	6
224	0	1000	936	7
224	0	1000	932	8
224	0	1000	935	9
224	0	1000	707	10
224	0	1000	944	11
224	0	1000	924	12
224	0	1000	970	13
224	0	1000	589	14
224	0	1000	74	15
224	0	1000	952	16
224	0	1000	86	17
224	0	1000	998	18
224	0	1000	962	19
224	0	1000	943	20
224	0	1000	962	21
224	0	1000	862	22
224	0	1000	908	23
224	0	1000	745	24
224	0	1000	914	25
224	0	1000	975	26
224	0	1000	924	27
224	0	1000	967	28
224	0	1000	999	29
224	0	1000	1000	30
224	0	1000	1000	31
# Event data block #26
# Threshold	DAC	Events	Triggered	CH#
225	0	1000	996	0
225	0	1000	1000	1
225	0	1000	955	2
225	0	1000	929	3
225	0	1000	905	4
225	0	1000	935	5
225	0	1000	745	6
225	0	1000	904	7
225	0	1000	895	8
225	0	1000	908	9
225	0	1000	781	10
225	0	1000	917	11
225	0	1000	908	12
225	0	1000	966	13
225	0	1000	818	14
225	0	1000	188	15
225	0	1000	939	16
225	0	1000	287	17
225	0	1000	996	18
225	0	1000	941	19
225	0	1000	914	20
225	0	1000	937	21
225	0	1000	849	22
225	0	1000	880	23
225	0	1000	753	24
225	0	1000	892	25
225	0	1000	961	26
225	0	1000	903	27
225	0	1000	944	28
225	0	1000	1000	29
225	0	1000	1000	30
225	0	1000	1000	31
# Event data block #27
# Threshold	DAC	Events	Triggered	CH#
226	0	1000	995	0
226	0	1000	999	1
226	0	1000	958	2
226	0	1000	918	3
226	0	1000	885	4
226	0	1000	923	5
226	0	1000	767	6
226	0	1000	877	7
226	0	1000	869	8
226	0	1000	877	9
226	0	1000	801	10
226	0	1000	896	11
226	0	1000	879	12
226	0	1000	966	13
226	0	1000	851	14
226	0	1000	505	15
226	0	1000	930	16
226	0	1000	645	17
226	0	1000	993	18
226	0	1000	936	19
226	0	1000	892	20
226	0	1000	932	21
226	0	1000	829	22
226	0	1000	848	23
226	0	1000	767	24
226	0	1000	862	25
226	0	1000	960	26
226	0	1000	876	27
226	0	1000	944	28
226	0	1000	999	29
226	0	1000	1000	30
226	0	1000	1000	31
# Event data block #28
# Threshold	DAC	Events	Triggered	CH#
227	0	1000	999	0
227	0	1000	1000	1
227	0	1000	960	2
227	0	1000	917	3
227	0	1000	872	4
227	0	1000	916	5
227	0	1000	774	6
227	0	1000	856	7
227	0	1000	846	8
227	0	1000	864	9
227	0	1000	810	10
227	0	1000	890	11
227	0	1000	871	12
227	0	1000	966	13
227	0	1000	858	14
227	0	1000	743	15
227	0	1000	944	16
227	0	1000	803	17
227	0	1000	998	18
227	0	1000	932	19
227	0	1000	885	20
227	0	1000	929	21
227	0	1000	822	22
227	0	1000	830	23
227	0	1000	770	24
227	0	1000	835	25
227	0	1000	957	26
227	0	1000	868	27
227	0	1000	947	28
227	0	1000	1000	29
227	0	1000	1000	30
227	0	1000	1000	31
# Event data block #29
# Threshold	DAC	Events	Triggered	CH#
228	0	1000	1000	0
228	0	1000	1000	1
228	0	1000	974	2
228	0	1000	929	3
228	0	1000	887	4
228	0	1000	919	5
228	0	1000	797	6
228	0	1000	864	7
228	0	1000	855	8
228	0	1000	872	9
228	0	1000	828	10
228	0	1000	894	11
228	0	1000	885	12
228	0	1000	977	13
228	0	1000	885	14
228	0	1000	838	15
228	0	1000	962	16
228	0	1000	849	17
228	0	1000	997	18
228	0	1000	943	19
228	0	1000	889	20
228	0	1000	933	21
228	0	1000	834	22
228	0	1000	843	23
228	0	1000	793	24
228	0	1000	856	25
228	0	1000	962	26
228	0	1000	881	27
228	0	1000	955	28
228	0	1000	1000	29
228	0	1000	1000	30
228	0	1000	1000	31
# Event data block #30
# Threshold	DAC	Events	Triggered	CH#
229	0	1000	999	0
229	0	1000	1000	1
229	0	1000	987	2
229	0	1000	944	3
229	0	1000	895	4
229	0	1000	934	5
229	0	1000	808	6
229	0	1000	867	7
229	0	1000	862	8
229	0	1000	878	9
229	0	1000	831	10
229	0	1000	902	11
229	0	1000	895	12
229	0	1000	983	13
229	0	1000	906	14
229	0	1000	863	15
229	0	1000	978	16
229	0	1000	876	17
229	0	1000	998	18
229	0	1000	948	19
229	0	1000	900	20
229	0	1000	944	21
229	0	1000	836	22
229	0	1000	839	23
229	0	1000	802	24
229	0	1000	856	25
229	0	1000	968	26
229	0	1000	888	27
229	0	1000	965	28
229	0	1000	1000	29
229	0	1000	1000	30
229	0	1000	1000	31
# Event data block #31
# Threshold	DAC	Events	Triggered	CH#
230	0	1000	999	0
230	0	1000	1000	1
230	0	1000	988	2
230	0	1000	951	3
230	0	1000	899	4
230	0	1000	936	5
230	0	1000	806	6
230	0	1000	861	7
230	0	1000	864	8
230	0	1000	873	9
230	0	1000	833	10
230	0	1000	905	11
230	0	1000	899	12
230	0	1000	987	13
230	0	1000	909	14
230	0	1000	881	15
230	0	1000	982	16
230	0	1000	889	17
230	0	1000	997	18
230	0	1000	956	19
230	0	1000	900	20
230	0	1000	939	21
230	0	1000	830	22
230	0	1000	839	23
230	0	1000	800	24
230	0	1000	855	25
230	0	1000	976	26
230	0	1000	888	27
230	0	1000	972	28
230	0	1000	1000	29
230	0	1000	1000	30
230	0	1000	1000	31
# Event data block #32
# Threshold	DAC	Events	Triggered	CH#
231	0	1000	1000	0
231	0	1000	1000	1
231	0	1000	992	2
231	0	1000	962	3
231	0	1000	924	4
231	0	1000	950	5
231	0	1000	832	6
231	0	1000	885	7
231	0	1000	961	8
231	0	1000	896	9
231	0	1000	858	10
231	0	1000	925	11
231	0	1000	916	12
231	0	1000	994	13
231	0	1000	941	14
231	0	1000	914	15
231	0	1000	987	16
231	0	1000	923	17
231	0	1000	997	18
231	0	1000	962	19
231	0	1000	920	20
231	0	1000	957	21
231	0	1000	855	22
231	0	1000	861	23
231	0	1000	817	24
231	0	1000	880	25
231	0	1000	978	26
231	0	1000	908	27
231	0	1000	980	28
231	0	1000	1000	29
231	0	1000	1000	30
231	0	1000	1000	31
# Event data block #33
# Threshold	DAC	Events	Triggered	CH#
232	0	1000	1000	0
232	0	1000	1000	1
232	0	1000	1000	2
232	0	1000	974	3
232	0	1000	944	4
232	0	1000	960	5
232	0	1000	859	6
232	0	1000	893	7
232	0	1000	1000	8
232	0	1000	903	9
232	0	1000	883	10
232	0	1000	930	11
232	0	1000	919	12
232	0	1000	1000	13
232	0	1000	960	14
232	0	1000	919	15
232	0	1000	998	16
232	0	1000	930	17
232	0	1000	1000	18
232	0	1000	973	19
232	0	1000	925	20
232	0	1000	965	21
232	0	1000	877	22
232	0	1000	869	23
232	0	1000	838	24
232	0	1000	891	25
232	0	1000	989	26
232	0	1000	913	27
232	0	1000	991	28
232	0	1000	1000	29
232	0	1000	1000	30
232	0	1000	1000	31
# Event data block #34
# Threshold	DAC	Events	Triggered	CH#
233	0	1000	1000	0
233	0	1000	1000	1
233	0	1000	1000	2
233	0	1000	972	3
233	0	1000	970	4
233	0	1000	955	5
233	0	1000	848	6
233	0	1000	884	7
233	0	1000	1000	8
233	0	1000	897	9
233	0	1000	875	10
233	0	1000	932	11
233	0	1000	927	12
233	0	1000	1000	13
233	0	1000	964	14
233	0	1000	933	15
233	0	1000	996	16
233	0	1000	936	17
233	0	1000	999	18
233	0	1000	966	19
233	0	1000	931	20
233	0	1000	953	21
233	0	1000	868	22
233	0	1000	864	23
233	0	1000	836	24
233	0	1000	883	25
233	0	1000	979	26
233	0	1000	921	27
233	0	1000	983	28
233	0	1000	1000	29
233	0	1000	1000	30
233	0	1000	1000	31
# Event data block #35
# Threshold	DAC	Events	Triggered	CH#
234	0	1000	1000	0
234	0	1000	1000	1
234	0	1000	997	2
234	0	1000	985	3
234	0	1000	1000	4
234	0	1000	965	5
234	0	1000	853	6
234	0	1000	887	7
234	0	1000	1000	8
234	0	1000	911	9
234	0	1000	876	10
234	0	1000	951	11
234	0	1000	951	12
234	0	1000	1000	13
234	0	1000	971	14
234	0	1000	959	15
234	0	1000	996	16
234	0	1000	961	17
234	0	1000	999	18
234	0	1000	976	19
234	0	1000	951	20
234	0	1000	969	21
234	0	1000	866	22
234	0	1000	866	23
234	0	1000	837	24
234	0	1000	886	25
234	0	1000	984	26
234	0	1000	935	27
234	0	1000	989	28
234	0	1000	1000	29
234	0	1000	1000	30
234	0	1000	1000	31
# Event data block #36
# Threshold	DAC	Events	Triggered	CH#
235	0	1000	1000	0
235	0	1000	1000	1
235	0	1000	1000	2
235	0	1000	991	3
235	0	1000	1000	4
235	0	1000	975	5
235	0	1000	854	6
235	0	1000	873	7
235	0	1000	1000	8
235	0	1000	901	9
235	0	1000	867	10
235	0	1000	948	11
235	0	1000	950	12
235	0	1000	1000	13
235	0	1000	991	14
235	0	1000	959	15
235	0	1000	998	16
235	0	1000	972	17
235	0	1000	1000	18
235	0	1000	988	19
235	0	1000	947	20
235	0	1000	972	21
235	0	1000	855	22
235	0	1000	846	23
235	0	1000	818	24
235	0	1000	875	25
235	0	1000	992	26
235	0	1000	933	27
235	0	1000	995	28
235	0	1000	1000	29
235	0	1000	1000	30
235	0	1000	1000	31
# Event data block #37
# Threshold	DAC	Events	Triggered	CH#
236	0	1000	1000	0
236	0	1000	1000	1
236	0	1000	1000	2
236	0	1000	993	3
236	0	1000	1000	4
236	0	1000	988	5
236	0	1000	913	6
236	0	1000	905	7
236	0	1000	1000	8
236	0	1000	929	9
236	0	1000	906	10
236	0	1000	968	11
236	0	1000	967	12
236	0	1000	1000	13
236	0	1000	994	14
236	0	1000	979	15
236	0	1000	999	16
236	0	1000	981	17
236	0	1000	999	18
236	0	1000	992	19
236	0	1000	968	20
236	0	1000	979	21
236	0	1000	887	22
236	0	1000	874	23
236	0	1000	854	24
236	0	1000	907	25
236	0	1000	993	26
236	0	1000	958	27
236	0	1000	995	28
236	0	1000	1000	29
236	0	1000	1000	30
236	0	1000	1000	31
# Event data block #38
# Threshold	DAC	Events	Triggered	CH#
237	0	1000	1000	0
237	0	1000	1000	1
237	0	1000	1000	2
237	0	1000	997	3
237	0	1000	1000	4
237	0	1000	1000	5
237	0	1000	1000	6
237	0	1000	922	7
237	0	1000	1000	8
237	0	1000	936	9
237	0	1000	927	10
237	0	1000	967	11
237	0	1000	969	12
237	0	1000	1000	13
237	0	1000	1000	14
237	0	1000	984	15
237	0	1000	1000	16
237	0	1000	990	17
237	0	1000	1000	18
237	0	1000	995	19
237	0	1000	974	20
237	0	1000	982	21
237	0	1000	906	22
237	0	1000	894	23
237	0	1000	874	24
237	0	1000	924	25
237	0	1000	999	26
237	0	1000	963	27
237	0	1000	998	28
237	0	1000	1000	29
237	0	1000	1000	30
237	0	1000	1000	31
# Event data block #39
# Threshold	DAC	Events	Triggered	CH#
238	0	1000	1000	0
238	0	1000	1000	1
238	0	1000	1000	2
238	0	1000	998	3
238	0	1000	1000	4
238	0	1000	1000	5
238	0	1000	1000	6
238	0	1000	928	7
238	0	1000	1000	8
238	0	1000	946	9
238	0	1000	933	10
238	0	1000	967	11
238	0	1000	972	12
238	0	1000	1000	13
238	0	1000	1000	14
238	0	1000	987	15
238	0	1000	1000	16
238	0	1000	995	17
238	0	1000	1000	18
238	0	1000	995	19
238	0	1000	998	20
238	0	1000	984	21
238	0	1000	905	22
238	0	1000	889	23
238	0	1000	865	24
238	0	1000	925	25
238	0	1000	1000	26
238	0	1000	971	27
238	0	1000	999	28
238	0	1000	1000	29
238	0	1000	1000	30
238	0	1000	1000	31
# Event data block #40
# Threshold	DAC	Events	Triggered	CH#
239	0	1000	1000	0
239	0	1000	1000	1
239	0	1000	1000	2
239	0	1000	1000	3
239	0	1000	1000	4
239	0	1000	1000	5
239	0	1000	1000	6
239	0	1000	1000	7
239	0	1000	1000	8
239	0	1000	963	9
239	0	1000	953	10
239	0	1000	981	11
239	0	1000	986	12
239	0	1000	1000	13
239	0	1000	1000	14
239	0	1000	995	15
239	0	1000	1000	16
239	0	1000	997	17
239	0	1000	1000	18
239	0	1000	1000	19
239	0	1000	1000	20
239	0	1000	994	21
239	0	1000	924	22
239	0	1000	900	23
239	0	1000	879	24
239	0	1000	945	25
239	0	1000	1000	26
239	0	1000	988	27
239	0	1000	997	28
239	0	1000	1000	29
239	0	1000	1000	30
239	0	1000	1000	31
# Event data block #41
# Threshold	DAC	Events	Triggered	CH#
240	0	1000	1000	0
240	0	1000	1000	1
240	0	1000	1000	2
240	0	1000	1000	3
240	0	1000	1000	4
240	0	1000	1000	5
240	0	1000	1000	6
240	0	1000	1000	7
240	0	1000	1000	8
240	0	1000	990	9
240	0	1000	1000	10
240	0	1000	973	11
240	0	1000	980	12
240	0	1000	1000	13
240	0	1000	1000	14
240	0	1000	996	15
240	0	1000	1000	16
240	0	1000	1000	17
240	0	1000	1000	18
240	0	1000	1000	19
240	0	1000	1000	20
240	0	1000	993	21
240	0	1000	932	22
240	0	1000	900	23
240	0	1000	882	24
240	0	1000	960	25
240	0	1000	1000	26
240	0	1000	1000	27
240	0	1000	998	28
240	0	1000	1000	29
240	0	1000	1000	30
240	0	1000	1000	31
# Event data block #42
# Threshold	DAC	Events	Triggered	CH#
241	0	1000	1000	0
241	0	1000	1000	1
241	0	1000	1000	2
241	0	1000	1000	3
241	0	1000	1000	4
241	0	1000	1000	5
241	0	1000	1000	6
241	0	1000	1000	7
241	0	1000	1000	8
241	0	1000	1000	9
241	0	1000	1000	10
241	0	1000	984	11
241	0	1000	989	12
241	0	1000	1000	13
241	0	1000	1000	14
241	0	1000	1000	15
241	0	1000	1000	16
241	0	1000	1000	17
241	0	1000	1000	18
241	0	1000	1000	19
241	0	1000	1000	20
241	0	1000	995	21
241	0	1000	1000	22
241	0	1000	914	23
241	0	1000	899	24
241	0	1000	1000	25
241	0	1000	1000	26
241	0	1000	1000	27
241	0	1000	1000	28
241	0	1000	1000	29
241	0	1000	1000	30
241	0	1000	1000	31
# Event data block #43
# Threshold	DAC	Events	Triggered	CH#
242	0	1000	1000	0
242	0	1000	1000	1
242	0	1000	1000	2
242	0	1000	1000	3
242	0	1000	1000	4
242	0	1000	1000	5
242	0	1000	1000	6
242	0	1000	1000	7
242	0	1000	1000	8
242	0	1000	1000	9
242	0	1000	1000	10
242	0	1000	992	11
242	0	1000	996	12
242	0	1000	1000	13
242	0	1000	1000	14
242	0	1000	1000	15
242	0	1000	1000	16
242	0	1000	1000	17
242	0	1000	1000	18
242	0	1000	1000	19
242	0	1000	1000	20
242	0	1000	997	21
242	0	1000	1000	22
242	0	1000	926	23
242	0	1000	914	24
242	0	1000	1000	25
242	0	1000	1000	26
242	0	1000	1000	27
242	0	1000	1000	28
242	0	1000	1000	29
242	0	1000	1000	30
242	0	1000	1000	31
# Event data block #44
# Threshold	DAC	Events	Triggered	CH#
243	0	1000	1000	0
243	0	1000	1000	1
243	0	1000	1000	2
243	0	1000	1000	3
243	0	1000	1000	4
243	0	1000	1000	5
243	0	1000	1000	6
243	0	1000	1000	7
243	0	1000	1000	8
243	0	1000	1000	9
243	0	1000	1000	10
243	0	1000	995	11
243	0	1000	1000	12
243	0	1000	1000	13
243	0	1000	1000	14
243	0	1000	1000	15
243	0	1000	1000	16
243	0	1000	1000	17
243	0	1000	1000	18
243	0	1000	1000	19
243	0	1000	1000	20
243	0	1000	1000	21
243	0	1000	1000	22
243	0	1000	921	23
243	0	1000	910	24
243	0	1000	1000	25
243	0	1000	1000	26
243	0	1000	1000	27
243	0	1000	1000	28
243	0	1000	1000	29
243	0	1000	1000	30
243	0	1000	1000	31
# Event data block #45
# Threshold	DAC	Events	Triggered	CH#
244	0	1000	1000	0
244	0	1000	1000	1
244	0	1000	1000	2
244	0	1000	1000	3
244	0	1000	1000	4
244	0	1000	1000	5
244	0	1000	1000	6
244	0	1000	1000	7
244	0	1000	1000	8
244	0	1000	1000	9
244	0	1000	1000	10
244	0	1000	1000	11
244	0	1000	1000	12
244	0	1000	1000	13
244	0	1000	1000	14
244	0	1000	1000	15
244	0	1000	1000	16
244	0	1000	1000	17
244	0	1000	1000	18
244	0	1000	1000	19
244	0	1000	1000	20
244	0	1000	1000	21
244	0	1000	1000	22
244	0	1000	940	23
244	0	1000	956	24
244	0	1000	1000	25
244	0	1000	1000	26
244	0	1000	1000	27
244	0	1000	1000	28
244	0	1000	1000	29
244	0	1000	1000	30
244	0	1000	1000	31
# Event data block #46
# Threshold	DAC	Events	Triggered	CH#
245	0	1000	1000	0
245	0	1000	1000	1
245	0	1000	1000	2
245	0	1000	1000	3
245	0	1000	1000	4
245	0	1000	1000	5
245	0	1000	1000	6
245	0	1000	1000	7
245	0	1000	1000	8
245	0	1000	1000	9
245	0	1000	1000	10
245	0	1000	1000	11
245	0	1000	1000	12
245	0	1000	1000	13
245	0	1000	1000	14
245	0	1000	1000	15
245	0	1000	1000	16
245	0	1000	1000	17
245	0	1000	1000	18
245	0	1000	1000	19
245	0	1000	1000	20
245	0	1000	1000	21
245	0	1000	1000	22
245	0	1000	939	23
245	0	1000	1000	24
245	0	1000	1000	25
245	0	1000	1000	26
245	0	1000	1000	27
245	0	1000	1000	28
245	0	1000	1000	29
245	0	1000	1000	30
245	0	1000	1000	31
# Event data block #47
# Threshold	DAC	Events	Triggered	CH#
246	0	1000	1000	0
246	0	1000	1000	1
246	0	1000	1000	2
246	0	1000	1000	3
246	0	1000	1000	4
246	0	1000	1000	5
246	0	1000	1000	6
246	0	1000	1000	7
246	0	1000	1000	8
246	0	1000	1000	9
246	0	1000	1000	10
246	0	1000	1000	11
246	0	1000	1000	12
246	0	1000	1000	13
246	0	1000	1000	14
246	0	1000	1000	15
246	0	1000	1000	16
246	0	1000	1000	17
246	0	1000	1000	18
246	0	1000	1000	19
246	0	1000	1000	20
246	0	1000	1000	21
246	0	1000	1000	22
246	0	1000	1000	23
246	0	1000	1000	24
246	0	1000	1000	25
246	0	1000	1000	26
246	0	1000	1000	27
246	0	1000	1000	28
246	0	1000	1000	29
246	0	1000	1000	30
246	0	1000	1000	31
# Event data block #48
# Threshold	DAC	Events	Triggered	CH#
247	0	1000	1000	0
247	0	1000	1000	1
247	0	1000	1000	2
247	0	1000	1000	3
247	0	1000	1000	4
247	0	1000	1000	5
247	0	1000	1000	6
247	0	1000	1000	7
247	0	1000	1000	8
247	0	1000	1000	9
247	0	1000	1000	10
247	0	1000	1000	11
247	0	1000	1000	12
247	0	1000	1000	13
247	0	1000	1000	14
247	0	1000	1000	15
247	0	1000	1000	16
247	0	1000	1000	17
247	0	1000	1000	18
247	0	1000	1000	19
247	0	1000	1000	20
247	0	1000	1000	21
247	0	1000	1000	22
247	0	1000	1000	23
247	0	1000	1000	24
247	0	1000	1000	25
247	0	1000	1000	26
247	0	1000	1000	27
247	0	1000	1000	28
247	0	1000	1000	29
247	0	1000	1000	30
247	0	1000	1000	31
# Event data block #49
# Threshold	DAC	Events	Triggered	CH#
248	0	1000	1000	0
248	0	1000	1000	1
248	0	1000	1000	2
248	0	1000	1000	3
248	0	1000	1000	4
248	0	1000	1000	5
248	0	1000	1000	6
248	0	1000	1000	7
248	0	1000	1000	8
248	0	1000	1000	9
248	0	1000	1000	10
248	0	1000	1000	11
248	0	1000	1000	12
248	0	1000	1000	13
248	0	1000	1000	14
248	0	1000	1000	15
248	0	1000	1000	16
248	0	1000	1000	17
248	0	1000	1000	18
248	0	1000	1000	19
248	0	1000	1000	20
248	0	1000	1000	21
248	0	1000	1000	22
248	0	1000	1000	23
248	0	1000	1000	24
248	0	1000	1000	25
248	0	1000	1000	26
248	0	1000	1000	27
248	0	1000	1000	28
248	0	1000	1000	29
248	0	1000	1000	30
248	0	1000	1000	31
# Event data block #50
# Threshold	DAC	Events	Triggered	CH#
249	0	1000	1000	0
249	0	1000	1000	1
249	0	1000	1000	2
249	0	1000	1000	3
249	0	1000	1000	4
249	0	1000	1000	5
249	0	1000	1000	6
249	0	1000	1000	7
249	0	1000	1000	8
249	0	1000	1000	9
249	0	1000	1000	10
249	0	1000	1000	11
249	0	1000	1000	12
249	0	1000	1000	13
249	0	1000	1000	14
249	0	1000	1000	15
249	0	1000	1000	16
249	0	1000	1000	17
249	0	1000	1000	18
249	0	1000	1000	19
249	0	1000	1000	20
249	0	1000	1000	21
249	0	1000	1000	22
249	0	1000	1000	23
249	0	1000	1000	24
249	0	1000	1000	25
249	0	1000	1000	26
249	0	1000	1000	27
249	0	1000	1000	28
249	0	1000	1000	29
249	0	1000	1000	30
249	0	1000	1000	31
# Event data block #51
# Threshold	DAC	Events	Triggered	CH#
250	0	1000	1000	0
250	0	1000	1000	1
250	0	1000	1000	2
250	0	1000	1000	3
250	0	1000	1000	4
250	0	1000	1000	5
250	0	1000	1000	6
250	0	1000	1000	7
250	0	1000	1000	8
250	0	1000	1000	9
250	0	1000	1000	10
250	0	1000	1000	11
250	0	1000	1000	12
250	0	1000	1000	13
250	0	1000	1000	14
250	0	1000	1000	15
250	0	1000	1000	16
250	0	1000	1000	17
250	0	1000	1000	18
250	0	1000	1000	19
250	0	1000	1000	20
250	0	1000	1000	21
250	0	1000	1000	22
250	0	1000	1000	23
250	0	1000	1000	24
250	0	1000	1000	25
250	0	1000	1000	26
250	0	1000	1000	27
250	0	1000	1000	28
250	0	1000	1000	29
250	0	1000	1000	30
250	0	1000	1000	31
# Event data block #52
# Threshold	DAC	Events	Triggered	CH#
251	0	1000	1000	0
251	0	1000	1000	1
251	0	1000	1000	2
251	0	1000	1000	3
251	0	1000	1000	4
251	0	1000	1000	5
251	0	1000	1000	6
251	0	1000	1000	7
251	0	1000	1000	8
251	0	1000	1000	9
251	0	1000	1000	10
251	0	1000	1000	11
251	0	1000	1000	12
251	0	1000	1000	13
251	0	1000	1000	14
251	0	1000	1000	15
251	0	1000	1000	16
251	0	1000	1000	17
251	0	1000	1000	18
251	0	1000	1000	19
251	0	1000	1000	20
251	0	1000	1000	21
251	0	1000	1000	22
251	0	1000	1000	23
251	0	1000	1000	24
251	0	1000	1000	25
251	0	1000	1000	26
251	0	1000	1000	27
251	0	1000	1000	28
251	0	1000	1000	29
251	0	1000	1000	30
251	0	1000	1000	31
# Event data block #53
# Threshold	DAC	Events	Triggered	CH#
252	0	1000	1000	0
252	0	1000	1000	1
252	0	1000	1000	2
252	0	1000	1000	3
252	0	1000	1000	4
252	0	1000	1000	5
252	0	1000	1000	6
252	0	1000	1000	7
252	0	1000	1000	8
252	0	1000	1000	9
252	0	1000	1000	10
252	0	1000	1000	11
252	0	1000	1000	12
252	0	1000	1000	13
252	0	1000	1000	14
252	0	1000	1000	15
252	0	1000	1000	16
252	0	1000	1000	17
252	0	1000	1000	18
252	0	1000	1000	19
252	0	1000	1000	20
252	0	1000	1000	21
252	0	1000	1000	22
252	0	1000	1000	23
252	0	1000	1000	24
252	0	1000	1000	25
252	0	1000	1000	26
252	0	1000	1000	27
252	0	1000	1000	28
252	0	1000	1000	29
252	0	1000	1000	30
252	0	1000	1000	31
# Event data block #54
# Threshold	DAC	Events	Triggered	CH#
253	0	1000	1000	0
253	0	1000	1000	1
253	0	1000	1000	2
253	0	1000	1000	3
253	0	1000	1000	4
253	0	1000	1000	5
253	0	1000	1000	6
253	0	1000	1000	7
253	0	1000	1000	8
253	0	1000	1000	9
253	0	1000	1000	10
253	0	1000	1000	11
253	0	1000	1000	12
253	0	1000	1000	13
253	0	1000	1000	14
253	0	1000	1000	15
253	0	1000	1000	16
253	0	1000	1000	17
253	0	1000	1000	18
253	0	1000	1000	19
253	0	1000	1000	20
253	0	1000	1000	21
253	0	1000	1000	22
253	0	1000	1000	23
253	0	1000	1000	24
253	0	1000	1000	25
253	0	1000	1000	26
253	0	1000	1000	27
253	0	1000	1000	28
253	0	1000	1000	29
253	0	1000	1000	30
253	0	1000	1000	31
# Event data block #55
# Threshold	DAC	Events	Triggered	CH#
254	0	1000	1000	0
254	0	1000	1000	1
254	0	1000	1000	2
254	0	1000	1000	3
254	0	1000	1000	4
254	0	1000	1000	5
254	0	1000	1000	6
254	0	1000	1000	7
254	0	1000	1000	8
254	0	1000	1000	9
254	0	1000	1000	10
254	0	1000	1000	11
254	0	1000	1000	12
254	0	1000	1000	13
254	0	1000	1000	14
254	0	1000	1000	15
254	0	1000	1000	16
254	0	1000	1000	17
254	0	1000	1000	18
254	0	1000	1000	19
254	0	1000	1000	20
254	0	1000	1000	21
254	0	1000	1000	22
254	0	1000	1000	23
254	0	1000	1000	24
254	0	1000	1000	25
254	0	1000	1000	26
254	0	1000	1000	27
254	0	1000	1000	28
254	0	1000	1000	29
254	0	1000	1000	30
254	0	1000	1000	31
# Event data block #56
# Threshold	DAC	Events	Triggered	CH#
255	0	1000	1000	0
255	0	1000	1000	1
255	0	1000	1000	2
255	0	1000	1000	3
255	0	1000	1000	4
255	0	1000	1000	5
255	0	1000	1000	6
255	0	1000	1000	7
255	0	1000	1000	8
255	0	1000	1000	9
255	0	1000	1000	10
255	0	1000	1000	11
255	0	1000	1000	12
255	0	1000	1000	13
255	0	1000	1000	14
255	0	1000	1000	15
255	0	1000	1000	16
255	0	1000	1000	17
255	0	1000	1000	18
255	0	1000	1000	19
255	0	1000	1000	20
255	0	1000	1000	21
255	0	1000	1000	22
255	0	1000	1000	23
255	0	1000	1000	24
255	0	1000	1000	25
255	0	1000	1000	26
255	0	1000	1000	27
255	0	1000	1000	28
255	0	1000	1000	29
255	0	1000	1000	30
255	0	1000	1000	31
