# ASIC configuration for the measurements:
# ------------------------------------------------------------------------------
# Mode = 000 
# Bias = 0101 
# CSArefs = 1011 
# Shaper = 101 
# Leakage mask = 00000000000000000000000000000000 
# Discr. enable mask = 11111111111111111111111111111111 
# Calibration mask = 00000000000000000000000000000000 
# Threshold = 255 
# FineTHR[0] = 001 
# FineTHR[1] = 001 
# FineTHR[2] = 001 
# FineTHR[3] = 001 
# FineTHR[4] = 001 
# FineTHR[5] = 001 
# FineTHR[6] = 001 
# FineTHR[7] = 001 
# FineTHR[8] = 001 
# FineTHR[9] = 001 
# FineTHR[10] = 001 
# FineTHR[11] = 001 
# FineTHR[12] = 001 
# FineTHR[13] = 001 
# FineTHR[14] = 001 
# FineTHR[15] = 001 
# FineTHR[16] = 001 
# FineTHR[17] = 001 
# FineTHR[18] = 001 
# FineTHR[19] = 001 
# FineTHR[20] = 001 
# FineTHR[21] = 001 
# FineTHR[22] = 001 
# FineTHR[23] = 001 
# FineTHR[24] = 001 
# FineTHR[25] = 001 
# FineTHR[26] = 001 
# FineTHR[27] = 001 
# FineTHR[28] = 001 
# FineTHR[29] = 001 
# FineTHR[30] = 001 
# FineTHR[31] = 001 
# ------------------------------------------------------------------------------
# Event data block #1
# Threshold	DAC	Events	Triggered	CH#
200	0	1000	0	0
200	0	1000	0	1
200	0	1000	0	2
200	0	1000	3	3
200	0	1000	10	4
200	0	1000	52	5
200	0	1000	26	6
200	0	1000	107	7
200	0	1000	95	8
200	0	1000	59	9
200	0	1000	14	10
200	0	1000	22	11
200	0	1000	11	12
200	0	1000	7	13
200	0	1000	0	14
200	0	1000	0	15
200	0	1000	0	16
200	0	1000	0	17
200	0	1000	37	18
200	0	1000	23	19
200	0	1000	24	20
200	0	1000	66	21
200	0	1000	40	22
200	0	1000	95	23
200	0	1000	65	24
200	0	1000	58	25
200	0	1000	99	26
200	0	1000	12	27
200	0	1000	5	28
200	0	1000	7	29
200	0	1000	26	30
200	0	1000	4	31
# Event data block #2
# Threshold	DAC	Events	Triggered	CH#
201	0	1000	0	0
201	0	1000	0	1
201	0	1000	0	2
201	0	1000	1	3
201	0	1000	14	4
201	0	1000	65	5
201	0	1000	26	6
201	0	1000	126	7
201	0	1000	105	8
201	0	1000	73	9
201	0	1000	18	10
201	0	1000	30	11
201	0	1000	10	12
201	0	1000	9	13
201	0	1000	0	14
201	0	1000	0	15
201	0	1000	0	16
201	0	1000	0	17
201	0	1000	52	18
201	0	1000	34	19
201	0	1000	34	20
201	0	1000	84	21
201	0	1000	49	22
201	0	1000	105	23
201	0	1000	69	24
201	0	1000	70	25
201	0	1000	114	26
201	0	1000	18	27
201	0	1000	4	28
201	0	1000	8	29
201	0	1000	47	30
201	0	1000	4	31
# Event data block #3
# Threshold	DAC	Events	Triggered	CH#
202	0	1000	0	0
202	0	1000	0	1
202	0	1000	0	2
202	0	1000	0	3
202	0	1000	9	4
202	0	1000	53	5
202	0	1000	16	6
202	0	1000	110	7
202	0	1000	93	8
202	0	1000	64	9
202	0	1000	12	10
202	0	1000	23	11
202	0	1000	7	12
202	0	1000	6	13
202	0	1000	0	14
202	0	1000	0	15
202	0	1000	0	16
202	0	1000	0	17
202	0	1000	42	18
202	0	1000	27	19
202	0	1000	27	20
202	0	1000	71	21
202	0	1000	37	22
202	0	1000	95	23
202	0	1000	58	24
202	0	1000	59	25
202	0	1000	110	26
202	0	1000	14	27
202	0	1000	1	28
202	0	1000	5	29
202	0	1000	51	30
202	0	1000	3	31
# Event data block #4
# Threshold	DAC	Events	Triggered	CH#
203	0	1000	0	0
203	0	1000	1	1
203	0	1000	1	2
203	0	1000	3	3
203	0	1000	10	4
203	0	1000	63	5
203	0	1000	23	6
203	0	1000	103	7
203	0	1000	94	8
203	0	1000	68	9
203	0	1000	15	10
203	0	1000	30	11
203	0	1000	9	12
203	0	1000	8	13
203	0	1000	0	14
203	0	1000	0	15
203	0	1000	0	16
203	0	1000	0	17
203	0	1000	56	18
203	0	1000	32	19
203	0	1000	29	20
203	0	1000	78	21
203	0	1000	42	22
203	0	1000	95	23
203	0	1000	59	24
203	0	1000	62	25
203	0	1000	110	26
203	0	1000	18	27
203	0	1000	6	28
203	0	1000	9	29
203	0	1000	77	30
203	0	1000	6	31
# Event data block #5
# Threshold	DAC	Events	Triggered	CH#
204	0	1000	0	0
204	0	1000	0	1
204	0	1000	0	2
204	0	1000	2	3
204	0	1000	15	4
204	0	1000	81	5
204	0	1000	25	6
204	0	1000	122	7
204	0	1000	114	8
204	0	1000	79	9
204	0	1000	19	10
204	0	1000	36	11
204	0	1000	11	12
204	0	1000	8	13
204	0	1000	0	14
204	0	1000	0	15
204	0	1000	0	16
204	0	1000	0	17
204	0	1000	77	18
204	0	1000	38	19
204	0	1000	37	20
204	0	1000	95	21
204	0	1000	56	22
204	0	1000	109	23
204	0	1000	75	24
204	0	1000	77	25
204	0	1000	134	26
204	0	1000	20	27
204	0	1000	3	28
204	0	1000	15	29
204	0	1000	118	30
204	0	1000	8	31
# Event data block #6
# Threshold	DAC	Events	Triggered	CH#
205	0	1000	0	0
205	0	1000	2	1
205	0	1000	1	2
205	0	1000	4	3
205	0	1000	17	4
205	0	1000	72	5
205	0	1000	23	6
205	0	1000	126	7
205	0	1000	110	8
205	0	1000	70	9
205	0	1000	17	10
205	0	1000	34	11
205	0	1000	17	12
205	0	1000	15	13
205	0	1000	0	14
205	0	1000	0	15
205	0	1000	0	16
205	0	1000	0	17
205	0	1000	73	18
205	0	1000	44	19
205	0	1000	38	20
205	0	1000	94	21
205	0	1000	49	22
205	0	1000	105	23
205	0	1000	62	24
205	0	1000	63	25
205	0	1000	142	26
205	0	1000	22	27
205	0	1000	9	28
205	0	1000	21	29
205	0	1000	146	30
205	0	1000	19	31
# Event data block #7
# Threshold	DAC	Events	Triggered	CH#
206	0	1000	0	0
206	0	1000	3	1
206	0	1000	2	2
206	0	1000	6	3
206	0	1000	26	4
206	0	1000	82	5
206	0	1000	35	6
206	0	1000	138	7
206	0	1000	128	8
206	0	1000	86	9
206	0	1000	32	10
206	0	1000	44	11
206	0	1000	21	12
206	0	1000	21	13
206	0	1000	0	14
206	0	1000	0	15
206	0	1000	0	16
206	0	1000	0	17
206	0	1000	93	18
206	0	1000	48	19
206	0	1000	45	20
206	0	1000	103	21
206	0	1000	60	22
206	0	1000	113	23
206	0	1000	80	24
206	0	1000	77	25
206	0	1000	156	26
206	0	1000	32	27
206	0	1000	9	28
206	0	1000	35	29
206	0	1000	308	30
206	0	1000	36	31
# Event data block #8
# Threshold	DAC	Events	Triggered	CH#
207	0	1000	0	0
207	0	1000	1	1
207	0	1000	1	2
207	0	1000	4	3
207	0	1000	20	4
207	0	1000	76	5
207	0	1000	31	6
207	0	1000	137	7
207	0	1000	128	8
207	0	1000	74	9
207	0	1000	21	10
207	0	1000	43	11
207	0	1000	17	12
207	0	1000	19	13
207	0	1000	0	14
207	0	1000	0	15
207	0	1000	0	16
207	0	1000	0	17
207	0	1000	95	18
207	0	1000	50	19
207	0	1000	44	20
207	0	1000	101	21
207	0	1000	54	22
207	0	1000	109	23
207	0	1000	67	24
207	0	1000	67	25
207	0	1000	174	26
207	0	1000	20	27
207	0	1000	10	28
207	0	1000	40	29
207	0	1000	690	30
207	0	1000	40	31
# Event data block #9
# Threshold	DAC	Events	Triggered	CH#
208	0	1000	0	0
208	0	1000	5	1
208	0	1000	2	2
208	0	1000	11	3
208	0	1000	32	4
208	0	1000	92	5
208	0	1000	41	6
208	0	1000	136	7
208	0	1000	126	8
208	0	1000	85	9
208	0	1000	33	10
208	0	1000	43	11
208	0	1000	28	12
208	0	1000	31	13
208	0	1000	0	14
208	0	1000	0	15
208	0	1000	0	16
208	0	1000	0	17
208	0	1000	120	18
208	0	1000	53	19
208	0	1000	46	20
208	0	1000	120	21
208	0	1000	61	22
208	0	1000	121	23
208	0	1000	73	24
208	0	1000	74	25
208	0	1000	217	26
208	0	1000	31	27
208	0	1000	22	28
208	0	1000	52	29
208	0	1000	858	30
208	0	1000	61	31
# Event data block #10
# Threshold	DAC	Events	Triggered	CH#
209	0	1000	0	0
209	0	1000	3	1
209	0	1000	2	2
209	0	1000	6	3
209	0	1000	27	4
209	0	1000	96	5
209	0	1000	40	6
209	0	1000	137	7
209	0	1000	130	8
209	0	1000	89	9
209	0	1000	27	10
209	0	1000	50	11
209	0	1000	24	12
209	0	1000	27	13
209	0	1000	0	14
209	0	1000	0	15
209	0	1000	0	16
209	0	1000	0	17
209	0	1000	129	18
209	0	1000	57	19
209	0	1000	52	20
209	0	1000	122	21
209	0	1000	56	22
209	0	1000	114	23
209	0	1000	70	24
209	0	1000	77	25
209	0	1000	257	26
209	0	1000	31	27
209	0	1000	13	28
209	0	1000	64	29
209	0	1000	898	30
209	0	1000	79	31
# Event data block #11
# Threshold	DAC	Events	Triggered	CH#
210	0	1000	0	0
210	0	1000	8	1
210	0	1000	1	2
210	0	1000	10	3
210	0	1000	35	4
210	0	1000	99	5
210	0	1000	38	6
210	0	1000	158	7
210	0	1000	145	8
210	0	1000	86	9
210	0	1000	29	10
210	0	1000	55	11
210	0	1000	29	12
210	0	1000	36	13
210	0	1000	0	14
210	0	1000	0	15
210	0	1000	0	16
210	0	1000	0	17
210	0	1000	190	18
210	0	1000	70	19
210	0	1000	58	20
210	0	1000	122	21
210	0	1000	69	22
210	0	1000	114	23
210	0	1000	79	24
210	0	1000	83	25
210	0	1000	414	26
210	0	1000	37	27
210	0	1000	15	28
210	0	1000	92	29
210	0	1000	958	30
210	0	1000	117	31
# Event data block #12
# Threshold	DAC	Events	Triggered	CH#
211	0	1000	1	0
211	0	1000	13	1
211	0	1000	4	2
211	0	1000	15	3
211	0	1000	43	4
211	0	1000	121	5
211	0	1000	56	6
211	0	1000	183	7
211	0	1000	171	8
211	0	1000	105	9
211	0	1000	40	10
211	0	1000	71	11
211	0	1000	32	12
211	0	1000	54	13
211	0	1000	1	14
211	0	1000	0	15
211	0	1000	0	16
211	0	1000	0	17
211	0	1000	298	18
211	0	1000	87	19
211	0	1000	73	20
211	0	1000	151	21
211	0	1000	83	22
211	0	1000	133	23
211	0	1000	89	24
211	0	1000	96	25
211	0	1000	545	26
211	0	1000	45	27
211	0	1000	25	28
211	0	1000	126	29
211	0	1000	945	30
211	0	1000	221	31
# Event data block #13
# Threshold	DAC	Events	Triggered	CH#
212	0	1000	6	0
212	0	1000	36	1
212	0	1000	8	2
212	0	1000	29	3
212	0	1000	61	4
212	0	1000	133	5
212	0	1000	61	6
212	0	1000	201	7
212	0	1000	186	8
212	0	1000	122	9
212	0	1000	57	10
212	0	1000	86	11
212	0	1000	62	12
212	0	1000	79	13
212	0	1000	1	14
212	0	1000	0	15
212	0	1000	0	16
212	0	1000	0	17
212	0	1000	511	18
212	0	1000	104	19
212	0	1000	88	20
212	0	1000	173	21
212	0	1000	94	22
212	0	1000	146	23
212	0	1000	104	24
212	0	1000	109	25
212	0	1000	678	26
212	0	1000	65	27
212	0	1000	53	28
212	0	1000	178	29
212	0	1000	968	30
212	0	1000	597	31
# Event data block #14
# Threshold	DAC	Events	Triggered	CH#
213	0	1000	5	0
213	0	1000	42	1
213	0	1000	8	2
213	0	1000	26	3
213	0	1000	56	4
213	0	1000	144	5
213	0	1000	63	6
213	0	1000	229	7
213	0	1000	216	8
213	0	1000	123	9
213	0	1000	52	10
213	0	1000	83	11
213	0	1000	53	12
213	0	1000	76	13
213	0	1000	0	14
213	0	1000	0	15
213	0	1000	0	16
213	0	1000	0	17
213	0	1000	700	18
213	0	1000	111	19
213	0	1000	84	20
213	0	1000	200	21
213	0	1000	84	22
213	0	1000	145	23
213	0	1000	95	24
213	0	1000	111	25
213	0	1000	731	26
213	0	1000	57	27
213	0	1000	48	28
213	0	1000	357	29
213	0	1000	973	30
213	0	1000	820	31
# Event data block #15
# Threshold	DAC	Events	Triggered	CH#
214	0	1000	7	0
214	0	1000	64	1
214	0	1000	12	2
214	0	1000	37	3
214	0	1000	60	4
214	0	1000	172	5
214	0	1000	63	6
214	0	1000	284	7
214	0	1000	262	8
214	0	1000	130	9
214	0	1000	54	10
214	0	1000	90	11
214	0	1000	60	12
214	0	1000	90	13
214	0	1000	0	14
214	0	1000	0	15
214	0	1000	0	16
214	0	1000	0	17
214	0	1000	825	18
214	0	1000	123	19
214	0	1000	94	20
214	0	1000	305	21
214	0	1000	86	22
214	0	1000	164	23
214	0	1000	102	24
214	0	1000	114	25
214	0	1000	801	26
214	0	1000	67	27
214	0	1000	59	28
214	0	1000	721	29
214	0	1000	985	30
214	0	1000	896	31
# Event data block #16
# Threshold	DAC	Events	Triggered	CH#
215	0	1000	12	0
215	0	1000	85	1
215	0	1000	13	2
215	0	1000	42	3
215	0	1000	73	4
215	0	1000	210	5
215	0	1000	65	6
215	0	1000	351	7
215	0	1000	332	8
215	0	1000	135	9
215	0	1000	59	10
215	0	1000	97	11
215	0	1000	71	12
215	0	1000	102	13
215	0	1000	2	14
215	0	1000	1	15
215	0	1000	2	16
215	0	1000	2	17
215	0	1000	859	18
215	0	1000	130	19
215	0	1000	103	20
215	0	1000	416	21
215	0	1000	103	22
215	0	1000	180	23
215	0	1000	105	24
215	0	1000	123	25
215	0	1000	840	26
215	0	1000	81	27
215	0	1000	75	28
215	0	1000	842	29
215	0	1000	989	30
215	0	1000	910	31
# Event data block #17
# Threshold	DAC	Events	Triggered	CH#
216	0	1000	27	0
216	0	1000	119	1
216	0	1000	25	2
216	0	1000	52	3
216	0	1000	80	4
216	0	1000	300	5
216	0	1000	64	6
216	0	1000	442	7
216	0	1000	410	8
216	0	1000	153	9
216	0	1000	61	10
216	0	1000	113	11
216	0	1000	71	12
216	0	1000	123	13
216	0	1000	1	14
216	0	1000	1	15
216	0	1000	2	16
216	0	1000	0	17
216	0	1000	866	18
216	0	1000	159	19
216	0	1000	111	20
216	0	1000	556	21
216	0	1000	106	22
216	0	1000	206	23
216	0	1000	113	24
216	0	1000	130	25
216	0	1000	848	26
216	0	1000	86	27
216	0	1000	77	28
216	0	1000	869	29
216	0	1000	990	30
216	0	1000	934	31
# Event data block #18
# Threshold	DAC	Events	Triggered	CH#
217	0	1000	59	0
217	0	1000	204	1
217	0	1000	54	2
217	0	1000	81	3
217	0	1000	109	4
217	0	1000	452	5
217	0	1000	104	6
217	0	1000	526	7
217	0	1000	512	8
217	0	1000	199	9
217	0	1000	98	10
217	0	1000	146	11
217	0	1000	109	12
217	0	1000	169	13
217	0	1000	13	14
217	0	1000	4	15
217	0	1000	10	16
217	0	1000	3	17
217	0	1000	900	18
217	0	1000	232	19
217	0	1000	147	20
217	0	1000	684	21
217	0	1000	139	22
217	0	1000	266	23
217	0	1000	142	24
217	0	1000	171	25
217	0	1000	866	26
217	0	1000	119	27
217	0	1000	119	28
217	0	1000	911	29
217	0	1000	996	30
217	0	1000	962	31
# Event data block #19
# Threshold	DAC	Events	Triggered	CH#
218	0	1000	75	0
218	0	1000	554	1
218	0	1000	65	2
218	0	1000	94	3
218	0	1000	121	4
218	0	1000	579	5
218	0	1000	105	6
218	0	1000	569	7
218	0	1000	543	8
218	0	1000	230	9
218	0	1000	99	10
218	0	1000	170	11
218	0	1000	121	12
218	0	1000	222	13
218	0	1000	11	14
218	0	1000	5	15
218	0	1000	14	16
218	0	1000	6	17
218	0	1000	901	18
218	0	1000	333	19
218	0	1000	170	20
218	0	1000	738	21
218	0	1000	146	22
218	0	1000	302	23
218	0	1000	152	24
218	0	1000	188	25
218	0	1000	873	26
218	0	1000	128	27
218	0	1000	140	28
218	0	1000	923	29
218	0	1000	999	30
218	0	1000	972	31
# Event data block #20
# Threshold	DAC	Events	Triggered	CH#
219	0	1000	75	0
219	0	1000	845	1
219	0	1000	58	2
219	0	1000	85	3
219	0	1000	99	4
219	0	1000	719	5
219	0	1000	87	6
219	0	1000	662	7
219	0	1000	639	8
219	0	1000	302	9
219	0	1000	79	10
219	0	1000	143	11
219	0	1000	100	12
219	0	1000	414	13
219	0	1000	18	14
219	0	1000	9	15
219	0	1000	26	16
219	0	1000	9	17
219	0	1000	940	18
219	0	1000	515	19
219	0	1000	156	20
219	0	1000	814	21
219	0	1000	123	22
219	0	1000	370	23
219	0	1000	130	24
219	0	1000	208	25
219	0	1000	908	26
219	0	1000	107	27
219	0	1000	126	28
219	0	1000	964	29
219	0	1000	1000	30
219	0	1000	989	31
# Event data block #21
# Threshold	DAC	Events	Triggered	CH#
220	0	1000	106	0
220	0	1000	930	1
220	0	1000	78	2
220	0	1000	100	3
220	0	1000	120	4
220	0	1000	826	5
220	0	1000	97	6
220	0	1000	759	7
220	0	1000	739	8
220	0	1000	429	9
220	0	1000	95	10
220	0	1000	204	11
220	0	1000	112	12
220	0	1000	695	13
220	0	1000	25	14
220	0	1000	11	15
220	0	1000	31	16
220	0	1000	14	17
220	0	1000	956	18
220	0	1000	720	19
220	0	1000	243	20
220	0	1000	882	21
220	0	1000	144	22
220	0	1000	439	23
220	0	1000	147	24
220	0	1000	284	25
220	0	1000	930	26
220	0	1000	128	27
220	0	1000	191	28
220	0	1000	979	29
220	0	1000	1000	30
220	0	1000	998	31
# Event data block #22
# Threshold	DAC	Events	Triggered	CH#
221	0	1000	194	0
221	0	1000	953	1
221	0	1000	86	2
221	0	1000	105	3
221	0	1000	134	4
221	0	1000	858	5
221	0	1000	104	6
221	0	1000	798	7
221	0	1000	777	8
221	0	1000	523	9
221	0	1000	99	10
221	0	1000	274	11
221	0	1000	125	12
221	0	1000	827	13
221	0	1000	33	14
221	0	1000	13	15
221	0	1000	43	16
221	0	1000	19	17
221	0	1000	961	18
221	0	1000	816	19
221	0	1000	334	20
221	0	1000	884	21
221	0	1000	167	22
221	0	1000	500	23
221	0	1000	169	24
221	0	1000	332	25
221	0	1000	931	26
221	0	1000	139	27
221	0	1000	314	28
221	0	1000	982	29
221	0	1000	1000	30
221	0	1000	997	31
# Event data block #23
# Threshold	DAC	Events	Triggered	CH#
222	0	1000	618	0
222	0	1000	970	1
222	0	1000	124	2
222	0	1000	141	3
222	0	1000	174	4
222	0	1000	881	5
222	0	1000	125	6
222	0	1000	817	7
222	0	1000	795	8
222	0	1000	663	9
222	0	1000	120	10
222	0	1000	437	11
222	0	1000	164	12
222	0	1000	867	13
222	0	1000	50	14
222	0	1000	27	15
222	0	1000	72	16
222	0	1000	31	17
222	0	1000	970	18
222	0	1000	858	19
222	0	1000	503	20
222	0	1000	894	21
222	0	1000	219	22
222	0	1000	610	23
222	0	1000	204	24
222	0	1000	470	25
222	0	1000	940	26
222	0	1000	185	27
222	0	1000	615	28
222	0	1000	986	29
222	0	1000	1000	30
222	0	1000	998	31
# Event data block #24
# Threshold	DAC	Events	Triggered	CH#
223	0	1000	873	0
223	0	1000	977	1
223	0	1000	303	2
223	0	1000	255	3
223	0	1000	316	4
223	0	1000	882	5
223	0	1000	140	6
223	0	1000	813	7
223	0	1000	799	8
223	0	1000	709	9
223	0	1000	130	10
223	0	1000	603	11
223	0	1000	236	12
223	0	1000	893	13
223	0	1000	51	14
223	0	1000	27	15
223	0	1000	71	16
223	0	1000	32	17
223	0	1000	970	18
223	0	1000	868	19
223	0	1000	632	20
223	0	1000	902	21
223	0	1000	265	22
223	0	1000	637	23
223	0	1000	243	24
223	0	1000	555	25
223	0	1000	936	26
223	0	1000	271	27
223	0	1000	767	28
223	0	1000	993	29
223	0	1000	1000	30
223	0	1000	999	31
# Event data block #25
# Threshold	DAC	Events	Triggered	CH#
224	0	1000	913	0
224	0	1000	985	1
224	0	1000	611	2
224	0	1000	467	3
224	0	1000	485	4
224	0	1000	887	5
224	0	1000	163	6
224	0	1000	830	7
224	0	1000	817	8
224	0	1000	785	9
224	0	1000	135	10
224	0	1000	731	11
224	0	1000	366	12
224	0	1000	902	13
224	0	1000	65	14
224	0	1000	41	15
224	0	1000	107	16
224	0	1000	48	17
224	0	1000	975	18
224	0	1000	885	19
224	0	1000	755	20
224	0	1000	902	21
224	0	1000	367	22
224	0	1000	705	23
224	0	1000	313	24
224	0	1000	660	25
224	0	1000	935	26
224	0	1000	422	27
224	0	1000	843	28
224	0	1000	991	29
224	0	1000	1000	30
224	0	1000	1000	31
# Event data block #26
# Threshold	DAC	Events	Triggered	CH#
225	0	1000	949	0
225	0	1000	991	1
225	0	1000	822	2
225	0	1000	696	3
225	0	1000	658	4
225	0	1000	901	5
225	0	1000	182	6
225	0	1000	859	7
225	0	1000	844	8
225	0	1000	827	9
225	0	1000	150	10
225	0	1000	813	11
225	0	1000	535	12
225	0	1000	925	13
225	0	1000	74	14
225	0	1000	42	15
225	0	1000	133	16
225	0	1000	40	17
225	0	1000	983	18
225	0	1000	903	19
225	0	1000	822	20
225	0	1000	916	21
225	0	1000	461	22
225	0	1000	752	23
225	0	1000	368	24
225	0	1000	729	25
225	0	1000	956	26
225	0	1000	583	27
225	0	1000	884	28
225	0	1000	995	29
225	0	1000	1000	30
225	0	1000	1000	31
# Event data block #27
# Threshold	DAC	Events	Triggered	CH#
226	0	1000	967	0
226	0	1000	1000	1
226	0	1000	889	2
226	0	1000	826	3
226	0	1000	777	4
226	0	1000	914	5
226	0	1000	283	6
226	0	1000	872	7
226	0	1000	858	8
226	0	1000	854	9
226	0	1000	238	10
226	0	1000	859	11
226	0	1000	708	12
226	0	1000	945	13
226	0	1000	96	14
226	0	1000	55	15
226	0	1000	400	16
226	0	1000	49	17
226	0	1000	991	18
226	0	1000	919	19
226	0	1000	854	20
226	0	1000	930	21
226	0	1000	563	22
226	0	1000	790	23
226	0	1000	450	24
226	0	1000	789	25
226	0	1000	965	26
226	0	1000	706	27
226	0	1000	910	28
226	0	1000	1000	29
226	0	1000	1000	30
226	0	1000	1000	31
# Event data block #28
# Threshold	DAC	Events	Triggered	CH#
227	0	1000	987	0
227	0	1000	1000	1
227	0	1000	943	2
227	0	1000	903	3
227	0	1000	862	4
227	0	1000	949	5
227	0	1000	379	6
227	0	1000	908	7
227	0	1000	902	8
227	0	1000	899	9
227	0	1000	326	10
227	0	1000	905	11
227	0	1000	822	12
227	0	1000	965	13
227	0	1000	87	14
227	0	1000	37	15
227	0	1000	785	16
227	0	1000	44	17
227	0	1000	995	18
227	0	1000	953	19
227	0	1000	907	20
227	0	1000	958	21
227	0	1000	675	22
227	0	1000	835	23
227	0	1000	512	24
227	0	1000	842	25
227	0	1000	978	26
227	0	1000	819	27
227	0	1000	947	28
227	0	1000	1000	29
227	0	1000	1000	30
227	0	1000	1000	31
# Event data block #29
# Threshold	DAC	Events	Triggered	CH#
228	0	1000	996	0
228	0	1000	1000	1
228	0	1000	976	2
228	0	1000	961	3
228	0	1000	945	4
228	0	1000	975	5
228	0	1000	538	6
228	0	1000	954	7
228	0	1000	950	8
228	0	1000	953	9
228	0	1000	490	10
228	0	1000	958	11
228	0	1000	935	12
228	0	1000	985	13
228	0	1000	191	14
228	0	1000	40	15
228	0	1000	954	16
228	0	1000	39	17
228	0	1000	999	18
228	0	1000	977	19
228	0	1000	960	20
228	0	1000	977	21
228	0	1000	800	22
228	0	1000	918	23
228	0	1000	654	24
228	0	1000	931	25
228	0	1000	990	26
228	0	1000	936	27
228	0	1000	978	28
228	0	1000	1000	29
228	0	1000	1000	30
228	0	1000	1000	31
# Event data block #30
# Threshold	DAC	Events	Triggered	CH#
229	0	1000	992	0
229	0	1000	1000	1
229	0	1000	959	2
229	0	1000	940	3
229	0	1000	922	4
229	0	1000	951	5
229	0	1000	661	6
229	0	1000	924	7
229	0	1000	911	8
229	0	1000	923	9
229	0	1000	682	10
229	0	1000	932	11
229	0	1000	916	12
229	0	1000	972	13
229	0	1000	597	14
229	0	1000	100	15
229	0	1000	942	16
229	0	1000	97	17
229	0	1000	995	18
229	0	1000	960	19
229	0	1000	932	20
229	0	1000	961	21
229	0	1000	839	22
229	0	1000	900	23
229	0	1000	727	24
229	0	1000	906	25
229	0	1000	978	26
229	0	1000	913	27
229	0	1000	960	28
229	0	1000	1000	29
229	0	1000	1000	30
229	0	1000	1000	31
# Event data block #31
# Threshold	DAC	Events	Triggered	CH#
230	0	1000	996	0
230	0	1000	1000	1
230	0	1000	964	2
230	0	1000	938	3
230	0	1000	911	4
230	0	1000	946	5
230	0	1000	752	6
230	0	1000	910	7
230	0	1000	908	8
230	0	1000	914	9
230	0	1000	777	10
230	0	1000	927	11
230	0	1000	919	12
230	0	1000	973	13
230	0	1000	839	14
230	0	1000	230	15
230	0	1000	946	16
230	0	1000	248	17
230	0	1000	996	18
230	0	1000	955	19
230	0	1000	927	20
230	0	1000	953	21
230	0	1000	858	22
230	0	1000	890	23
230	0	1000	770	24
230	0	1000	900	25
230	0	1000	969	26
230	0	1000	915	27
230	0	1000	958	28
230	0	1000	1000	29
230	0	1000	1000	30
230	0	1000	1000	31
# Event data block #32
# Threshold	DAC	Events	Triggered	CH#
231	0	1000	997	0
231	0	1000	999	1
231	0	1000	954	2
231	0	1000	906	3
231	0	1000	880	4
231	0	1000	914	5
231	0	1000	769	6
231	0	1000	862	7
231	0	1000	863	8
231	0	1000	871	9
231	0	1000	793	10
231	0	1000	885	11
231	0	1000	872	12
231	0	1000	970	13
231	0	1000	855	14
231	0	1000	558	15
231	0	1000	932	16
231	0	1000	621	17
231	0	1000	995	18
231	0	1000	930	19
231	0	1000	893	20
231	0	1000	929	21
231	0	1000	821	22
231	0	1000	834	23
231	0	1000	763	24
231	0	1000	849	25
231	0	1000	965	26
231	0	1000	869	27
231	0	1000	942	28
231	0	1000	999	29
231	0	1000	1000	30
231	0	1000	1000	31
# Event data block #33
# Threshold	DAC	Events	Triggered	CH#
232	0	1000	997	0
232	0	1000	1000	1
232	0	1000	966	2
232	0	1000	926	3
232	0	1000	887	4
232	0	1000	931	5
232	0	1000	797	6
232	0	1000	875	7
232	0	1000	864	8
232	0	1000	885	9
232	0	1000	822	10
232	0	1000	904	11
232	0	1000	892	12
232	0	1000	968	13
232	0	1000	884	14
232	0	1000	782	15
232	0	1000	952	16
232	0	1000	812	17
232	0	1000	997	18
232	0	1000	948	19
232	0	1000	900	20
232	0	1000	941	21
232	0	1000	832	22
232	0	1000	850	23
232	0	1000	776	24
232	0	1000	865	25
232	0	1000	970	26
232	0	1000	885	27
232	0	1000	958	28
232	0	1000	1000	29
232	0	1000	1000	30
232	0	1000	1000	31
# Event data block #34
# Threshold	DAC	Events	Triggered	CH#
233	0	1000	997	0
233	0	1000	1000	1
233	0	1000	971	2
233	0	1000	932	3
233	0	1000	884	4
233	0	1000	929	5
233	0	1000	805	6
233	0	1000	870	7
233	0	1000	865	8
233	0	1000	876	9
233	0	1000	832	10
233	0	1000	895	11
233	0	1000	889	12
233	0	1000	975	13
233	0	1000	892	14
233	0	1000	847	15
233	0	1000	960	16
233	0	1000	859	17
233	0	1000	995	18
233	0	1000	947	19
233	0	1000	889	20
233	0	1000	937	21
233	0	1000	836	22
233	0	1000	848	23
233	0	1000	805	24
233	0	1000	862	25
233	0	1000	969	26
233	0	1000	882	27
233	0	1000	959	28
233	0	1000	1000	29
233	0	1000	1000	30
233	0	1000	1000	31
# Event data block #35
# Threshold	DAC	Events	Triggered	CH#
234	0	1000	998	0
234	0	1000	1000	1
234	0	1000	986	2
234	0	1000	948	3
234	0	1000	899	4
234	0	1000	942	5
234	0	1000	800	6
234	0	1000	864	7
234	0	1000	865	8
234	0	1000	873	9
234	0	1000	833	10
234	0	1000	907	11
234	0	1000	895	12
234	0	1000	989	13
234	0	1000	917	14
234	0	1000	864	15
234	0	1000	975	16
234	0	1000	869	17
234	0	1000	997	18
234	0	1000	961	19
234	0	1000	903	20
234	0	1000	951	21
234	0	1000	835	22
234	0	1000	839	23
234	0	1000	795	24
234	0	1000	857	25
234	0	1000	974	26
234	0	1000	886	27
234	0	1000	971	28
234	0	1000	1000	29
234	0	1000	1000	30
234	0	1000	1000	31
# Event data block #36
# Threshold	DAC	Events	Triggered	CH#
235	0	1000	1000	0
235	0	1000	1000	1
235	0	1000	990	2
235	0	1000	948	3
235	0	1000	917	4
235	0	1000	943	5
235	0	1000	832	6
235	0	1000	889	7
235	0	1000	899	8
235	0	1000	900	9
235	0	1000	868	10
235	0	1000	920	11
235	0	1000	918	12
235	0	1000	993	13
235	0	1000	934	14
235	0	1000	905	15
235	0	1000	984	16
235	0	1000	905	17
235	0	1000	996	18
235	0	1000	961	19
235	0	1000	919	20
235	0	1000	950	21
235	0	1000	866	22
235	0	1000	872	23
235	0	1000	830	24
235	0	1000	890	25
235	0	1000	971	26
235	0	1000	909	27
235	0	1000	971	28
235	0	1000	1000	29
235	0	1000	1000	30
235	0	1000	1000	31
# Event data block #37
# Threshold	DAC	Events	Triggered	CH#
236	0	1000	1000	0
236	0	1000	1000	1
236	0	1000	994	2
236	0	1000	961	3
236	0	1000	921	4
236	0	1000	955	5
236	0	1000	820	6
236	0	1000	868	7
236	0	1000	999	8
236	0	1000	889	9
236	0	1000	849	10
236	0	1000	928	11
236	0	1000	920	12
236	0	1000	995	13
236	0	1000	952	14
236	0	1000	916	15
236	0	1000	991	16
236	0	1000	912	17
236	0	1000	998	18
236	0	1000	963	19
236	0	1000	921	20
236	0	1000	950	21
236	0	1000	842	22
236	0	1000	839	23
236	0	1000	801	24
236	0	1000	872	25
236	0	1000	980	26
236	0	1000	907	27
236	0	1000	978	28
236	0	1000	1000	29
236	0	1000	1000	30
236	0	1000	1000	31
# Event data block #38
# Threshold	DAC	Events	Triggered	CH#
237	0	1000	1000	0
237	0	1000	1000	1
237	0	1000	995	2
237	0	1000	974	3
237	0	1000	948	4
237	0	1000	966	5
237	0	1000	845	6
237	0	1000	889	7
237	0	1000	1000	8
237	0	1000	903	9
237	0	1000	877	10
237	0	1000	943	11
237	0	1000	939	12
237	0	1000	998	13
237	0	1000	965	14
237	0	1000	936	15
237	0	1000	995	16
237	0	1000	941	17
237	0	1000	1000	18
237	0	1000	975	19
237	0	1000	936	20
237	0	1000	968	21
237	0	1000	870	22
237	0	1000	870	23
237	0	1000	829	24
237	0	1000	888	25
237	0	1000	986	26
237	0	1000	927	27
237	0	1000	987	28
237	0	1000	1000	29
237	0	1000	1000	30
237	0	1000	1000	31
# Event data block #39
# Threshold	DAC	Events	Triggered	CH#
238	0	1000	1000	0
238	0	1000	1000	1
238	0	1000	997	2
238	0	1000	975	3
238	0	1000	982	4
238	0	1000	962	5
238	0	1000	851	6
238	0	1000	885	7
238	0	1000	1000	8
238	0	1000	906	9
238	0	1000	879	10
238	0	1000	937	11
238	0	1000	936	12
238	0	1000	1000	13
238	0	1000	974	14
238	0	1000	947	15
238	0	1000	996	16
238	0	1000	943	17
238	0	1000	999	18
238	0	1000	978	19
238	0	1000	938	20
238	0	1000	966	21
238	0	1000	865	22
238	0	1000	864	23
238	0	1000	833	24
238	0	1000	885	25
238	0	1000	987	26
238	0	1000	928	27
238	0	1000	988	28
238	0	1000	1000	29
238	0	1000	1000	30
238	0	1000	1000	31
# Event data block #40
# Threshold	DAC	Events	Triggered	CH#
239	0	1000	1000	0
239	0	1000	1000	1
239	0	1000	1000	2
239	0	1000	987	3
239	0	1000	1000	4
239	0	1000	973	5
239	0	1000	834	6
239	0	1000	870	7
239	0	1000	1000	8
239	0	1000	893	9
239	0	1000	864	10
239	0	1000	944	11
239	0	1000	943	12
239	0	1000	1000	13
239	0	1000	985	14
239	0	1000	958	15
239	0	1000	1000	16
239	0	1000	958	17
239	0	1000	1000	18
239	0	1000	987	19
239	0	1000	944	20
239	0	1000	971	21
239	0	1000	846	22
239	0	1000	843	23
239	0	1000	809	24
239	0	1000	871	25
239	0	1000	993	26
239	0	1000	929	27
239	0	1000	994	28
239	0	1000	1000	29
239	0	1000	1000	30
239	0	1000	1000	31
# Event data block #41
# Threshold	DAC	Events	Triggered	CH#
240	0	1000	1000	0
240	0	1000	1000	1
240	0	1000	1000	2
240	0	1000	996	3
240	0	1000	1000	4
240	0	1000	981	5
240	0	1000	870	6
240	0	1000	893	7
240	0	1000	1000	8
240	0	1000	908	9
240	0	1000	887	10
240	0	1000	947	11
240	0	1000	946	12
240	0	1000	1000	13
240	0	1000	993	14
240	0	1000	971	15
240	0	1000	1000	16
240	0	1000	971	17
240	0	1000	1000	18
240	0	1000	994	19
240	0	1000	949	20
240	0	1000	977	21
240	0	1000	866	22
240	0	1000	863	23
240	0	1000	833	24
240	0	1000	895	25
240	0	1000	996	26
240	0	1000	934	27
240	0	1000	999	28
240	0	1000	1000	29
240	0	1000	1000	30
240	0	1000	1000	31
# Event data block #42
# Threshold	DAC	Events	Triggered	CH#
241	0	1000	1000	0
241	0	1000	1000	1
241	0	1000	1000	2
241	0	1000	995	3
241	0	1000	1000	4
241	0	1000	989	5
241	0	1000	916	6
241	0	1000	903	7
241	0	1000	1000	8
241	0	1000	932	9
241	0	1000	908	10
241	0	1000	963	11
241	0	1000	964	12
241	0	1000	1000	13
241	0	1000	1000	14
241	0	1000	982	15
241	0	1000	1000	16
241	0	1000	985	17
241	0	1000	1000	18
241	0	1000	994	19
241	0	1000	968	20
241	0	1000	979	21
241	0	1000	888	22
241	0	1000	875	23
241	0	1000	855	24
241	0	1000	909	25
241	0	1000	997	26
241	0	1000	965	27
241	0	1000	999	28
241	0	1000	1000	29
241	0	1000	1000	30
241	0	1000	1000	31
# Event data block #43
# Threshold	DAC	Events	Triggered	CH#
242	0	1000	1000	0
242	0	1000	1000	1
242	0	1000	1000	2
242	0	1000	997	3
242	0	1000	1000	4
242	0	1000	1000	5
242	0	1000	1000	6
242	0	1000	911	7
242	0	1000	1000	8
242	0	1000	931	9
242	0	1000	914	10
242	0	1000	958	11
242	0	1000	956	12
242	0	1000	1000	13
242	0	1000	1000	14
242	0	1000	984	15
242	0	1000	1000	16
242	0	1000	990	17
242	0	1000	1000	18
242	0	1000	996	19
242	0	1000	965	20
242	0	1000	975	21
242	0	1000	895	22
242	0	1000	880	23
242	0	1000	860	24
242	0	1000	915	25
242	0	1000	999	26
242	0	1000	954	27
242	0	1000	997	28
242	0	1000	1000	29
242	0	1000	1000	30
242	0	1000	1000	31
# Event data block #44
# Threshold	DAC	Events	Triggered	CH#
243	0	1000	1000	0
243	0	1000	1000	1
243	0	1000	1000	2
243	0	1000	998	3
243	0	1000	1000	4
243	0	1000	1000	5
243	0	1000	1000	6
243	0	1000	916	7
243	0	1000	1000	8
243	0	1000	939	9
243	0	1000	920	10
243	0	1000	957	11
243	0	1000	964	12
243	0	1000	1000	13
243	0	1000	1000	14
243	0	1000	987	15
243	0	1000	1000	16
243	0	1000	996	17
243	0	1000	1000	18
243	0	1000	997	19
243	0	1000	1000	20
243	0	1000	979	21
243	0	1000	897	22
243	0	1000	869	23
243	0	1000	851	24
243	0	1000	916	25
243	0	1000	1000	26
243	0	1000	964	27
243	0	1000	999	28
243	0	1000	1000	29
243	0	1000	1000	30
243	0	1000	1000	31
# Event data block #45
# Threshold	DAC	Events	Triggered	CH#
244	0	1000	1000	0
244	0	1000	1000	1
244	0	1000	1000	2
244	0	1000	999	3
244	0	1000	1000	4
244	0	1000	1000	5
244	0	1000	1000	6
244	0	1000	997	7
244	0	1000	1000	8
244	0	1000	963	9
244	0	1000	956	10
244	0	1000	979	11
244	0	1000	984	12
244	0	1000	1000	13
244	0	1000	1000	14
244	0	1000	995	15
244	0	1000	1000	16
244	0	1000	996	17
244	0	1000	1000	18
244	0	1000	1000	19
244	0	1000	1000	20
244	0	1000	991	21
244	0	1000	926	22
244	0	1000	899	23
244	0	1000	883	24
244	0	1000	952	25
244	0	1000	1000	26
244	0	1000	986	27
244	0	1000	997	28
244	0	1000	1000	29
244	0	1000	1000	30
244	0	1000	1000	31
# Event data block #46
# Threshold	DAC	Events	Triggered	CH#
245	0	1000	1000	0
245	0	1000	1000	1
245	0	1000	1000	2
245	0	1000	1000	3
245	0	1000	1000	4
245	0	1000	1000	5
245	0	1000	1000	6
245	0	1000	1000	7
245	0	1000	1000	8
245	0	1000	996	9
245	0	1000	1000	10
245	0	1000	988	11
245	0	1000	990	12
245	0	1000	1000	13
245	0	1000	1000	14
245	0	1000	999	15
245	0	1000	1000	16
245	0	1000	999	17
245	0	1000	1000	18
245	0	1000	1000	19
245	0	1000	1000	20
245	0	1000	993	21
245	0	1000	955	22
245	0	1000	910	23
245	0	1000	893	24
245	0	1000	976	25
245	0	1000	1000	26
245	0	1000	1000	27
245	0	1000	999	28
245	0	1000	1000	29
245	0	1000	1000	30
245	0	1000	1000	31
# Event data block #47
# Threshold	DAC	Events	Triggered	CH#
246	0	1000	1000	0
246	0	1000	1000	1
246	0	1000	1000	2
246	0	1000	1000	3
246	0	1000	1000	4
246	0	1000	1000	5
246	0	1000	1000	6
246	0	1000	1000	7
246	0	1000	1000	8
246	0	1000	1000	9
246	0	1000	1000	10
246	0	1000	989	11
246	0	1000	996	12
246	0	1000	1000	13
246	0	1000	1000	14
246	0	1000	1000	15
246	0	1000	1000	16
246	0	1000	1000	17
246	0	1000	1000	18
246	0	1000	1000	19
246	0	1000	1000	20
246	0	1000	997	21
246	0	1000	1000	22
246	0	1000	912	23
246	0	1000	898	24
246	0	1000	1000	25
246	0	1000	1000	26
246	0	1000	1000	27
246	0	1000	1000	28
246	0	1000	1000	29
246	0	1000	1000	30
246	0	1000	1000	31
# Event data block #48
# Threshold	DAC	Events	Triggered	CH#
247	0	1000	1000	0
247	0	1000	1000	1
247	0	1000	1000	2
247	0	1000	1000	3
247	0	1000	1000	4
247	0	1000	1000	5
247	0	1000	1000	6
247	0	1000	1000	7
247	0	1000	1000	8
247	0	1000	1000	9
247	0	1000	1000	10
247	0	1000	994	11
247	0	1000	997	12
247	0	1000	1000	13
247	0	1000	1000	14
247	0	1000	1000	15
247	0	1000	1000	16
247	0	1000	1000	17
247	0	1000	1000	18
247	0	1000	1000	19
247	0	1000	1000	20
247	0	1000	997	21
247	0	1000	1000	22
247	0	1000	926	23
247	0	1000	921	24
247	0	1000	1000	25
247	0	1000	1000	26
247	0	1000	1000	27
247	0	1000	1000	28
247	0	1000	1000	29
247	0	1000	1000	30
247	0	1000	1000	31
# Event data block #49
# Threshold	DAC	Events	Triggered	CH#
248	0	1000	1000	0
248	0	1000	1000	1
248	0	1000	1000	2
248	0	1000	1000	3
248	0	1000	1000	4
248	0	1000	1000	5
248	0	1000	1000	6
248	0	1000	1000	7
248	0	1000	1000	8
248	0	1000	1000	9
248	0	1000	1000	10
248	0	1000	995	11
248	0	1000	1000	12
248	0	1000	1000	13
248	0	1000	1000	14
248	0	1000	1000	15
248	0	1000	1000	16
248	0	1000	1000	17
248	0	1000	1000	18
248	0	1000	1000	19
248	0	1000	1000	20
248	0	1000	1000	21
248	0	1000	1000	22
248	0	1000	941	23
248	0	1000	930	24
248	0	1000	1000	25
248	0	1000	1000	26
248	0	1000	1000	27
248	0	1000	1000	28
248	0	1000	1000	29
248	0	1000	1000	30
248	0	1000	1000	31
# Event data block #50
# Threshold	DAC	Events	Triggered	CH#
249	0	1000	1000	0
249	0	1000	1000	1
249	0	1000	1000	2
249	0	1000	1000	3
249	0	1000	1000	4
249	0	1000	1000	5
249	0	1000	1000	6
249	0	1000	1000	7
249	0	1000	1000	8
249	0	1000	1000	9
249	0	1000	1000	10
249	0	1000	1000	11
249	0	1000	1000	12
249	0	1000	1000	13
249	0	1000	1000	14
249	0	1000	1000	15
249	0	1000	1000	16
249	0	1000	1000	17
249	0	1000	1000	18
249	0	1000	1000	19
249	0	1000	1000	20
249	0	1000	1000	21
249	0	1000	1000	22
249	0	1000	953	23
249	0	1000	989	24
249	0	1000	1000	25
249	0	1000	1000	26
249	0	1000	1000	27
249	0	1000	1000	28
249	0	1000	1000	29
249	0	1000	1000	30
249	0	1000	1000	31
# Event data block #51
# Threshold	DAC	Events	Triggered	CH#
250	0	1000	1000	0
250	0	1000	1000	1
250	0	1000	1000	2
250	0	1000	1000	3
250	0	1000	1000	4
250	0	1000	1000	5
250	0	1000	1000	6
250	0	1000	1000	7
250	0	1000	1000	8
250	0	1000	1000	9
250	0	1000	1000	10
250	0	1000	1000	11
250	0	1000	1000	12
250	0	1000	1000	13
250	0	1000	1000	14
250	0	1000	1000	15
250	0	1000	1000	16
250	0	1000	1000	17
250	0	1000	1000	18
250	0	1000	1000	19
250	0	1000	1000	20
250	0	1000	1000	21
250	0	1000	1000	22
250	0	1000	959	23
250	0	1000	1000	24
250	0	1000	1000	25
250	0	1000	1000	26
250	0	1000	1000	27
250	0	1000	1000	28
250	0	1000	1000	29
250	0	1000	1000	30
250	0	1000	1000	31
# Event data block #52
# Threshold	DAC	Events	Triggered	CH#
251	0	1000	1000	0
251	0	1000	1000	1
251	0	1000	1000	2
251	0	1000	1000	3
251	0	1000	1000	4
251	0	1000	1000	5
251	0	1000	1000	6
251	0	1000	1000	7
251	0	1000	1000	8
251	0	1000	1000	9
251	0	1000	1000	10
251	0	1000	1000	11
251	0	1000	1000	12
251	0	1000	1000	13
251	0	1000	1000	14
251	0	1000	1000	15
251	0	1000	1000	16
251	0	1000	1000	17
251	0	1000	1000	18
251	0	1000	1000	19
251	0	1000	1000	20
251	0	1000	1000	21
251	0	1000	1000	22
251	0	1000	1000	23
251	0	1000	1000	24
251	0	1000	1000	25
251	0	1000	1000	26
251	0	1000	1000	27
251	0	1000	1000	28
251	0	1000	1000	29
251	0	1000	1000	30
251	0	1000	1000	31
# Event data block #53
# Threshold	DAC	Events	Triggered	CH#
252	0	1000	1000	0
252	0	1000	1000	1
252	0	1000	1000	2
252	0	1000	1000	3
252	0	1000	1000	4
252	0	1000	1000	5
252	0	1000	1000	6
252	0	1000	1000	7
252	0	1000	1000	8
252	0	1000	1000	9
252	0	1000	1000	10
252	0	1000	1000	11
252	0	1000	1000	12
252	0	1000	1000	13
252	0	1000	1000	14
252	0	1000	1000	15
252	0	1000	1000	16
252	0	1000	1000	17
252	0	1000	1000	18
252	0	1000	1000	19
252	0	1000	1000	20
252	0	1000	1000	21
252	0	1000	1000	22
252	0	1000	1000	23
252	0	1000	1000	24
252	0	1000	1000	25
252	0	1000	1000	26
252	0	1000	1000	27
252	0	1000	1000	28
252	0	1000	1000	29
252	0	1000	1000	30
252	0	1000	1000	31
# Event data block #54
# Threshold	DAC	Events	Triggered	CH#
253	0	1000	1000	0
253	0	1000	1000	1
253	0	1000	1000	2
253	0	1000	1000	3
253	0	1000	1000	4
253	0	1000	1000	5
253	0	1000	1000	6
253	0	1000	1000	7
253	0	1000	1000	8
253	0	1000	1000	9
253	0	1000	1000	10
253	0	1000	1000	11
253	0	1000	1000	12
253	0	1000	1000	13
253	0	1000	1000	14
253	0	1000	1000	15
253	0	1000	1000	16
253	0	1000	1000	17
253	0	1000	1000	18
253	0	1000	1000	19
253	0	1000	1000	20
253	0	1000	1000	21
253	0	1000	1000	22
253	0	1000	1000	23
253	0	1000	1000	24
253	0	1000	1000	25
253	0	1000	1000	26
253	0	1000	1000	27
253	0	1000	1000	28
253	0	1000	1000	29
253	0	1000	1000	30
253	0	1000	1000	31
# Event data block #55
# Threshold	DAC	Events	Triggered	CH#
254	0	1000	1000	0
254	0	1000	1000	1
254	0	1000	1000	2
254	0	1000	1000	3
254	0	1000	1000	4
254	0	1000	1000	5
254	0	1000	1000	6
254	0	1000	1000	7
254	0	1000	1000	8
254	0	1000	1000	9
254	0	1000	1000	10
254	0	1000	1000	11
254	0	1000	1000	12
254	0	1000	1000	13
254	0	1000	1000	14
254	0	1000	1000	15
254	0	1000	1000	16
254	0	1000	1000	17
254	0	1000	1000	18
254	0	1000	1000	19
254	0	1000	1000	20
254	0	1000	1000	21
254	0	1000	1000	22
254	0	1000	1000	23
254	0	1000	1000	24
254	0	1000	1000	25
254	0	1000	1000	26
254	0	1000	1000	27
254	0	1000	1000	28
254	0	1000	1000	29
254	0	1000	1000	30
254	0	1000	1000	31
# Event data block #56
# Threshold	DAC	Events	Triggered	CH#
255	0	1000	1000	0
255	0	1000	1000	1
255	0	1000	1000	2
255	0	1000	1000	3
255	0	1000	1000	4
255	0	1000	1000	5
255	0	1000	1000	6
255	0	1000	1000	7
255	0	1000	1000	8
255	0	1000	1000	9
255	0	1000	1000	10
255	0	1000	1000	11
255	0	1000	1000	12
255	0	1000	1000	13
255	0	1000	1000	14
255	0	1000	1000	15
255	0	1000	1000	16
255	0	1000	1000	17
255	0	1000	1000	18
255	0	1000	1000	19
255	0	1000	1000	20
255	0	1000	1000	21
255	0	1000	1000	22
255	0	1000	1000	23
255	0	1000	1000	24
255	0	1000	1000	25
255	0	1000	1000	26
255	0	1000	1000	27
255	0	1000	1000	28
255	0	1000	1000	29
255	0	1000	1000	30
255	0	1000	1000	31
