# ASIC configuration for the measurements:
# ------------------------------------------------------------------------------
# Mode = 000 
# Bias = 0101 
# CSArefs = 1011 
# Shaper = 110 
# Leakage mask = 00000000000000000000000000000000 
# Discr. enable mask = 11111111111111111111111111111111 
# Calibration mask = 00000000000000000000000000000000 
# Threshold = 255 
# FineTHR[0] = 001 
# FineTHR[1] = 001 
# FineTHR[2] = 001 
# FineTHR[3] = 001 
# FineTHR[4] = 001 
# FineTHR[5] = 001 
# FineTHR[6] = 001 
# FineTHR[7] = 001 
# FineTHR[8] = 001 
# FineTHR[9] = 001 
# FineTHR[10] = 001 
# FineTHR[11] = 001 
# FineTHR[12] = 001 
# FineTHR[13] = 001 
# FineTHR[14] = 001 
# FineTHR[15] = 001 
# FineTHR[16] = 001 
# FineTHR[17] = 001 
# FineTHR[18] = 001 
# FineTHR[19] = 001 
# FineTHR[20] = 001 
# FineTHR[21] = 001 
# FineTHR[22] = 001 
# FineTHR[23] = 001 
# FineTHR[24] = 001 
# FineTHR[25] = 001 
# FineTHR[26] = 001 
# FineTHR[27] = 001 
# FineTHR[28] = 001 
# FineTHR[29] = 001 
# FineTHR[30] = 001 
# FineTHR[31] = 001 
# ------------------------------------------------------------------------------
# Event data block #1
# Threshold	DAC	Events	Triggered	CH#
200	0	1000	0	0
200	0	1000	0	1
200	0	1000	0	2
200	0	1000	2	3
200	0	1000	5	4
200	0	1000	46	5
200	0	1000	13	6
200	0	1000	104	7
200	0	1000	90	8
200	0	1000	53	9
200	0	1000	8	10
200	0	1000	16	11
200	0	1000	4	12
200	0	1000	3	13
200	0	1000	0	14
200	0	1000	0	15
200	0	1000	0	16
200	0	1000	0	17
200	0	1000	27	18
200	0	1000	19	19
200	0	1000	20	20
200	0	1000	67	21
200	0	1000	29	22
200	0	1000	95	23
200	0	1000	51	24
200	0	1000	51	25
200	0	1000	95	26
200	0	1000	8	27
200	0	1000	2	28
200	0	1000	3	29
200	0	1000	21	30
200	0	1000	1	31
# Event data block #2
# Threshold	DAC	Events	Triggered	CH#
201	0	1000	0	0
201	0	1000	0	1
201	0	1000	0	2
201	0	1000	2	3
201	0	1000	8	4
201	0	1000	58	5
201	0	1000	21	6
201	0	1000	114	7
201	0	1000	100	8
201	0	1000	64	9
201	0	1000	12	10
201	0	1000	22	11
201	0	1000	5	12
201	0	1000	4	13
201	0	1000	0	14
201	0	1000	0	15
201	0	1000	0	16
201	0	1000	0	17
201	0	1000	49	18
201	0	1000	27	19
201	0	1000	30	20
201	0	1000	77	21
201	0	1000	47	22
201	0	1000	103	23
201	0	1000	62	24
201	0	1000	64	25
201	0	1000	114	26
201	0	1000	13	27
201	0	1000	3	28
201	0	1000	4	29
201	0	1000	46	30
201	0	1000	3	31
# Event data block #3
# Threshold	DAC	Events	Triggered	CH#
202	0	1000	0	0
202	0	1000	0	1
202	0	1000	0	2
202	0	1000	1	3
202	0	1000	7	4
202	0	1000	57	5
202	0	1000	15	6
202	0	1000	112	7
202	0	1000	98	8
202	0	1000	61	9
202	0	1000	9	10
202	0	1000	18	11
202	0	1000	5	12
202	0	1000	3	13
202	0	1000	0	14
202	0	1000	0	15
202	0	1000	0	16
202	0	1000	0	17
202	0	1000	53	18
202	0	1000	24	19
202	0	1000	23	20
202	0	1000	76	21
202	0	1000	41	22
202	0	1000	95	23
202	0	1000	62	24
202	0	1000	58	25
202	0	1000	110	26
202	0	1000	12	27
202	0	1000	1	28
202	0	1000	4	29
202	0	1000	57	30
202	0	1000	2	31
# Event data block #4
# Threshold	DAC	Events	Triggered	CH#
203	0	1000	0	0
203	0	1000	0	1
203	0	1000	0	2
203	0	1000	1	3
203	0	1000	12	4
203	0	1000	55	5
203	0	1000	24	6
203	0	1000	111	7
203	0	1000	99	8
203	0	1000	62	9
203	0	1000	12	10
203	0	1000	31	11
203	0	1000	11	12
203	0	1000	12	13
203	0	1000	0	14
203	0	1000	0	15
203	0	1000	0	16
203	0	1000	0	17
203	0	1000	49	18
203	0	1000	34	19
203	0	1000	35	20
203	0	1000	77	21
203	0	1000	44	22
203	0	1000	99	23
203	0	1000	61	24
203	0	1000	54	25
203	0	1000	118	26
203	0	1000	22	27
203	0	1000	3	28
203	0	1000	13	29
203	0	1000	74	30
203	0	1000	6	31
# Event data block #5
# Threshold	DAC	Events	Triggered	CH#
204	0	1000	0	0
204	0	1000	0	1
204	0	1000	0	2
204	0	1000	3	3
204	0	1000	8	4
204	0	1000	68	5
204	0	1000	19	6
204	0	1000	128	7
204	0	1000	111	8
204	0	1000	69	9
204	0	1000	10	10
204	0	1000	24	11
204	0	1000	9	12
204	0	1000	6	13
204	0	1000	0	14
204	0	1000	0	15
204	0	1000	0	16
204	0	1000	0	17
204	0	1000	67	18
204	0	1000	29	19
204	0	1000	29	20
204	0	1000	88	21
204	0	1000	43	22
204	0	1000	115	23
204	0	1000	65	24
204	0	1000	63	25
204	0	1000	139	26
204	0	1000	15	27
204	0	1000	4	28
204	0	1000	12	29
204	0	1000	119	30
204	0	1000	8	31
# Event data block #6
# Threshold	DAC	Events	Triggered	CH#
205	0	1000	0	0
205	0	1000	0	1
205	0	1000	0	2
205	0	1000	2	3
205	0	1000	12	4
205	0	1000	67	5
205	0	1000	22	6
205	0	1000	129	7
205	0	1000	107	8
205	0	1000	67	9
205	0	1000	12	10
205	0	1000	30	11
205	0	1000	7	12
205	0	1000	4	13
205	0	1000	0	14
205	0	1000	0	15
205	0	1000	0	16
205	0	1000	0	17
205	0	1000	69	18
205	0	1000	33	19
205	0	1000	33	20
205	0	1000	94	21
205	0	1000	42	22
205	0	1000	99	23
205	0	1000	57	24
205	0	1000	62	25
205	0	1000	144	26
205	0	1000	20	27
205	0	1000	3	28
205	0	1000	20	29
205	0	1000	150	30
205	0	1000	15	31
# Event data block #7
# Threshold	DAC	Events	Triggered	CH#
206	0	1000	0	0
206	0	1000	0	1
206	0	1000	0	2
206	0	1000	0	3
206	0	1000	17	4
206	0	1000	75	5
206	0	1000	23	6
206	0	1000	118	7
206	0	1000	107	8
206	0	1000	73	9
206	0	1000	16	10
206	0	1000	35	11
206	0	1000	16	12
206	0	1000	15	13
206	0	1000	0	14
206	0	1000	0	15
206	0	1000	0	16
206	0	1000	0	17
206	0	1000	91	18
206	0	1000	41	19
206	0	1000	39	20
206	0	1000	101	21
206	0	1000	53	22
206	0	1000	102	23
206	0	1000	66	24
206	0	1000	67	25
206	0	1000	146	26
206	0	1000	24	27
206	0	1000	5	28
206	0	1000	29	29
206	0	1000	294	30
206	0	1000	26	31
# Event data block #8
# Threshold	DAC	Events	Triggered	CH#
207	0	1000	0	0
207	0	1000	0	1
207	0	1000	0	2
207	0	1000	5	3
207	0	1000	25	4
207	0	1000	89	5
207	0	1000	35	6
207	0	1000	139	7
207	0	1000	129	8
207	0	1000	85	9
207	0	1000	26	10
207	0	1000	46	11
207	0	1000	27	12
207	0	1000	27	13
207	0	1000	0	14
207	0	1000	0	15
207	0	1000	0	16
207	0	1000	0	17
207	0	1000	104	18
207	0	1000	57	19
207	0	1000	51	20
207	0	1000	105	21
207	0	1000	65	22
207	0	1000	119	23
207	0	1000	76	24
207	0	1000	83	25
207	0	1000	165	26
207	0	1000	32	27
207	0	1000	16	28
207	0	1000	45	29
207	0	1000	680	30
207	0	1000	48	31
# Event data block #9
# Threshold	DAC	Events	Triggered	CH#
208	0	1000	0	0
208	0	1000	0	1
208	0	1000	0	2
208	0	1000	6	3
208	0	1000	24	4
208	0	1000	92	5
208	0	1000	28	6
208	0	1000	148	7
208	0	1000	129	8
208	0	1000	89	9
208	0	1000	24	10
208	0	1000	48	11
208	0	1000	24	12
208	0	1000	25	13
208	0	1000	0	14
208	0	1000	0	15
208	0	1000	0	16
208	0	1000	0	17
208	0	1000	124	18
208	0	1000	58	19
208	0	1000	51	20
208	0	1000	119	21
208	0	1000	59	22
208	0	1000	119	23
208	0	1000	72	24
208	0	1000	80	25
208	0	1000	213	26
208	0	1000	32	27
208	0	1000	13	28
208	0	1000	54	29
208	0	1000	857	30
208	0	1000	64	31
# Event data block #10
# Threshold	DAC	Events	Triggered	CH#
209	0	1000	0	0
209	0	1000	7	1
209	0	1000	3	2
209	0	1000	11	3
209	0	1000	38	4
209	0	1000	115	5
209	0	1000	52	6
209	0	1000	162	7
209	0	1000	149	8
209	0	1000	105	9
209	0	1000	35	10
209	0	1000	64	11
209	0	1000	31	12
209	0	1000	37	13
209	0	1000	0	14
209	0	1000	0	15
209	0	1000	0	16
209	0	1000	0	17
209	0	1000	158	18
209	0	1000	75	19
209	0	1000	63	20
209	0	1000	145	21
209	0	1000	79	22
209	0	1000	133	23
209	0	1000	96	24
209	0	1000	100	25
209	0	1000	282	26
209	0	1000	45	27
209	0	1000	20	28
209	0	1000	84	29
209	0	1000	901	30
209	0	1000	105	31
# Event data block #11
# Threshold	DAC	Events	Triggered	CH#
210	0	1000	0	0
210	0	1000	12	1
210	0	1000	2	2
210	0	1000	15	3
210	0	1000	34	4
210	0	1000	101	5
210	0	1000	34	6
210	0	1000	150	7
210	0	1000	134	8
210	0	1000	93	9
210	0	1000	31	10
210	0	1000	51	11
210	0	1000	32	12
210	0	1000	36	13
210	0	1000	0	14
210	0	1000	0	15
210	0	1000	0	16
210	0	1000	0	17
210	0	1000	162	18
210	0	1000	62	19
210	0	1000	54	20
210	0	1000	123	21
210	0	1000	60	22
210	0	1000	116	23
210	0	1000	75	24
210	0	1000	82	25
210	0	1000	402	26
210	0	1000	40	27
210	0	1000	25	28
210	0	1000	87	29
210	0	1000	935	30
210	0	1000	113	31
# Event data block #12
# Threshold	DAC	Events	Triggered	CH#
211	0	1000	0	0
211	0	1000	14	1
211	0	1000	0	2
211	0	1000	16	3
211	0	1000	37	4
211	0	1000	112	5
211	0	1000	48	6
211	0	1000	187	7
211	0	1000	171	8
211	0	1000	98	9
211	0	1000	35	10
211	0	1000	68	11
211	0	1000	37	12
211	0	1000	44	13
211	0	1000	0	14
211	0	1000	0	15
211	0	1000	0	16
211	0	1000	0	17
211	0	1000	285	18
211	0	1000	84	19
211	0	1000	68	20
211	0	1000	146	21
211	0	1000	72	22
211	0	1000	127	23
211	0	1000	81	24
211	0	1000	91	25
211	0	1000	541	26
211	0	1000	46	27
211	0	1000	32	28
211	0	1000	124	29
211	0	1000	940	30
211	0	1000	231	31
# Event data block #13
# Threshold	DAC	Events	Triggered	CH#
212	0	1000	2	0
212	0	1000	35	1
212	0	1000	4	2
212	0	1000	27	3
212	0	1000	57	4
212	0	1000	137	5
212	0	1000	59	6
212	0	1000	203	7
212	0	1000	179	8
212	0	1000	123	9
212	0	1000	54	10
212	0	1000	87	11
212	0	1000	54	12
212	0	1000	70	13
212	0	1000	1	14
212	0	1000	0	15
212	0	1000	0	16
212	0	1000	0	17
212	0	1000	503	18
212	0	1000	106	19
212	0	1000	90	20
212	0	1000	167	21
212	0	1000	95	22
212	0	1000	151	23
212	0	1000	104	24
212	0	1000	112	25
212	0	1000	662	26
212	0	1000	67	27
212	0	1000	46	28
212	0	1000	176	29
212	0	1000	959	30
212	0	1000	587	31
# Event data block #14
# Threshold	DAC	Events	Triggered	CH#
213	0	1000	2	0
213	0	1000	47	1
213	0	1000	7	2
213	0	1000	34	3
213	0	1000	67	4
213	0	1000	148	5
213	0	1000	70	6
213	0	1000	255	7
213	0	1000	240	8
213	0	1000	120	9
213	0	1000	57	10
213	0	1000	81	11
213	0	1000	59	12
213	0	1000	78	13
213	0	1000	1	14
213	0	1000	1	15
213	0	1000	0	16
213	0	1000	0	17
213	0	1000	707	18
213	0	1000	108	19
213	0	1000	88	20
213	0	1000	237	21
213	0	1000	91	22
213	0	1000	151	23
213	0	1000	107	24
213	0	1000	114	25
213	0	1000	747	26
213	0	1000	67	27
213	0	1000	52	28
213	0	1000	394	29
213	0	1000	981	30
213	0	1000	831	31
# Event data block #15
# Threshold	DAC	Events	Triggered	CH#
214	0	1000	10	0
214	0	1000	64	1
214	0	1000	13	2
214	0	1000	36	3
214	0	1000	65	4
214	0	1000	167	5
214	0	1000	67	6
214	0	1000	300	7
214	0	1000	289	8
214	0	1000	124	9
214	0	1000	59	10
214	0	1000	87	11
214	0	1000	64	12
214	0	1000	81	13
214	0	1000	2	14
214	0	1000	1	15
214	0	1000	1	16
214	0	1000	0	17
214	0	1000	841	18
214	0	1000	113	19
214	0	1000	93	20
214	0	1000	317	21
214	0	1000	91	22
214	0	1000	169	23
214	0	1000	97	24
214	0	1000	113	25
214	0	1000	829	26
214	0	1000	74	27
214	0	1000	59	28
214	0	1000	750	29
214	0	1000	996	30
214	0	1000	907	31
# Event data block #16
# Threshold	DAC	Events	Triggered	CH#
215	0	1000	17	0
215	0	1000	68	1
215	0	1000	16	2
215	0	1000	32	3
215	0	1000	54	4
215	0	1000	190	5
215	0	1000	52	6
215	0	1000	346	7
215	0	1000	338	8
215	0	1000	116	9
215	0	1000	46	10
215	0	1000	81	11
215	0	1000	55	12
215	0	1000	78	13
215	0	1000	3	14
215	0	1000	2	15
215	0	1000	3	16
215	0	1000	3	17
215	0	1000	852	18
215	0	1000	107	19
215	0	1000	83	20
215	0	1000	410	21
215	0	1000	78	22
215	0	1000	151	23
215	0	1000	85	24
215	0	1000	98	25
215	0	1000	828	26
215	0	1000	59	27
215	0	1000	58	28
215	0	1000	836	29
215	0	1000	995	30
215	0	1000	921	31
# Event data block #17
# Threshold	DAC	Events	Triggered	CH#
216	0	1000	22	0
216	0	1000	105	1
216	0	1000	24	2
216	0	1000	44	3
216	0	1000	71	4
216	0	1000	293	5
216	0	1000	68	6
216	0	1000	412	7
216	0	1000	402	8
216	0	1000	138	9
216	0	1000	61	10
216	0	1000	97	11
216	0	1000	72	12
216	0	1000	101	13
216	0	1000	3	14
216	0	1000	1	15
216	0	1000	3	16
216	0	1000	0	17
216	0	1000	888	18
216	0	1000	138	19
216	0	1000	103	20
216	0	1000	556	21
216	0	1000	92	22
216	0	1000	196	23
216	0	1000	98	24
216	0	1000	115	25
216	0	1000	864	26
216	0	1000	79	27
216	0	1000	78	28
216	0	1000	890	29
216	0	1000	998	30
216	0	1000	953	31
# Event data block #18
# Threshold	DAC	Events	Triggered	CH#
217	0	1000	38	0
217	0	1000	211	1
217	0	1000	32	2
217	0	1000	68	3
217	0	1000	96	4
217	0	1000	431	5
217	0	1000	94	6
217	0	1000	527	7
217	0	1000	484	8
217	0	1000	198	9
217	0	1000	76	10
217	0	1000	145	11
217	0	1000	94	12
217	0	1000	165	13
217	0	1000	5	14
217	0	1000	1	15
217	0	1000	6	16
217	0	1000	3	17
217	0	1000	889	18
217	0	1000	225	19
217	0	1000	149	20
217	0	1000	685	21
217	0	1000	136	22
217	0	1000	245	23
217	0	1000	138	24
217	0	1000	169	25
217	0	1000	861	26
217	0	1000	107	27
217	0	1000	116	28
217	0	1000	904	29
217	0	1000	997	30
217	0	1000	962	31
# Event data block #19
# Threshold	DAC	Events	Triggered	CH#
218	0	1000	57	0
218	0	1000	598	1
218	0	1000	46	2
218	0	1000	74	3
218	0	1000	102	4
218	0	1000	608	5
218	0	1000	87	6
218	0	1000	613	7
218	0	1000	578	8
218	0	1000	246	9
218	0	1000	79	10
218	0	1000	148	11
218	0	1000	97	12
218	0	1000	242	13
218	0	1000	3	14
218	0	1000	1	15
218	0	1000	3	16
218	0	1000	1	17
218	0	1000	927	18
218	0	1000	362	19
218	0	1000	157	20
218	0	1000	780	21
218	0	1000	130	22
218	0	1000	325	23
218	0	1000	146	24
218	0	1000	187	25
218	0	1000	895	26
218	0	1000	107	27
218	0	1000	118	28
218	0	1000	942	29
218	0	1000	1000	30
218	0	1000	982	31
# Event data block #20
# Threshold	DAC	Events	Triggered	CH#
219	0	1000	83	0
219	0	1000	831	1
219	0	1000	62	2
219	0	1000	82	3
219	0	1000	117	4
219	0	1000	713	5
219	0	1000	104	6
219	0	1000	670	7
219	0	1000	629	8
219	0	1000	302	9
219	0	1000	96	10
219	0	1000	160	11
219	0	1000	110	12
219	0	1000	398	13
219	0	1000	16	14
219	0	1000	7	15
219	0	1000	23	16
219	0	1000	7	17
219	0	1000	933	18
219	0	1000	532	19
219	0	1000	183	20
219	0	1000	807	21
219	0	1000	134	22
219	0	1000	369	23
219	0	1000	141	24
219	0	1000	212	25
219	0	1000	898	26
219	0	1000	118	27
219	0	1000	150	28
219	0	1000	963	29
219	0	1000	1000	30
219	0	1000	994	31
# Event data block #21
# Threshold	DAC	Events	Triggered	CH#
220	0	1000	106	0
220	0	1000	932	1
220	0	1000	72	2
220	0	1000	90	3
220	0	1000	126	4
220	0	1000	824	5
220	0	1000	106	6
220	0	1000	763	7
220	0	1000	755	8
220	0	1000	423	9
220	0	1000	92	10
220	0	1000	212	11
220	0	1000	115	12
220	0	1000	688	13
220	0	1000	22	14
220	0	1000	7	15
220	0	1000	22	16
220	0	1000	8	17
220	0	1000	960	18
220	0	1000	734	19
220	0	1000	234	20
220	0	1000	876	21
220	0	1000	155	22
220	0	1000	461	23
220	0	1000	167	24
220	0	1000	278	25
220	0	1000	932	26
220	0	1000	127	27
220	0	1000	195	28
220	0	1000	977	29
220	0	1000	1000	30
220	0	1000	996	31
# Event data block #22
# Threshold	DAC	Events	Triggered	CH#
221	0	1000	211	0
221	0	1000	937	1
221	0	1000	90	2
221	0	1000	104	3
221	0	1000	114	4
221	0	1000	848	5
221	0	1000	93	6
221	0	1000	781	7
221	0	1000	750	8
221	0	1000	544	9
221	0	1000	87	10
221	0	1000	269	11
221	0	1000	118	12
221	0	1000	801	13
221	0	1000	19	14
221	0	1000	11	15
221	0	1000	30	16
221	0	1000	11	17
221	0	1000	950	18
221	0	1000	804	19
221	0	1000	321	20
221	0	1000	876	21
221	0	1000	154	22
221	0	1000	529	23
221	0	1000	155	24
221	0	1000	336	25
221	0	1000	922	26
221	0	1000	132	27
221	0	1000	315	28
221	0	1000	976	29
221	0	1000	1000	30
221	0	1000	998	31
# Event data block #23
# Threshold	DAC	Events	Triggered	CH#
222	0	1000	708	0
222	0	1000	962	1
222	0	1000	138	2
222	0	1000	145	3
222	0	1000	182	4
222	0	1000	862	5
222	0	1000	114	6
222	0	1000	809	7
222	0	1000	782	8
222	0	1000	651	9
222	0	1000	112	10
222	0	1000	441	11
222	0	1000	170	12
222	0	1000	867	13
222	0	1000	39	14
222	0	1000	19	15
222	0	1000	55	16
222	0	1000	25	17
222	0	1000	964	18
222	0	1000	844	19
222	0	1000	513	20
222	0	1000	880	21
222	0	1000	228	22
222	0	1000	600	23
222	0	1000	216	24
222	0	1000	464	25
222	0	1000	917	26
222	0	1000	197	27
222	0	1000	607	28
222	0	1000	992	29
222	0	1000	1000	30
222	0	1000	999	31
# Event data block #24
# Threshold	DAC	Events	Triggered	CH#
223	0	1000	870	0
223	0	1000	971	1
223	0	1000	286	2
223	0	1000	221	3
223	0	1000	287	4
223	0	1000	861	5
223	0	1000	126	6
223	0	1000	806	7
223	0	1000	789	8
223	0	1000	723	9
223	0	1000	117	10
223	0	1000	583	11
223	0	1000	207	12
223	0	1000	872	13
223	0	1000	58	14
223	0	1000	34	15
223	0	1000	84	16
223	0	1000	30	17
223	0	1000	970	18
223	0	1000	857	19
223	0	1000	642	20
223	0	1000	892	21
223	0	1000	264	22
223	0	1000	651	23
223	0	1000	232	24
223	0	1000	553	25
223	0	1000	925	26
223	0	1000	260	27
223	0	1000	761	28
223	0	1000	991	29
223	0	1000	1000	30
223	0	1000	999	31
# Event data block #25
# Threshold	DAC	Events	Triggered	CH#
224	0	1000	916	0
224	0	1000	985	1
224	0	1000	639	2
224	0	1000	462	3
224	0	1000	467	4
224	0	1000	891	5
224	0	1000	154	6
224	0	1000	839	7
224	0	1000	820	8
224	0	1000	789	9
224	0	1000	137	10
224	0	1000	736	11
224	0	1000	336	12
224	0	1000	905	13
224	0	1000	72	14
224	0	1000	45	15
224	0	1000	109	16
224	0	1000	50	17
224	0	1000	980	18
224	0	1000	886	19
224	0	1000	757	20
224	0	1000	911	21
224	0	1000	347	22
224	0	1000	714	23
224	0	1000	289	24
224	0	1000	655	25
224	0	1000	941	26
224	0	1000	408	27
224	0	1000	852	28
224	0	1000	996	29
224	0	1000	1000	30
224	0	1000	1000	31
# Event data block #26
# Threshold	DAC	Events	Triggered	CH#
225	0	1000	940	0
225	0	1000	994	1
225	0	1000	817	2
225	0	1000	678	3
225	0	1000	630	4
225	0	1000	898	5
225	0	1000	202	6
225	0	1000	845	7
225	0	1000	833	8
225	0	1000	804	9
225	0	1000	171	10
225	0	1000	790	11
225	0	1000	522	12
225	0	1000	921	13
225	0	1000	86	14
225	0	1000	44	15
225	0	1000	160	16
225	0	1000	53	17
225	0	1000	987	18
225	0	1000	900	19
225	0	1000	803	20
225	0	1000	914	21
225	0	1000	455	22
225	0	1000	740	23
225	0	1000	370	24
225	0	1000	713	25
225	0	1000	950	26
225	0	1000	553	27
225	0	1000	879	28
225	0	1000	998	29
225	0	1000	1000	30
225	0	1000	1000	31
# Event data block #27
# Threshold	DAC	Events	Triggered	CH#
226	0	1000	966	0
226	0	1000	996	1
226	0	1000	890	2
226	0	1000	840	3
226	0	1000	793	4
226	0	1000	925	5
226	0	1000	280	6
226	0	1000	876	7
226	0	1000	865	8
226	0	1000	859	9
226	0	1000	234	10
226	0	1000	861	11
226	0	1000	714	12
226	0	1000	946	13
226	0	1000	102	14
226	0	1000	41	15
226	0	1000	392	16
226	0	1000	50	17
226	0	1000	983	18
226	0	1000	926	19
226	0	1000	863	20
226	0	1000	936	21
226	0	1000	582	22
226	0	1000	797	23
226	0	1000	444	24
226	0	1000	794	25
226	0	1000	960	26
226	0	1000	740	27
226	0	1000	919	28
226	0	1000	997	29
226	0	1000	1000	30
226	0	1000	1000	31
# Event data block #28
# Threshold	DAC	Events	Triggered	CH#
227	0	1000	987	0
227	0	1000	999	1
227	0	1000	943	2
227	0	1000	923	3
227	0	1000	874	4
227	0	1000	954	5
227	0	1000	386	6
227	0	1000	924	7
227	0	1000	915	8
227	0	1000	917	9
227	0	1000	337	10
227	0	1000	923	11
227	0	1000	848	12
227	0	1000	971	13
227	0	1000	100	14
227	0	1000	41	15
227	0	1000	797	16
227	0	1000	44	17
227	0	1000	992	18
227	0	1000	956	19
227	0	1000	926	20
227	0	1000	960	21
227	0	1000	700	22
227	0	1000	868	23
227	0	1000	532	24
227	0	1000	870	25
227	0	1000	978	26
227	0	1000	854	27
227	0	1000	955	28
227	0	1000	1000	29
227	0	1000	1000	30
227	0	1000	1000	31
# Event data block #29
# Threshold	DAC	Events	Triggered	CH#
228	0	1000	993	0
228	0	1000	1000	1
228	0	1000	970	2
228	0	1000	952	3
228	0	1000	935	4
228	0	1000	973	5
228	0	1000	512	6
228	0	1000	946	7
228	0	1000	944	8
228	0	1000	944	9
228	0	1000	477	10
228	0	1000	950	11
228	0	1000	925	12
228	0	1000	983	13
228	0	1000	212	14
228	0	1000	37	15
228	0	1000	939	16
228	0	1000	40	17
228	0	1000	995	18
228	0	1000	975	19
228	0	1000	949	20
228	0	1000	976	21
228	0	1000	792	22
228	0	1000	910	23
228	0	1000	624	24
228	0	1000	923	25
228	0	1000	987	26
228	0	1000	923	27
228	0	1000	972	28
228	0	1000	1000	29
228	0	1000	1000	30
228	0	1000	1000	31
# Event data block #30
# Threshold	DAC	Events	Triggered	CH#
229	0	1000	992	0
229	0	1000	1000	1
229	0	1000	967	2
229	0	1000	941	3
229	0	1000	914	4
229	0	1000	963	5
229	0	1000	627	6
229	0	1000	921	7
229	0	1000	915	8
229	0	1000	925	9
229	0	1000	633	10
229	0	1000	936	11
229	0	1000	916	12
229	0	1000	979	13
229	0	1000	583	14
229	0	1000	87	15
229	0	1000	950	16
229	0	1000	85	17
229	0	1000	996	18
229	0	1000	965	19
229	0	1000	934	20
229	0	1000	965	21
229	0	1000	825	22
229	0	1000	886	23
229	0	1000	698	24
229	0	1000	893	25
229	0	1000	979	26
229	0	1000	909	27
229	0	1000	967	28
229	0	1000	1000	29
229	0	1000	1000	30
229	0	1000	1000	31
# Event data block #31
# Threshold	DAC	Events	Triggered	CH#
230	0	1000	994	0
230	0	1000	999	1
230	0	1000	952	2
230	0	1000	922	3
230	0	1000	894	4
230	0	1000	933	5
230	0	1000	747	6
230	0	1000	895	7
230	0	1000	885	8
230	0	1000	897	9
230	0	1000	774	10
230	0	1000	906	11
230	0	1000	895	12
230	0	1000	971	13
230	0	1000	837	14
230	0	1000	222	15
230	0	1000	931	16
230	0	1000	233	17
230	0	1000	993	18
230	0	1000	944	19
230	0	1000	904	20
230	0	1000	942	21
230	0	1000	836	22
230	0	1000	865	23
230	0	1000	749	24
230	0	1000	881	25
230	0	1000	966	26
230	0	1000	893	27
230	0	1000	945	28
230	0	1000	1000	29
230	0	1000	1000	30
230	0	1000	1000	31
# Event data block #32
# Threshold	DAC	Events	Triggered	CH#
231	0	1000	994	0
231	0	1000	1000	1
231	0	1000	955	2
231	0	1000	909	3
231	0	1000	877	4
231	0	1000	926	5
231	0	1000	762	6
231	0	1000	867	7
231	0	1000	861	8
231	0	1000	869	9
231	0	1000	793	10
231	0	1000	890	11
231	0	1000	883	12
231	0	1000	970	13
231	0	1000	861	14
231	0	1000	577	15
231	0	1000	936	16
231	0	1000	620	17
231	0	1000	995	18
231	0	1000	941	19
231	0	1000	888	20
231	0	1000	933	21
231	0	1000	823	22
231	0	1000	841	23
231	0	1000	762	24
231	0	1000	852	25
231	0	1000	963	26
231	0	1000	871	27
231	0	1000	947	28
231	0	1000	1000	29
231	0	1000	1000	30
231	0	1000	1000	31
# Event data block #33
# Threshold	DAC	Events	Triggered	CH#
232	0	1000	996	0
232	0	1000	999	1
232	0	1000	967	2
232	0	1000	919	3
232	0	1000	884	4
232	0	1000	930	5
232	0	1000	776	6
232	0	1000	863	7
232	0	1000	860	8
232	0	1000	870	9
232	0	1000	812	10
232	0	1000	893	11
232	0	1000	878	12
232	0	1000	977	13
232	0	1000	880	14
232	0	1000	770	15
232	0	1000	952	16
232	0	1000	792	17
232	0	1000	994	18
232	0	1000	946	19
232	0	1000	890	20
232	0	1000	936	21
232	0	1000	828	22
232	0	1000	838	23
232	0	1000	773	24
232	0	1000	853	25
232	0	1000	968	26
232	0	1000	877	27
232	0	1000	953	28
232	0	1000	999	29
232	0	1000	1000	30
232	0	1000	1000	31
# Event data block #34
# Threshold	DAC	Events	Triggered	CH#
233	0	1000	1000	0
233	0	1000	1000	1
233	0	1000	981	2
233	0	1000	939	3
233	0	1000	903	4
233	0	1000	938	5
233	0	1000	800	6
233	0	1000	875	7
233	0	1000	866	8
233	0	1000	884	9
233	0	1000	823	10
233	0	1000	917	11
233	0	1000	906	12
233	0	1000	989	13
233	0	1000	908	14
233	0	1000	835	15
233	0	1000	969	16
233	0	1000	845	17
233	0	1000	1000	18
233	0	1000	952	19
233	0	1000	911	20
233	0	1000	947	21
233	0	1000	830	22
233	0	1000	843	23
233	0	1000	792	24
233	0	1000	858	25
233	0	1000	977	26
233	0	1000	887	27
233	0	1000	961	28
233	0	1000	1000	29
233	0	1000	1000	30
233	0	1000	1000	31
# Event data block #35
# Threshold	DAC	Events	Triggered	CH#
234	0	1000	1000	0
234	0	1000	1000	1
234	0	1000	986	2
234	0	1000	948	3
234	0	1000	893	4
234	0	1000	944	5
234	0	1000	805	6
234	0	1000	857	7
234	0	1000	865	8
234	0	1000	878	9
234	0	1000	829	10
234	0	1000	907	11
234	0	1000	898	12
234	0	1000	988	13
234	0	1000	909	14
234	0	1000	864	15
234	0	1000	984	16
234	0	1000	865	17
234	0	1000	996	18
234	0	1000	963	19
234	0	1000	903	20
234	0	1000	953	21
234	0	1000	822	22
234	0	1000	834	23
234	0	1000	796	24
234	0	1000	852	25
234	0	1000	983	26
234	0	1000	884	27
234	0	1000	974	28
234	0	1000	1000	29
234	0	1000	1000	30
234	0	1000	1000	31
# Event data block #36
# Threshold	DAC	Events	Triggered	CH#
235	0	1000	1000	0
235	0	1000	1000	1
235	0	1000	990	2
235	0	1000	963	3
235	0	1000	924	4
235	0	1000	955	5
235	0	1000	826	6
235	0	1000	886	7
235	0	1000	904	8
235	0	1000	897	9
235	0	1000	858	10
235	0	1000	928	11
235	0	1000	920	12
235	0	1000	991	13
235	0	1000	946	14
235	0	1000	902	15
235	0	1000	989	16
235	0	1000	907	17
235	0	1000	998	18
235	0	1000	964	19
235	0	1000	925	20
235	0	1000	959	21
235	0	1000	850	22
235	0	1000	851	23
235	0	1000	812	24
235	0	1000	882	25
235	0	1000	978	26
235	0	1000	914	27
235	0	1000	976	28
235	0	1000	1000	29
235	0	1000	1000	30
235	0	1000	1000	31
# Event data block #37
# Threshold	DAC	Events	Triggered	CH#
236	0	1000	999	0
236	0	1000	1000	1
236	0	1000	993	2
236	0	1000	962	3
236	0	1000	929	4
236	0	1000	950	5
236	0	1000	816	6
236	0	1000	865	7
236	0	1000	988	8
236	0	1000	889	9
236	0	1000	845	10
236	0	1000	924	11
236	0	1000	920	12
236	0	1000	994	13
236	0	1000	956	14
236	0	1000	917	15
236	0	1000	991	16
236	0	1000	908	17
236	0	1000	997	18
236	0	1000	966	19
236	0	1000	917	20
236	0	1000	951	21
236	0	1000	836	22
236	0	1000	836	23
236	0	1000	801	24
236	0	1000	866	25
236	0	1000	981	26
236	0	1000	905	27
236	0	1000	981	28
236	0	1000	1000	29
236	0	1000	1000	30
236	0	1000	1000	31
# Event data block #38
# Threshold	DAC	Events	Triggered	CH#
237	0	1000	1000	0
237	0	1000	1000	1
237	0	1000	997	2
237	0	1000	971	3
237	0	1000	948	4
237	0	1000	960	5
237	0	1000	856	6
237	0	1000	890	7
237	0	1000	1000	8
237	0	1000	905	9
237	0	1000	879	10
237	0	1000	933	11
237	0	1000	931	12
237	0	1000	1000	13
237	0	1000	970	14
237	0	1000	937	15
237	0	1000	995	16
237	0	1000	929	17
237	0	1000	999	18
237	0	1000	974	19
237	0	1000	933	20
237	0	1000	957	21
237	0	1000	871	22
237	0	1000	867	23
237	0	1000	837	24
237	0	1000	888	25
237	0	1000	987	26
237	0	1000	918	27
237	0	1000	987	28
237	0	1000	1000	29
237	0	1000	1000	30
237	0	1000	1000	31
# Event data block #39
# Threshold	DAC	Events	Triggered	CH#
238	0	1000	1000	0
238	0	1000	1000	1
238	0	1000	998	2
238	0	1000	982	3
238	0	1000	986	4
238	0	1000	966	5
238	0	1000	850	6
238	0	1000	886	7
238	0	1000	1000	8
238	0	1000	906	9
238	0	1000	875	10
238	0	1000	941	11
238	0	1000	938	12
238	0	1000	1000	13
238	0	1000	980	14
238	0	1000	949	15
238	0	1000	998	16
238	0	1000	941	17
238	0	1000	999	18
238	0	1000	981	19
238	0	1000	932	20
238	0	1000	966	21
238	0	1000	866	22
238	0	1000	857	23
238	0	1000	827	24
238	0	1000	883	25
238	0	1000	989	26
238	0	1000	923	27
238	0	1000	992	28
238	0	1000	1000	29
238	0	1000	1000	30
238	0	1000	1000	31
# Event data block #40
# Threshold	DAC	Events	Triggered	CH#
239	0	1000	1000	0
239	0	1000	1000	1
239	0	1000	999	2
239	0	1000	989	3
239	0	1000	1000	4
239	0	1000	981	5
239	0	1000	891	6
239	0	1000	912	7
239	0	1000	1000	8
239	0	1000	931	9
239	0	1000	908	10
239	0	1000	964	11
239	0	1000	963	12
239	0	1000	1000	13
239	0	1000	989	14
239	0	1000	969	15
239	0	1000	999	16
239	0	1000	972	17
239	0	1000	1000	18
239	0	1000	989	19
239	0	1000	962	20
239	0	1000	978	21
239	0	1000	900	22
239	0	1000	889	23
239	0	1000	861	24
239	0	1000	916	25
239	0	1000	993	26
239	0	1000	956	27
239	0	1000	993	28
239	0	1000	1000	29
239	0	1000	1000	30
239	0	1000	1000	31
# Event data block #41
# Threshold	DAC	Events	Triggered	CH#
240	0	1000	1000	0
240	0	1000	1000	1
240	0	1000	1000	2
240	0	1000	993	3
240	0	1000	1000	4
240	0	1000	985	5
240	0	1000	886	6
240	0	1000	915	7
240	0	1000	1000	8
240	0	1000	929	9
240	0	1000	912	10
240	0	1000	956	11
240	0	1000	955	12
240	0	1000	1000	13
240	0	1000	994	14
240	0	1000	974	15
240	0	1000	999	16
240	0	1000	981	17
240	0	1000	1000	18
240	0	1000	990	19
240	0	1000	956	20
240	0	1000	980	21
240	0	1000	898	22
240	0	1000	885	23
240	0	1000	849	24
240	0	1000	919	25
240	0	1000	995	26
240	0	1000	951	27
240	0	1000	995	28
240	0	1000	1000	29
240	0	1000	1000	30
240	0	1000	1000	31
# Event data block #42
# Threshold	DAC	Events	Triggered	CH#
241	0	1000	1000	0
241	0	1000	1000	1
241	0	1000	1000	2
241	0	1000	996	3
241	0	1000	1000	4
241	0	1000	991	5
241	0	1000	924	6
241	0	1000	916	7
241	0	1000	1000	8
241	0	1000	939	9
241	0	1000	920	10
241	0	1000	962	11
241	0	1000	962	12
241	0	1000	1000	13
241	0	1000	998	14
241	0	1000	984	15
241	0	1000	1000	16
241	0	1000	985	17
241	0	1000	1000	18
241	0	1000	996	19
241	0	1000	962	20
241	0	1000	980	21
241	0	1000	894	22
241	0	1000	880	23
241	0	1000	861	24
241	0	1000	920	25
241	0	1000	997	26
241	0	1000	957	27
241	0	1000	998	28
241	0	1000	1000	29
241	0	1000	1000	30
241	0	1000	1000	31
# Event data block #43
# Threshold	DAC	Events	Triggered	CH#
242	0	1000	1000	0
242	0	1000	1000	1
242	0	1000	1000	2
242	0	1000	998	3
242	0	1000	1000	4
242	0	1000	1000	5
242	0	1000	1000	6
242	0	1000	930	7
242	0	1000	1000	8
242	0	1000	948	9
242	0	1000	937	10
242	0	1000	968	11
242	0	1000	970	12
242	0	1000	1000	13
242	0	1000	1000	14
242	0	1000	991	15
242	0	1000	1000	16
242	0	1000	993	17
242	0	1000	999	18
242	0	1000	996	19
242	0	1000	982	20
242	0	1000	987	21
242	0	1000	924	22
242	0	1000	895	23
242	0	1000	869	24
242	0	1000	935	25
242	0	1000	998	26
242	0	1000	966	27
242	0	1000	998	28
242	0	1000	1000	29
242	0	1000	1000	30
242	0	1000	1000	31
# Event data block #44
# Threshold	DAC	Events	Triggered	CH#
243	0	1000	1000	0
243	0	1000	1000	1
243	0	1000	1000	2
243	0	1000	1000	3
243	0	1000	1000	4
243	0	1000	1000	5
243	0	1000	1000	6
243	0	1000	956	7
243	0	1000	1000	8
243	0	1000	965	9
243	0	1000	955	10
243	0	1000	986	11
243	0	1000	987	12
243	0	1000	1000	13
243	0	1000	1000	14
243	0	1000	997	15
243	0	1000	1000	16
243	0	1000	997	17
243	0	1000	1000	18
243	0	1000	999	19
243	0	1000	999	20
243	0	1000	992	21
243	0	1000	928	22
243	0	1000	896	23
243	0	1000	875	24
243	0	1000	957	25
243	0	1000	1000	26
243	0	1000	988	27
243	0	1000	1000	28
243	0	1000	1000	29
243	0	1000	1000	30
243	0	1000	1000	31
# Event data block #45
# Threshold	DAC	Events	Triggered	CH#
244	0	1000	1000	0
244	0	1000	1000	1
244	0	1000	1000	2
244	0	1000	1000	3
244	0	1000	1000	4
244	0	1000	1000	5
244	0	1000	1000	6
244	0	1000	1000	7
244	0	1000	1000	8
244	0	1000	968	9
244	0	1000	965	10
244	0	1000	980	11
244	0	1000	985	12
244	0	1000	1000	13
244	0	1000	1000	14
244	0	1000	998	15
244	0	1000	1000	16
244	0	1000	999	17
244	0	1000	1000	18
244	0	1000	1000	19
244	0	1000	1000	20
244	0	1000	988	21
244	0	1000	938	22
244	0	1000	906	23
244	0	1000	884	24
244	0	1000	959	25
244	0	1000	1000	26
244	0	1000	987	27
244	0	1000	1000	28
244	0	1000	1000	29
244	0	1000	1000	30
244	0	1000	1000	31
# Event data block #46
# Threshold	DAC	Events	Triggered	CH#
245	0	1000	1000	0
245	0	1000	1000	1
245	0	1000	1000	2
245	0	1000	1000	3
245	0	1000	1000	4
245	0	1000	1000	5
245	0	1000	1000	6
245	0	1000	1000	7
245	0	1000	1000	8
245	0	1000	997	9
245	0	1000	1000	10
245	0	1000	988	11
245	0	1000	993	12
245	0	1000	1000	13
245	0	1000	1000	14
245	0	1000	1000	15
245	0	1000	1000	16
245	0	1000	1000	17
245	0	1000	1000	18
245	0	1000	1000	19
245	0	1000	1000	20
245	0	1000	994	21
245	0	1000	954	22
245	0	1000	914	23
245	0	1000	902	24
245	0	1000	977	25
245	0	1000	1000	26
245	0	1000	1000	27
245	0	1000	999	28
245	0	1000	1000	29
245	0	1000	1000	30
245	0	1000	1000	31
# Event data block #47
# Threshold	DAC	Events	Triggered	CH#
246	0	1000	1000	0
246	0	1000	1000	1
246	0	1000	1000	2
246	0	1000	1000	3
246	0	1000	1000	4
246	0	1000	1000	5
246	0	1000	1000	6
246	0	1000	1000	7
246	0	1000	1000	8
246	0	1000	1000	9
246	0	1000	1000	10
246	0	1000	990	11
246	0	1000	993	12
246	0	1000	1000	13
246	0	1000	1000	14
246	0	1000	1000	15
246	0	1000	1000	16
246	0	1000	1000	17
246	0	1000	1000	18
246	0	1000	1000	19
246	0	1000	1000	20
246	0	1000	993	21
246	0	1000	1000	22
246	0	1000	915	23
246	0	1000	902	24
246	0	1000	1000	25
246	0	1000	1000	26
246	0	1000	1000	27
246	0	1000	1000	28
246	0	1000	1000	29
246	0	1000	1000	30
246	0	1000	1000	31
# Event data block #48
# Threshold	DAC	Events	Triggered	CH#
247	0	1000	1000	0
247	0	1000	1000	1
247	0	1000	1000	2
247	0	1000	1000	3
247	0	1000	1000	4
247	0	1000	1000	5
247	0	1000	1000	6
247	0	1000	1000	7
247	0	1000	1000	8
247	0	1000	1000	9
247	0	1000	1000	10
247	0	1000	997	11
247	0	1000	1000	12
247	0	1000	1000	13
247	0	1000	1000	14
247	0	1000	1000	15
247	0	1000	1000	16
247	0	1000	1000	17
247	0	1000	1000	18
247	0	1000	1000	19
247	0	1000	1000	20
247	0	1000	1000	21
247	0	1000	1000	22
247	0	1000	934	23
247	0	1000	921	24
247	0	1000	1000	25
247	0	1000	1000	26
247	0	1000	1000	27
247	0	1000	1000	28
247	0	1000	1000	29
247	0	1000	1000	30
247	0	1000	1000	31
# Event data block #49
# Threshold	DAC	Events	Triggered	CH#
248	0	1000	1000	0
248	0	1000	1000	1
248	0	1000	1000	2
248	0	1000	1000	3
248	0	1000	1000	4
248	0	1000	1000	5
248	0	1000	1000	6
248	0	1000	1000	7
248	0	1000	1000	8
248	0	1000	1000	9
248	0	1000	1000	10
248	0	1000	995	11
248	0	1000	1000	12
248	0	1000	1000	13
248	0	1000	1000	14
248	0	1000	1000	15
248	0	1000	1000	16
248	0	1000	1000	17
248	0	1000	1000	18
248	0	1000	1000	19
248	0	1000	1000	20
248	0	1000	1000	21
248	0	1000	1000	22
248	0	1000	935	23
248	0	1000	925	24
248	0	1000	1000	25
248	0	1000	1000	26
248	0	1000	1000	27
248	0	1000	999	28
248	0	1000	1000	29
248	0	1000	1000	30
248	0	1000	1000	31
# Event data block #50
# Threshold	DAC	Events	Triggered	CH#
249	0	1000	1000	0
249	0	1000	1000	1
249	0	1000	1000	2
249	0	1000	1000	3
249	0	1000	1000	4
249	0	1000	1000	5
249	0	1000	1000	6
249	0	1000	1000	7
249	0	1000	1000	8
249	0	1000	1000	9
249	0	1000	1000	10
249	0	1000	1000	11
249	0	1000	1000	12
249	0	1000	1000	13
249	0	1000	1000	14
249	0	1000	1000	15
249	0	1000	1000	16
249	0	1000	1000	17
249	0	1000	1000	18
249	0	1000	1000	19
249	0	1000	1000	20
249	0	1000	1000	21
249	0	1000	1000	22
249	0	1000	955	23
249	0	1000	985	24
249	0	1000	1000	25
249	0	1000	1000	26
249	0	1000	1000	27
249	0	1000	1000	28
249	0	1000	1000	29
249	0	1000	1000	30
249	0	1000	1000	31
# Event data block #51
# Threshold	DAC	Events	Triggered	CH#
250	0	1000	1000	0
250	0	1000	1000	1
250	0	1000	1000	2
250	0	1000	1000	3
250	0	1000	1000	4
250	0	1000	1000	5
250	0	1000	1000	6
250	0	1000	1000	7
250	0	1000	1000	8
250	0	1000	1000	9
250	0	1000	1000	10
250	0	1000	1000	11
250	0	1000	1000	12
250	0	1000	1000	13
250	0	1000	1000	14
250	0	1000	1000	15
250	0	1000	1000	16
250	0	1000	1000	17
250	0	1000	1000	18
250	0	1000	1000	19
250	0	1000	1000	20
250	0	1000	1000	21
250	0	1000	1000	22
250	0	1000	948	23
250	0	1000	1000	24
250	0	1000	1000	25
250	0	1000	1000	26
250	0	1000	1000	27
250	0	1000	1000	28
250	0	1000	1000	29
250	0	1000	1000	30
250	0	1000	1000	31
# Event data block #52
# Threshold	DAC	Events	Triggered	CH#
251	0	1000	1000	0
251	0	1000	1000	1
251	0	1000	1000	2
251	0	1000	1000	3
251	0	1000	1000	4
251	0	1000	1000	5
251	0	1000	1000	6
251	0	1000	1000	7
251	0	1000	1000	8
251	0	1000	1000	9
251	0	1000	1000	10
251	0	1000	1000	11
251	0	1000	1000	12
251	0	1000	1000	13
251	0	1000	1000	14
251	0	1000	1000	15
251	0	1000	1000	16
251	0	1000	1000	17
251	0	1000	1000	18
251	0	1000	1000	19
251	0	1000	1000	20
251	0	1000	1000	21
251	0	1000	1000	22
251	0	1000	1000	23
251	0	1000	1000	24
251	0	1000	1000	25
251	0	1000	1000	26
251	0	1000	1000	27
251	0	1000	1000	28
251	0	1000	1000	29
251	0	1000	1000	30
251	0	1000	1000	31
# Event data block #53
# Threshold	DAC	Events	Triggered	CH#
252	0	1000	1000	0
252	0	1000	1000	1
252	0	1000	1000	2
252	0	1000	1000	3
252	0	1000	1000	4
252	0	1000	1000	5
252	0	1000	1000	6
252	0	1000	1000	7
252	0	1000	1000	8
252	0	1000	1000	9
252	0	1000	1000	10
252	0	1000	1000	11
252	0	1000	1000	12
252	0	1000	1000	13
252	0	1000	1000	14
252	0	1000	1000	15
252	0	1000	1000	16
252	0	1000	1000	17
252	0	1000	1000	18
252	0	1000	1000	19
252	0	1000	1000	20
252	0	1000	1000	21
252	0	1000	1000	22
252	0	1000	1000	23
252	0	1000	1000	24
252	0	1000	1000	25
252	0	1000	1000	26
252	0	1000	1000	27
252	0	1000	1000	28
252	0	1000	1000	29
252	0	1000	1000	30
252	0	1000	1000	31
# Event data block #54
# Threshold	DAC	Events	Triggered	CH#
253	0	1000	1000	0
253	0	1000	1000	1
253	0	1000	1000	2
253	0	1000	1000	3
253	0	1000	1000	4
253	0	1000	1000	5
253	0	1000	1000	6
253	0	1000	1000	7
253	0	1000	1000	8
253	0	1000	1000	9
253	0	1000	1000	10
253	0	1000	1000	11
253	0	1000	1000	12
253	0	1000	1000	13
253	0	1000	1000	14
253	0	1000	1000	15
253	0	1000	1000	16
253	0	1000	1000	17
253	0	1000	1000	18
253	0	1000	1000	19
253	0	1000	1000	20
253	0	1000	1000	21
253	0	1000	1000	22
253	0	1000	1000	23
253	0	1000	1000	24
253	0	1000	1000	25
253	0	1000	1000	26
253	0	1000	1000	27
253	0	1000	1000	28
253	0	1000	1000	29
253	0	1000	1000	30
253	0	1000	1000	31
# Event data block #55
# Threshold	DAC	Events	Triggered	CH#
254	0	1000	1000	0
254	0	1000	1000	1
254	0	1000	1000	2
254	0	1000	1000	3
254	0	1000	1000	4
254	0	1000	1000	5
254	0	1000	1000	6
254	0	1000	1000	7
254	0	1000	1000	8
254	0	1000	1000	9
254	0	1000	1000	10
254	0	1000	1000	11
254	0	1000	1000	12
254	0	1000	1000	13
254	0	1000	1000	14
254	0	1000	1000	15
254	0	1000	1000	16
254	0	1000	1000	17
254	0	1000	1000	18
254	0	1000	1000	19
254	0	1000	1000	20
254	0	1000	1000	21
254	0	1000	1000	22
254	0	1000	1000	23
254	0	1000	1000	24
254	0	1000	1000	25
254	0	1000	1000	26
254	0	1000	1000	27
254	0	1000	1000	28
254	0	1000	1000	29
254	0	1000	1000	30
254	0	1000	1000	31
# Event data block #56
# Threshold	DAC	Events	Triggered	CH#
255	0	1000	1000	0
255	0	1000	1000	1
255	0	1000	1000	2
255	0	1000	1000	3
255	0	1000	1000	4
255	0	1000	1000	5
255	0	1000	1000	6
255	0	1000	1000	7
255	0	1000	1000	8
255	0	1000	1000	9
255	0	1000	1000	10
255	0	1000	1000	11
255	0	1000	1000	12
255	0	1000	1000	13
255	0	1000	1000	14
255	0	1000	1000	15
255	0	1000	1000	16
255	0	1000	1000	17
255	0	1000	1000	18
255	0	1000	1000	19
255	0	1000	1000	20
255	0	1000	1000	21
255	0	1000	1000	22
255	0	1000	1000	23
255	0	1000	1000	24
255	0	1000	1000	25
255	0	1000	1000	26
255	0	1000	1000	27
255	0	1000	1000	28
255	0	1000	1000	29
255	0	1000	1000	30
255	0	1000	1000	31
