# ASIC configuration for the measurements:
# ------------------------------------------------------------------------------
# Mode = 000 
# Bias = 0101 
# CSArefs = 1011 
# Shaper = 100 
# Leakage mask = 00000000000000000000000000000000 
# Discr. enable mask = 11111111111111111111111111111111 
# Calibration mask = 00000000000000000000000000000000 
# Threshold = 255 
# FineTHR[0] = 100 
# FineTHR[1] = 100 
# FineTHR[2] = 100 
# FineTHR[3] = 100 
# FineTHR[4] = 100 
# FineTHR[5] = 100 
# FineTHR[6] = 100 
# FineTHR[7] = 100 
# FineTHR[8] = 100 
# FineTHR[9] = 100 
# FineTHR[10] = 100 
# FineTHR[11] = 100 
# FineTHR[12] = 100 
# FineTHR[13] = 100 
# FineTHR[14] = 100 
# FineTHR[15] = 100 
# FineTHR[16] = 100 
# FineTHR[17] = 100 
# FineTHR[18] = 100 
# FineTHR[19] = 100 
# FineTHR[20] = 100 
# FineTHR[21] = 100 
# FineTHR[22] = 100 
# FineTHR[23] = 100 
# FineTHR[24] = 100 
# FineTHR[25] = 100 
# FineTHR[26] = 100 
# FineTHR[27] = 100 
# FineTHR[28] = 100 
# FineTHR[29] = 100 
# FineTHR[30] = 100 
# FineTHR[31] = 100 
# ------------------------------------------------------------------------------
# Event data block #1
# Threshold	DAC	Events	Triggered	CH#
200	0	1000	0	0
200	0	1000	0	1
200	0	1000	0	2
200	0	1000	5	3
200	0	1000	16	4
200	0	1000	73	5
200	0	1000	30	6
200	0	1000	126	7
200	0	1000	106	8
200	0	1000	77	9
200	0	1000	21	10
200	0	1000	39	11
200	0	1000	14	12
200	0	1000	14	13
200	0	1000	0	14
200	0	1000	0	15
200	0	1000	0	16
200	0	1000	0	17
200	0	1000	77	18
200	0	1000	45	19
200	0	1000	46	20
200	0	1000	87	21
200	0	1000	66	22
200	0	1000	107	23
200	0	1000	75	24
200	0	1000	75	25
200	0	1000	128	26
200	0	1000	26	27
200	0	1000	8	28
200	0	1000	18	29
200	0	1000	91	30
200	0	1000	11	31
# Event data block #2
# Threshold	DAC	Events	Triggered	CH#
201	0	1000	0	0
201	0	1000	0	1
201	0	1000	0	2
201	0	1000	3	3
201	0	1000	16	4
201	0	1000	60	5
201	0	1000	26	6
201	0	1000	118	7
201	0	1000	97	8
201	0	1000	61	9
201	0	1000	15	10
201	0	1000	25	11
201	0	1000	16	12
201	0	1000	16	13
201	0	1000	0	14
201	0	1000	0	15
201	0	1000	0	16
201	0	1000	0	17
201	0	1000	65	18
201	0	1000	34	19
201	0	1000	33	20
201	0	1000	76	21
201	0	1000	51	22
201	0	1000	98	23
201	0	1000	60	24
201	0	1000	60	25
201	0	1000	128	26
201	0	1000	18	27
201	0	1000	4	28
201	0	1000	17	29
201	0	1000	107	30
201	0	1000	13	31
# Event data block #3
# Threshold	DAC	Events	Triggered	CH#
202	0	1000	0	0
202	0	1000	0	1
202	0	1000	0	2
202	0	1000	2	3
202	0	1000	16	4
202	0	1000	84	5
202	0	1000	33	6
202	0	1000	122	7
202	0	1000	106	8
202	0	1000	82	9
202	0	1000	20	10
202	0	1000	43	11
202	0	1000	16	12
202	0	1000	16	13
202	0	1000	0	14
202	0	1000	0	15
202	0	1000	0	16
202	0	1000	0	17
202	0	1000	98	18
202	0	1000	55	19
202	0	1000	50	20
202	0	1000	105	21
202	0	1000	62	22
202	0	1000	107	23
202	0	1000	76	24
202	0	1000	79	25
202	0	1000	145	26
202	0	1000	27	27
202	0	1000	6	28
202	0	1000	26	29
202	0	1000	151	30
202	0	1000	22	31
# Event data block #4
# Threshold	DAC	Events	Triggered	CH#
203	0	1000	0	0
203	0	1000	0	1
203	0	1000	0	2
203	0	1000	6	3
203	0	1000	20	4
203	0	1000	77	5
203	0	1000	37	6
203	0	1000	131	7
203	0	1000	119	8
203	0	1000	77	9
203	0	1000	22	10
203	0	1000	39	11
203	0	1000	16	12
203	0	1000	16	13
203	0	1000	0	14
203	0	1000	0	15
203	0	1000	0	16
203	0	1000	0	17
203	0	1000	106	18
203	0	1000	48	19
203	0	1000	45	20
203	0	1000	105	21
203	0	1000	57	22
203	0	1000	115	23
203	0	1000	72	24
203	0	1000	71	25
203	0	1000	151	26
203	0	1000	29	27
203	0	1000	12	28
203	0	1000	34	29
203	0	1000	323	30
203	0	1000	30	31
# Event data block #5
# Threshold	DAC	Events	Triggered	CH#
204	0	1000	0	0
204	0	1000	5	1
204	0	1000	3	2
204	0	1000	10	3
204	0	1000	35	4
204	0	1000	102	5
204	0	1000	47	6
204	0	1000	149	7
204	0	1000	137	8
204	0	1000	97	9
204	0	1000	35	10
204	0	1000	59	11
204	0	1000	35	12
204	0	1000	40	13
204	0	1000	0	14
204	0	1000	0	15
204	0	1000	0	16
204	0	1000	0	17
204	0	1000	135	18
204	0	1000	73	19
204	0	1000	64	20
204	0	1000	130	21
204	0	1000	72	22
204	0	1000	137	23
204	0	1000	88	24
204	0	1000	95	25
204	0	1000	200	26
204	0	1000	47	27
204	0	1000	21	28
204	0	1000	61	29
204	0	1000	722	30
204	0	1000	65	31
# Event data block #6
# Threshold	DAC	Events	Triggered	CH#
205	0	1000	1	0
205	0	1000	4	1
205	0	1000	2	2
205	0	1000	10	3
205	0	1000	31	4
205	0	1000	100	5
205	0	1000	39	6
205	0	1000	147	7
205	0	1000	140	8
205	0	1000	98	9
205	0	1000	30	10
205	0	1000	51	11
205	0	1000	31	12
205	0	1000	34	13
205	0	1000	1	14
205	0	1000	0	15
205	0	1000	0	16
205	0	1000	0	17
205	0	1000	143	18
205	0	1000	64	19
205	0	1000	61	20
205	0	1000	126	21
205	0	1000	71	22
205	0	1000	125	23
205	0	1000	87	24
205	0	1000	93	25
205	0	1000	232	26
205	0	1000	35	27
205	0	1000	21	28
205	0	1000	66	29
205	0	1000	875	30
205	0	1000	73	31
# Event data block #7
# Threshold	DAC	Events	Triggered	CH#
206	0	1000	1	0
206	0	1000	3	1
206	0	1000	2	2
206	0	1000	6	3
206	0	1000	27	4
206	0	1000	97	5
206	0	1000	38	6
206	0	1000	154	7
206	0	1000	142	8
206	0	1000	90	9
206	0	1000	25	10
206	0	1000	49	11
206	0	1000	27	12
206	0	1000	33	13
206	0	1000	0	14
206	0	1000	1	15
206	0	1000	1	16
206	0	1000	1	17
206	0	1000	170	18
206	0	1000	64	19
206	0	1000	58	20
206	0	1000	127	21
206	0	1000	66	22
206	0	1000	126	23
206	0	1000	81	24
206	0	1000	84	25
206	0	1000	298	26
206	0	1000	36	27
206	0	1000	18	28
206	0	1000	75	29
206	0	1000	892	30
206	0	1000	95	31
# Event data block #8
# Threshold	DAC	Events	Triggered	CH#
207	0	1000	3	0
207	0	1000	11	1
207	0	1000	5	2
207	0	1000	14	3
207	0	1000	35	4
207	0	1000	89	5
207	0	1000	47	6
207	0	1000	151	7
207	0	1000	148	8
207	0	1000	85	9
207	0	1000	37	10
207	0	1000	52	11
207	0	1000	33	12
207	0	1000	41	13
207	0	1000	2	14
207	0	1000	1	15
207	0	1000	1	16
207	0	1000	1	17
207	0	1000	224	18
207	0	1000	62	19
207	0	1000	57	20
207	0	1000	113	21
207	0	1000	67	22
207	0	1000	108	23
207	0	1000	77	24
207	0	1000	80	25
207	0	1000	403	26
207	0	1000	42	27
207	0	1000	27	28
207	0	1000	83	29
207	0	1000	938	30
207	0	1000	109	31
# Event data block #9
# Threshold	DAC	Events	Triggered	CH#
208	0	1000	4	0
208	0	1000	30	1
208	0	1000	10	2
208	0	1000	29	3
208	0	1000	55	4
208	0	1000	120	5
208	0	1000	60	6
208	0	1000	178	7
208	0	1000	167	8
208	0	1000	113	9
208	0	1000	54	10
208	0	1000	80	11
208	0	1000	56	12
208	0	1000	70	13
208	0	1000	2	14
208	0	1000	0	15
208	0	1000	0	16
208	0	1000	0	17
208	0	1000	394	18
208	0	1000	96	19
208	0	1000	86	20
208	0	1000	151	21
208	0	1000	92	22
208	0	1000	132	23
208	0	1000	99	24
208	0	1000	108	25
208	0	1000	522	26
208	0	1000	64	27
208	0	1000	50	28
208	0	1000	124	29
208	0	1000	939	30
208	0	1000	242	31
# Event data block #10
# Threshold	DAC	Events	Triggered	CH#
209	0	1000	8	0
209	0	1000	43	1
209	0	1000	12	2
209	0	1000	35	3
209	0	1000	63	4
209	0	1000	144	5
209	0	1000	66	6
209	0	1000	231	7
209	0	1000	215	8
209	0	1000	128	9
209	0	1000	59	10
209	0	1000	93	11
209	0	1000	60	12
209	0	1000	78	13
209	0	1000	2	14
209	0	1000	1	15
209	0	1000	1	16
209	0	1000	1	17
209	0	1000	604	18
209	0	1000	117	19
209	0	1000	97	20
209	0	1000	195	21
209	0	1000	104	22
209	0	1000	163	23
209	0	1000	109	24
209	0	1000	121	25
209	0	1000	630	26
209	0	1000	74	27
209	0	1000	52	28
209	0	1000	209	29
209	0	1000	949	30
209	0	1000	584	31
# Event data block #11
# Threshold	DAC	Events	Triggered	CH#
210	0	1000	7	0
210	0	1000	51	1
210	0	1000	11	2
210	0	1000	36	3
210	0	1000	58	4
210	0	1000	152	5
210	0	1000	59	6
210	0	1000	258	7
210	0	1000	231	8
210	0	1000	124	9
210	0	1000	52	10
210	0	1000	80	11
210	0	1000	59	12
210	0	1000	77	13
210	0	1000	2	14
210	0	1000	0	15
210	0	1000	1	16
210	0	1000	1	17
210	0	1000	755	18
210	0	1000	110	19
210	0	1000	93	20
210	0	1000	239	21
210	0	1000	89	22
210	0	1000	172	23
210	0	1000	95	24
210	0	1000	112	25
210	0	1000	720	26
210	0	1000	67	27
210	0	1000	56	28
210	0	1000	415	29
210	0	1000	972	30
210	0	1000	825	31
# Event data block #12
# Threshold	DAC	Events	Triggered	CH#
211	0	1000	13	0
211	0	1000	65	1
211	0	1000	17	2
211	0	1000	40	3
211	0	1000	64	4
211	0	1000	168	5
211	0	1000	63	6
211	0	1000	300	7
211	0	1000	279	8
211	0	1000	127	9
211	0	1000	60	10
211	0	1000	87	11
211	0	1000	62	12
211	0	1000	87	13
211	0	1000	2	14
211	0	1000	0	15
211	0	1000	0	16
211	0	1000	0	17
211	0	1000	833	18
211	0	1000	119	19
211	0	1000	90	20
211	0	1000	310	21
211	0	1000	96	22
211	0	1000	182	23
211	0	1000	107	24
211	0	1000	116	25
211	0	1000	779	26
211	0	1000	73	27
211	0	1000	59	28
211	0	1000	694	29
211	0	1000	983	30
211	0	1000	888	31
# Event data block #13
# Threshold	DAC	Events	Triggered	CH#
212	0	1000	30	0
212	0	1000	95	1
212	0	1000	25	2
212	0	1000	57	3
212	0	1000	82	4
212	0	1000	224	5
212	0	1000	78	6
212	0	1000	369	7
212	0	1000	340	8
212	0	1000	144	9
212	0	1000	67	10
212	0	1000	116	11
212	0	1000	76	12
212	0	1000	116	13
212	0	1000	3	14
212	0	1000	2	15
212	0	1000	4	16
212	0	1000	3	17
212	0	1000	873	18
212	0	1000	147	19
212	0	1000	118	20
212	0	1000	413	21
212	0	1000	113	22
212	0	1000	201	23
212	0	1000	112	24
212	0	1000	132	25
212	0	1000	829	26
212	0	1000	90	27
212	0	1000	83	28
212	0	1000	839	29
212	0	1000	990	30
212	0	1000	922	31
# Event data block #14
# Threshold	DAC	Events	Triggered	CH#
213	0	1000	31	0
213	0	1000	115	1
213	0	1000	30	2
213	0	1000	57	3
213	0	1000	81	4
213	0	1000	321	5
213	0	1000	83	6
213	0	1000	458	7
213	0	1000	424	8
213	0	1000	176	9
213	0	1000	69	10
213	0	1000	114	11
213	0	1000	79	12
213	0	1000	137	13
213	0	1000	7	14
213	0	1000	3	15
213	0	1000	8	16
213	0	1000	4	17
213	0	1000	893	18
213	0	1000	189	19
213	0	1000	121	20
213	0	1000	553	21
213	0	1000	114	22
213	0	1000	260	23
213	0	1000	128	24
213	0	1000	162	25
213	0	1000	857	26
213	0	1000	91	27
213	0	1000	83	28
213	0	1000	882	29
213	0	1000	994	30
213	0	1000	939	31
# Event data block #15
# Threshold	DAC	Events	Triggered	CH#
214	0	1000	57	0
214	0	1000	204	1
214	0	1000	51	2
214	0	1000	80	3
214	0	1000	99	4
214	0	1000	433	5
214	0	1000	91	6
214	0	1000	518	7
214	0	1000	483	8
214	0	1000	206	9
214	0	1000	90	10
214	0	1000	134	11
214	0	1000	99	12
214	0	1000	161	13
214	0	1000	13	14
214	0	1000	3	15
214	0	1000	14	16
214	0	1000	5	17
214	0	1000	898	18
214	0	1000	257	19
214	0	1000	140	20
214	0	1000	660	21
214	0	1000	126	22
214	0	1000	293	23
214	0	1000	135	24
214	0	1000	177	25
214	0	1000	858	26
214	0	1000	107	27
214	0	1000	114	28
214	0	1000	904	29
214	0	1000	998	30
214	0	1000	949	31
# Event data block #16
# Threshold	DAC	Events	Triggered	CH#
215	0	1000	74	0
215	0	1000	540	1
215	0	1000	65	2
215	0	1000	88	3
215	0	1000	117	4
215	0	1000	594	5
215	0	1000	107	6
215	0	1000	622	7
215	0	1000	582	8
215	0	1000	251	9
215	0	1000	101	10
215	0	1000	162	11
215	0	1000	114	12
215	0	1000	249	13
215	0	1000	15	14
215	0	1000	6	15
215	0	1000	23	16
215	0	1000	12	17
215	0	1000	920	18
215	0	1000	371	19
215	0	1000	174	20
215	0	1000	757	21
215	0	1000	150	22
215	0	1000	347	23
215	0	1000	157	24
215	0	1000	214	25
215	0	1000	895	26
215	0	1000	129	27
215	0	1000	141	28
215	0	1000	926	29
215	0	1000	999	30
215	0	1000	969	31
# Event data block #17
# Threshold	DAC	Events	Triggered	CH#
216	0	1000	95	0
216	0	1000	817	1
216	0	1000	72	2
216	0	1000	97	3
216	0	1000	128	4
216	0	1000	683	5
216	0	1000	106	6
216	0	1000	642	7
216	0	1000	617	8
216	0	1000	336	9
216	0	1000	101	10
216	0	1000	168	11
216	0	1000	122	12
216	0	1000	415	13
216	0	1000	17	14
216	0	1000	7	15
216	0	1000	26	16
216	0	1000	11	17
216	0	1000	917	18
216	0	1000	523	19
216	0	1000	205	20
216	0	1000	783	21
216	0	1000	155	22
216	0	1000	403	23
216	0	1000	164	24
216	0	1000	249	25
216	0	1000	885	26
216	0	1000	132	27
216	0	1000	158	28
216	0	1000	931	29
216	0	1000	1000	30
216	0	1000	981	31
# Event data block #18
# Threshold	DAC	Events	Triggered	CH#
217	0	1000	106	0
217	0	1000	894	1
217	0	1000	65	2
217	0	1000	87	3
217	0	1000	109	4
217	0	1000	759	5
217	0	1000	91	6
217	0	1000	688	7
217	0	1000	658	8
217	0	1000	400	9
217	0	1000	88	10
217	0	1000	198	11
217	0	1000	106	12
217	0	1000	588	13
217	0	1000	22	14
217	0	1000	12	15
217	0	1000	27	16
217	0	1000	13	17
217	0	1000	935	18
217	0	1000	638	19
217	0	1000	249	20
217	0	1000	810	21
217	0	1000	152	22
217	0	1000	433	23
217	0	1000	164	24
217	0	1000	273	25
217	0	1000	904	26
217	0	1000	121	27
217	0	1000	190	28
217	0	1000	951	29
217	0	1000	999	30
217	0	1000	991	31
# Event data block #19
# Threshold	DAC	Events	Triggered	CH#
218	0	1000	232	0
218	0	1000	945	1
218	0	1000	83	2
218	0	1000	101	3
218	0	1000	124	4
218	0	1000	846	5
218	0	1000	98	6
218	0	1000	778	7
218	0	1000	747	8
218	0	1000	520	9
218	0	1000	92	10
218	0	1000	267	11
218	0	1000	115	12
218	0	1000	803	13
218	0	1000	30	14
218	0	1000	16	15
218	0	1000	41	16
218	0	1000	16	17
218	0	1000	964	18
218	0	1000	771	19
218	0	1000	352	20
218	0	1000	870	21
218	0	1000	177	22
218	0	1000	500	23
218	0	1000	178	24
218	0	1000	364	25
218	0	1000	933	26
218	0	1000	137	27
218	0	1000	325	28
218	0	1000	976	29
218	0	1000	999	30
218	0	1000	998	31
# Event data block #20
# Threshold	DAC	Events	Triggered	CH#
219	0	1000	667	0
219	0	1000	953	1
219	0	1000	116	2
219	0	1000	136	3
219	0	1000	187	4
219	0	1000	861	5
219	0	1000	114	6
219	0	1000	797	7
219	0	1000	768	8
219	0	1000	609	9
219	0	1000	95	10
219	0	1000	428	11
219	0	1000	158	12
219	0	1000	854	13
219	0	1000	44	14
219	0	1000	24	15
219	0	1000	66	16
219	0	1000	30	17
219	0	1000	959	18
219	0	1000	825	19
219	0	1000	478	20
219	0	1000	876	21
219	0	1000	238	22
219	0	1000	564	23
219	0	1000	227	24
219	0	1000	440	25
219	0	1000	924	26
219	0	1000	205	27
219	0	1000	548	28
219	0	1000	983	29
219	0	1000	1000	30
219	0	1000	1000	31
# Event data block #21
# Threshold	DAC	Events	Triggered	CH#
220	0	1000	868	0
220	0	1000	975	1
220	0	1000	326	2
220	0	1000	266	3
220	0	1000	331	4
220	0	1000	877	5
220	0	1000	149	6
220	0	1000	817	7
220	0	1000	796	8
220	0	1000	715	9
220	0	1000	142	10
220	0	1000	594	11
220	0	1000	243	12
220	0	1000	884	13
220	0	1000	81	14
220	0	1000	52	15
220	0	1000	108	16
220	0	1000	57	17
220	0	1000	970	18
220	0	1000	866	19
220	0	1000	640	20
220	0	1000	893	21
220	0	1000	316	22
220	0	1000	638	23
220	0	1000	295	24
220	0	1000	561	25
220	0	1000	930	26
220	0	1000	315	27
220	0	1000	742	28
220	0	1000	988	29
220	0	1000	1000	30
220	0	1000	1000	31
# Event data block #22
# Threshold	DAC	Events	Triggered	CH#
221	0	1000	921	0
221	0	1000	991	1
221	0	1000	662	2
221	0	1000	497	3
221	0	1000	495	4
221	0	1000	882	5
221	0	1000	171	6
221	0	1000	831	7
221	0	1000	809	8
221	0	1000	772	9
221	0	1000	137	10
221	0	1000	727	11
221	0	1000	358	12
221	0	1000	901	13
221	0	1000	74	14
221	0	1000	43	15
221	0	1000	116	16
221	0	1000	51	17
221	0	1000	982	18
221	0	1000	880	19
221	0	1000	741	20
221	0	1000	896	21
221	0	1000	399	22
221	0	1000	695	23
221	0	1000	341	24
221	0	1000	644	25
221	0	1000	939	26
221	0	1000	453	27
221	0	1000	828	28
221	0	1000	996	29
221	0	1000	1000	30
221	0	1000	999	31
# Event data block #23
# Threshold	DAC	Events	Triggered	CH#
222	0	1000	960	0
222	0	1000	991	1
222	0	1000	846	2
222	0	1000	698	3
222	0	1000	649	4
222	0	1000	906	5
222	0	1000	204	6
222	0	1000	859	7
222	0	1000	842	8
222	0	1000	827	9
222	0	1000	164	10
222	0	1000	802	11
222	0	1000	487	12
222	0	1000	920	13
222	0	1000	77	14
222	0	1000	49	15
222	0	1000	149	16
222	0	1000	48	17
222	0	1000	981	18
222	0	1000	904	19
222	0	1000	816	20
222	0	1000	917	21
222	0	1000	455	22
222	0	1000	728	23
222	0	1000	365	24
222	0	1000	696	25
222	0	1000	948	26
222	0	1000	559	27
222	0	1000	886	28
222	0	1000	995	29
222	0	1000	1000	30
222	0	1000	1000	31
# Event data block #24
# Threshold	DAC	Events	Triggered	CH#
223	0	1000	962	0
223	0	1000	995	1
223	0	1000	889	2
223	0	1000	839	3
223	0	1000	774	4
223	0	1000	919	5
223	0	1000	293	6
223	0	1000	878	7
223	0	1000	867	8
223	0	1000	859	9
223	0	1000	255	10
223	0	1000	858	11
223	0	1000	661	12
223	0	1000	933	13
223	0	1000	87	14
223	0	1000	44	15
223	0	1000	418	16
223	0	1000	44	17
223	0	1000	984	18
223	0	1000	920	19
223	0	1000	852	20
223	0	1000	927	21
223	0	1000	543	22
223	0	1000	769	23
223	0	1000	442	24
223	0	1000	764	25
223	0	1000	948	26
223	0	1000	686	27
223	0	1000	910	28
223	0	1000	997	29
223	0	1000	1000	30
223	0	1000	1000	31
# Event data block #25
# Threshold	DAC	Events	Triggered	CH#
224	0	1000	986	0
224	0	1000	999	1
224	0	1000	943	2
224	0	1000	911	3
224	0	1000	861	4
224	0	1000	949	5
224	0	1000	370	6
224	0	1000	914	7
224	0	1000	907	8
224	0	1000	900	9
224	0	1000	336	10
224	0	1000	907	11
224	0	1000	803	12
224	0	1000	963	13
224	0	1000	114	14
224	0	1000	45	15
224	0	1000	776	16
224	0	1000	50	17
224	0	1000	993	18
224	0	1000	950	19
224	0	1000	903	20
224	0	1000	952	21
224	0	1000	638	22
224	0	1000	816	23
224	0	1000	505	24
224	0	1000	819	25
224	0	1000	970	26
224	0	1000	806	27
224	0	1000	949	28
224	0	1000	999	29
224	0	1000	1000	30
224	0	1000	1000	31
# Event data block #26
# Threshold	DAC	Events	Triggered	CH#
225	0	1000	993	0
225	0	1000	1000	1
225	0	1000	971	2
225	0	1000	954	3
225	0	1000	926	4
225	0	1000	969	5
225	0	1000	515	6
225	0	1000	945	7
225	0	1000	939	8
225	0	1000	939	9
225	0	1000	501	10
225	0	1000	943	11
225	0	1000	906	12
225	0	1000	981	13
225	0	1000	188	14
225	0	1000	46	15
225	0	1000	937	16
225	0	1000	54	17
225	0	1000	996	18
225	0	1000	972	19
225	0	1000	941	20
225	0	1000	971	21
225	0	1000	749	22
225	0	1000	878	23
225	0	1000	602	24
225	0	1000	885	25
225	0	1000	985	26
225	0	1000	895	27
225	0	1000	970	28
225	0	1000	1000	29
225	0	1000	1000	30
225	0	1000	1000	31
# Event data block #27
# Threshold	DAC	Events	Triggered	CH#
226	0	1000	991	0
226	0	1000	999	1
226	0	1000	956	2
226	0	1000	939	3
226	0	1000	920	4
226	0	1000	946	5
226	0	1000	632	6
226	0	1000	926	7
226	0	1000	918	8
226	0	1000	924	9
226	0	1000	654	10
226	0	1000	930	11
226	0	1000	915	12
226	0	1000	971	13
226	0	1000	561	14
226	0	1000	73	15
226	0	1000	937	16
226	0	1000	97	17
226	0	1000	995	18
226	0	1000	952	19
226	0	1000	927	20
226	0	1000	952	21
226	0	1000	808	22
226	0	1000	885	23
226	0	1000	672	24
226	0	1000	893	25
226	0	1000	969	26
226	0	1000	907	27
226	0	1000	953	28
226	0	1000	999	29
226	0	1000	1000	30
226	0	1000	1000	31
# Event data block #28
# Threshold	DAC	Events	Triggered	CH#
227	0	1000	996	0
227	0	1000	1000	1
227	0	1000	952	2
227	0	1000	923	3
227	0	1000	900	4
227	0	1000	933	5
227	0	1000	720	6
227	0	1000	899	7
227	0	1000	890	8
227	0	1000	897	9
227	0	1000	755	10
227	0	1000	914	11
227	0	1000	898	12
227	0	1000	961	13
227	0	1000	793	14
227	0	1000	220	15
227	0	1000	930	16
227	0	1000	301	17
227	0	1000	994	18
227	0	1000	936	19
227	0	1000	912	20
227	0	1000	935	21
227	0	1000	815	22
227	0	1000	860	23
227	0	1000	719	24
227	0	1000	874	25
227	0	1000	956	26
227	0	1000	890	27
227	0	1000	945	28
227	0	1000	1000	29
227	0	1000	1000	30
227	0	1000	1000	31
# Event data block #29
# Threshold	DAC	Events	Triggered	CH#
228	0	1000	994	0
228	0	1000	1000	1
228	0	1000	954	2
228	0	1000	920	3
228	0	1000	877	4
228	0	1000	924	5
228	0	1000	764	6
228	0	1000	869	7
228	0	1000	849	8
228	0	1000	873	9
228	0	1000	799	10
228	0	1000	897	11
228	0	1000	885	12
228	0	1000	959	13
228	0	1000	854	14
228	0	1000	500	15
228	0	1000	932	16
228	0	1000	641	17
228	0	1000	995	18
228	0	1000	931	19
228	0	1000	888	20
228	0	1000	932	21
228	0	1000	819	22
228	0	1000	850	23
228	0	1000	747	24
228	0	1000	855	25
228	0	1000	957	26
228	0	1000	875	27
228	0	1000	942	28
228	0	1000	1000	29
228	0	1000	1000	30
228	0	1000	1000	31
# Event data block #30
# Threshold	DAC	Events	Triggered	CH#
229	0	1000	996	0
229	0	1000	1000	1
229	0	1000	963	2
229	0	1000	927	3
229	0	1000	876	4
229	0	1000	928	5
229	0	1000	772	6
229	0	1000	865	7
229	0	1000	846	8
229	0	1000	870	9
229	0	1000	805	10
229	0	1000	894	11
229	0	1000	883	12
229	0	1000	969	13
229	0	1000	863	14
229	0	1000	740	15
229	0	1000	946	16
229	0	1000	799	17
229	0	1000	997	18
229	0	1000	938	19
229	0	1000	887	20
229	0	1000	933	21
229	0	1000	810	22
229	0	1000	829	23
229	0	1000	749	24
229	0	1000	842	25
229	0	1000	963	26
229	0	1000	870	27
229	0	1000	950	28
229	0	1000	1000	29
229	0	1000	1000	30
229	0	1000	1000	31
# Event data block #31
# Threshold	DAC	Events	Triggered	CH#
230	0	1000	999	0
230	0	1000	1000	1
230	0	1000	976	2
230	0	1000	935	3
230	0	1000	894	4
230	0	1000	931	5
230	0	1000	798	6
230	0	1000	867	7
230	0	1000	857	8
230	0	1000	879	9
230	0	1000	825	10
230	0	1000	901	11
230	0	1000	891	12
230	0	1000	968	13
230	0	1000	893	14
230	0	1000	839	15
230	0	1000	960	16
230	0	1000	856	17
230	0	1000	995	18
230	0	1000	942	19
230	0	1000	894	20
230	0	1000	936	21
230	0	1000	828	22
230	0	1000	840	23
230	0	1000	776	24
230	0	1000	854	25
230	0	1000	958	26
230	0	1000	878	27
230	0	1000	954	28
230	0	1000	1000	29
230	0	1000	1000	30
230	0	1000	1000	31
# Event data block #32
# Threshold	DAC	Events	Triggered	CH#
231	0	1000	1000	0
231	0	1000	1000	1
231	0	1000	978	2
231	0	1000	932	3
231	0	1000	887	4
231	0	1000	928	5
231	0	1000	794	6
231	0	1000	862	7
231	0	1000	855	8
231	0	1000	873	9
231	0	1000	815	10
231	0	1000	901	11
231	0	1000	894	12
231	0	1000	973	13
231	0	1000	895	14
231	0	1000	851	15
231	0	1000	967	16
231	0	1000	863	17
231	0	1000	999	18
231	0	1000	939	19
231	0	1000	891	20
231	0	1000	930	21
231	0	1000	814	22
231	0	1000	824	23
231	0	1000	784	24
231	0	1000	847	25
231	0	1000	959	26
231	0	1000	878	27
231	0	1000	956	28
231	0	1000	1000	29
231	0	1000	1000	30
231	0	1000	1000	31
# Event data block #33
# Threshold	DAC	Events	Triggered	CH#
232	0	1000	1000	0
232	0	1000	1000	1
232	0	1000	986	2
232	0	1000	944	3
232	0	1000	905	4
232	0	1000	930	5
232	0	1000	811	6
232	0	1000	870	7
232	0	1000	870	8
232	0	1000	883	9
232	0	1000	844	10
232	0	1000	909	11
232	0	1000	902	12
232	0	1000	986	13
232	0	1000	921	14
232	0	1000	885	15
232	0	1000	980	16
232	0	1000	888	17
232	0	1000	995	18
232	0	1000	945	19
232	0	1000	902	20
232	0	1000	930	21
232	0	1000	834	22
232	0	1000	836	23
232	0	1000	792	24
232	0	1000	857	25
232	0	1000	969	26
232	0	1000	892	27
232	0	1000	967	28
232	0	1000	1000	29
232	0	1000	1000	30
232	0	1000	1000	31
# Event data block #34
# Threshold	DAC	Events	Triggered	CH#
233	0	1000	999	0
233	0	1000	1000	1
233	0	1000	992	2
233	0	1000	959	3
233	0	1000	913	4
233	0	1000	947	5
233	0	1000	815	6
233	0	1000	859	7
233	0	1000	967	8
233	0	1000	878	9
233	0	1000	842	10
233	0	1000	922	11
233	0	1000	910	12
233	0	1000	992	13
233	0	1000	940	14
233	0	1000	896	15
233	0	1000	989	16
233	0	1000	901	17
233	0	1000	995	18
233	0	1000	961	19
233	0	1000	905	20
233	0	1000	950	21
233	0	1000	829	22
233	0	1000	836	23
233	0	1000	794	24
233	0	1000	852	25
233	0	1000	973	26
233	0	1000	895	27
233	0	1000	977	28
233	0	1000	1000	29
233	0	1000	1000	30
233	0	1000	1000	31
# Event data block #35
# Threshold	DAC	Events	Triggered	CH#
234	0	1000	1000	0
234	0	1000	1000	1
234	0	1000	995	2
234	0	1000	971	3
234	0	1000	935	4
234	0	1000	951	5
234	0	1000	818	6
234	0	1000	875	7
234	0	1000	1000	8
234	0	1000	891	9
234	0	1000	849	10
234	0	1000	924	11
234	0	1000	923	12
234	0	1000	998	13
234	0	1000	952	14
234	0	1000	921	15
234	0	1000	993	16
234	0	1000	922	17
234	0	1000	998	18
234	0	1000	966	19
234	0	1000	919	20
234	0	1000	950	21
234	0	1000	834	22
234	0	1000	833	23
234	0	1000	787	24
234	0	1000	859	25
234	0	1000	978	26
234	0	1000	908	27
234	0	1000	987	28
234	0	1000	1000	29
234	0	1000	1000	30
234	0	1000	1000	31
# Event data block #36
# Threshold	DAC	Events	Triggered	CH#
235	0	1000	1000	0
235	0	1000	1000	1
235	0	1000	998	2
235	0	1000	973	3
235	0	1000	977	4
235	0	1000	959	5
235	0	1000	834	6
235	0	1000	886	7
235	0	1000	1000	8
235	0	1000	903	9
235	0	1000	868	10
235	0	1000	938	11
235	0	1000	936	12
235	0	1000	1000	13
235	0	1000	962	14
235	0	1000	939	15
235	0	1000	998	16
235	0	1000	941	17
235	0	1000	999	18
235	0	1000	971	19
235	0	1000	931	20
235	0	1000	959	21
235	0	1000	850	22
235	0	1000	855	23
235	0	1000	817	24
235	0	1000	874	25
235	0	1000	982	26
235	0	1000	920	27
235	0	1000	983	28
235	0	1000	1000	29
235	0	1000	1000	30
235	0	1000	1000	31
# Event data block #37
# Threshold	DAC	Events	Triggered	CH#
236	0	1000	1000	0
236	0	1000	1000	1
236	0	1000	998	2
236	0	1000	983	3
236	0	1000	1000	4
236	0	1000	968	5
236	0	1000	859	6
236	0	1000	900	7
236	0	1000	1000	8
236	0	1000	920	9
236	0	1000	879	10
236	0	1000	942	11
236	0	1000	939	12
236	0	1000	1000	13
236	0	1000	977	14
236	0	1000	950	15
236	0	1000	997	16
236	0	1000	953	17
236	0	1000	999	18
236	0	1000	974	19
236	0	1000	939	20
236	0	1000	961	21
236	0	1000	864	22
236	0	1000	867	23
236	0	1000	833	24
236	0	1000	893	25
236	0	1000	981	26
236	0	1000	931	27
236	0	1000	989	28
236	0	1000	1000	29
236	0	1000	1000	30
236	0	1000	1000	31
# Event data block #38
# Threshold	DAC	Events	Triggered	CH#
237	0	1000	1000	0
237	0	1000	1000	1
237	0	1000	999	2
237	0	1000	988	3
237	0	1000	1000	4
237	0	1000	965	5
237	0	1000	850	6
237	0	1000	866	7
237	0	1000	1000	8
237	0	1000	893	9
237	0	1000	866	10
237	0	1000	932	11
237	0	1000	933	12
237	0	1000	1000	13
237	0	1000	983	14
237	0	1000	952	15
237	0	1000	999	16
237	0	1000	959	17
237	0	1000	1000	18
237	0	1000	977	19
237	0	1000	933	20
237	0	1000	957	21
237	0	1000	844	22
237	0	1000	834	23
237	0	1000	808	24
237	0	1000	865	25
237	0	1000	985	26
237	0	1000	915	27
237	0	1000	990	28
237	0	1000	1000	29
237	0	1000	1000	30
237	0	1000	1000	31
# Event data block #39
# Threshold	DAC	Events	Triggered	CH#
238	0	1000	1000	0
238	0	1000	1000	1
238	0	1000	1000	2
238	0	1000	993	3
238	0	1000	1000	4
238	0	1000	988	5
238	0	1000	907	6
238	0	1000	901	7
238	0	1000	1000	8
238	0	1000	926	9
238	0	1000	896	10
238	0	1000	955	11
238	0	1000	959	12
238	0	1000	1000	13
238	0	1000	996	14
238	0	1000	974	15
238	0	1000	1000	16
238	0	1000	984	17
238	0	1000	1000	18
238	0	1000	989	19
238	0	1000	961	20
238	0	1000	973	21
238	0	1000	878	22
238	0	1000	862	23
238	0	1000	832	24
238	0	1000	898	25
238	0	1000	992	26
238	0	1000	944	27
238	0	1000	994	28
238	0	1000	1000	29
238	0	1000	1000	30
238	0	1000	1000	31
# Event data block #40
# Threshold	DAC	Events	Triggered	CH#
239	0	1000	1000	0
239	0	1000	1000	1
239	0	1000	1000	2
239	0	1000	996	3
239	0	1000	1000	4
239	0	1000	1000	5
239	0	1000	1000	6
239	0	1000	911	7
239	0	1000	1000	8
239	0	1000	931	9
239	0	1000	910	10
239	0	1000	968	11
239	0	1000	967	12
239	0	1000	1000	13
239	0	1000	1000	14
239	0	1000	985	15
239	0	1000	1000	16
239	0	1000	990	17
239	0	1000	1000	18
239	0	1000	993	19
239	0	1000	968	20
239	0	1000	983	21
239	0	1000	886	22
239	0	1000	880	23
239	0	1000	850	24
239	0	1000	908	25
239	0	1000	997	26
239	0	1000	952	27
239	0	1000	996	28
239	0	1000	1000	29
239	0	1000	1000	30
239	0	1000	1000	31
# Event data block #41
# Threshold	DAC	Events	Triggered	CH#
240	0	1000	1000	0
240	0	1000	1000	1
240	0	1000	1000	2
240	0	1000	999	3
240	0	1000	1000	4
240	0	1000	1000	5
240	0	1000	1000	6
240	0	1000	928	7
240	0	1000	1000	8
240	0	1000	937	9
240	0	1000	930	10
240	0	1000	964	11
240	0	1000	969	12
240	0	1000	1000	13
240	0	1000	1000	14
240	0	1000	989	15
240	0	1000	1000	16
240	0	1000	995	17
240	0	1000	1000	18
240	0	1000	997	19
240	0	1000	998	20
240	0	1000	980	21
240	0	1000	902	22
240	0	1000	883	23
240	0	1000	867	24
240	0	1000	916	25
240	0	1000	1000	26
240	0	1000	963	27
240	0	1000	999	28
240	0	1000	1000	29
240	0	1000	1000	30
240	0	1000	1000	31
# Event data block #42
# Threshold	DAC	Events	Triggered	CH#
241	0	1000	1000	0
241	0	1000	1000	1
241	0	1000	1000	2
241	0	1000	1000	3
241	0	1000	1000	4
241	0	1000	1000	5
241	0	1000	1000	6
241	0	1000	991	7
241	0	1000	1000	8
241	0	1000	948	9
241	0	1000	941	10
241	0	1000	968	11
241	0	1000	970	12
241	0	1000	1000	13
241	0	1000	1000	14
241	0	1000	990	15
241	0	1000	1000	16
241	0	1000	997	17
241	0	1000	1000	18
241	0	1000	1000	19
241	0	1000	1000	20
241	0	1000	978	21
241	0	1000	898	22
241	0	1000	877	23
241	0	1000	852	24
241	0	1000	920	25
241	0	1000	1000	26
241	0	1000	973	27
241	0	1000	998	28
241	0	1000	1000	29
241	0	1000	1000	30
241	0	1000	1000	31
# Event data block #43
# Threshold	DAC	Events	Triggered	CH#
242	0	1000	1000	0
242	0	1000	1000	1
242	0	1000	1000	2
242	0	1000	1000	3
242	0	1000	1000	4
242	0	1000	1000	5
242	0	1000	1000	6
242	0	1000	1000	7
242	0	1000	1000	8
242	0	1000	984	9
242	0	1000	1000	10
242	0	1000	971	11
242	0	1000	979	12
242	0	1000	1000	13
242	0	1000	1000	14
242	0	1000	994	15
242	0	1000	1000	16
242	0	1000	998	17
242	0	1000	1000	18
242	0	1000	1000	19
242	0	1000	1000	20
242	0	1000	981	21
242	0	1000	907	22
242	0	1000	871	23
242	0	1000	848	24
242	0	1000	941	25
242	0	1000	1000	26
242	0	1000	1000	27
242	0	1000	999	28
242	0	1000	1000	29
242	0	1000	1000	30
242	0	1000	1000	31
# Event data block #44
# Threshold	DAC	Events	Triggered	CH#
243	0	1000	1000	0
243	0	1000	1000	1
243	0	1000	1000	2
243	0	1000	1000	3
243	0	1000	1000	4
243	0	1000	1000	5
243	0	1000	1000	6
243	0	1000	1000	7
243	0	1000	1000	8
243	0	1000	1000	9
243	0	1000	1000	10
243	0	1000	984	11
243	0	1000	989	12
243	0	1000	1000	13
243	0	1000	1000	14
243	0	1000	998	15
243	0	1000	1000	16
243	0	1000	1000	17
243	0	1000	1000	18
243	0	1000	1000	19
243	0	1000	1000	20
243	0	1000	992	21
243	0	1000	1000	22
243	0	1000	904	23
243	0	1000	890	24
243	0	1000	1000	25
243	0	1000	1000	26
243	0	1000	1000	27
243	0	1000	1000	28
243	0	1000	1000	29
243	0	1000	1000	30
243	0	1000	1000	31
# Event data block #45
# Threshold	DAC	Events	Triggered	CH#
244	0	1000	1000	0
244	0	1000	1000	1
244	0	1000	1000	2
244	0	1000	1000	3
244	0	1000	1000	4
244	0	1000	1000	5
244	0	1000	1000	6
244	0	1000	1000	7
244	0	1000	1000	8
244	0	1000	1000	9
244	0	1000	1000	10
244	0	1000	987	11
244	0	1000	993	12
244	0	1000	1000	13
244	0	1000	1000	14
244	0	1000	1000	15
244	0	1000	1000	16
244	0	1000	1000	17
244	0	1000	1000	18
244	0	1000	1000	19
244	0	1000	1000	20
244	0	1000	996	21
244	0	1000	1000	22
244	0	1000	912	23
244	0	1000	894	24
244	0	1000	1000	25
244	0	1000	1000	26
244	0	1000	1000	27
244	0	1000	1000	28
244	0	1000	1000	29
244	0	1000	1000	30
244	0	1000	1000	31
# Event data block #46
# Threshold	DAC	Events	Triggered	CH#
245	0	1000	1000	0
245	0	1000	1000	1
245	0	1000	1000	2
245	0	1000	1000	3
245	0	1000	1000	4
245	0	1000	1000	5
245	0	1000	1000	6
245	0	1000	1000	7
245	0	1000	1000	8
245	0	1000	1000	9
245	0	1000	1000	10
245	0	1000	991	11
245	0	1000	1000	12
245	0	1000	1000	13
245	0	1000	1000	14
245	0	1000	1000	15
245	0	1000	1000	16
245	0	1000	1000	17
245	0	1000	1000	18
245	0	1000	1000	19
245	0	1000	1000	20
245	0	1000	1000	21
245	0	1000	1000	22
245	0	1000	920	23
245	0	1000	914	24
245	0	1000	1000	25
245	0	1000	1000	26
245	0	1000	1000	27
245	0	1000	999	28
245	0	1000	1000	29
245	0	1000	1000	30
245	0	1000	1000	31
# Event data block #47
# Threshold	DAC	Events	Triggered	CH#
246	0	1000	1000	0
246	0	1000	1000	1
246	0	1000	1000	2
246	0	1000	1000	3
246	0	1000	1000	4
246	0	1000	1000	5
246	0	1000	1000	6
246	0	1000	1000	7
246	0	1000	1000	8
246	0	1000	1000	9
246	0	1000	1000	10
246	0	1000	1000	11
246	0	1000	1000	12
246	0	1000	1000	13
246	0	1000	1000	14
246	0	1000	1000	15
246	0	1000	1000	16
246	0	1000	1000	17
246	0	1000	1000	18
246	0	1000	1000	19
246	0	1000	1000	20
246	0	1000	1000	21
246	0	1000	1000	22
246	0	1000	926	23
246	0	1000	968	24
246	0	1000	1000	25
246	0	1000	1000	26
246	0	1000	1000	27
246	0	1000	1000	28
246	0	1000	1000	29
246	0	1000	1000	30
246	0	1000	1000	31
# Event data block #48
# Threshold	DAC	Events	Triggered	CH#
247	0	1000	1000	0
247	0	1000	1000	1
247	0	1000	1000	2
247	0	1000	1000	3
247	0	1000	1000	4
247	0	1000	1000	5
247	0	1000	1000	6
247	0	1000	1000	7
247	0	1000	1000	8
247	0	1000	1000	9
247	0	1000	1000	10
247	0	1000	1000	11
247	0	1000	1000	12
247	0	1000	1000	13
247	0	1000	1000	14
247	0	1000	1000	15
247	0	1000	1000	16
247	0	1000	1000	17
247	0	1000	1000	18
247	0	1000	1000	19
247	0	1000	1000	20
247	0	1000	1000	21
247	0	1000	1000	22
247	0	1000	924	23
247	0	1000	1000	24
247	0	1000	1000	25
247	0	1000	1000	26
247	0	1000	1000	27
247	0	1000	1000	28
247	0	1000	1000	29
247	0	1000	1000	30
247	0	1000	1000	31
# Event data block #49
# Threshold	DAC	Events	Triggered	CH#
248	0	1000	1000	0
248	0	1000	1000	1
248	0	1000	1000	2
248	0	1000	1000	3
248	0	1000	1000	4
248	0	1000	1000	5
248	0	1000	1000	6
248	0	1000	1000	7
248	0	1000	1000	8
248	0	1000	1000	9
248	0	1000	1000	10
248	0	1000	1000	11
248	0	1000	1000	12
248	0	1000	1000	13
248	0	1000	1000	14
248	0	1000	1000	15
248	0	1000	1000	16
248	0	1000	1000	17
248	0	1000	1000	18
248	0	1000	1000	19
248	0	1000	1000	20
248	0	1000	1000	21
248	0	1000	1000	22
248	0	1000	1000	23
248	0	1000	1000	24
248	0	1000	1000	25
248	0	1000	1000	26
248	0	1000	1000	27
248	0	1000	1000	28
248	0	1000	1000	29
248	0	1000	1000	30
248	0	1000	1000	31
# Event data block #50
# Threshold	DAC	Events	Triggered	CH#
249	0	1000	1000	0
249	0	1000	1000	1
249	0	1000	1000	2
249	0	1000	1000	3
249	0	1000	1000	4
249	0	1000	1000	5
249	0	1000	1000	6
249	0	1000	1000	7
249	0	1000	1000	8
249	0	1000	1000	9
249	0	1000	1000	10
249	0	1000	1000	11
249	0	1000	1000	12
249	0	1000	1000	13
249	0	1000	1000	14
249	0	1000	1000	15
249	0	1000	1000	16
249	0	1000	1000	17
249	0	1000	1000	18
249	0	1000	1000	19
249	0	1000	1000	20
249	0	1000	1000	21
249	0	1000	1000	22
249	0	1000	1000	23
249	0	1000	1000	24
249	0	1000	1000	25
249	0	1000	1000	26
249	0	1000	1000	27
249	0	1000	1000	28
249	0	1000	1000	29
249	0	1000	1000	30
249	0	1000	1000	31
# Event data block #51
# Threshold	DAC	Events	Triggered	CH#
250	0	1000	1000	0
250	0	1000	1000	1
250	0	1000	1000	2
250	0	1000	1000	3
250	0	1000	1000	4
250	0	1000	1000	5
250	0	1000	1000	6
250	0	1000	1000	7
250	0	1000	1000	8
250	0	1000	1000	9
250	0	1000	1000	10
250	0	1000	1000	11
250	0	1000	1000	12
250	0	1000	1000	13
250	0	1000	1000	14
250	0	1000	1000	15
250	0	1000	1000	16
250	0	1000	1000	17
250	0	1000	1000	18
250	0	1000	1000	19
250	0	1000	1000	20
250	0	1000	1000	21
250	0	1000	1000	22
250	0	1000	1000	23
250	0	1000	1000	24
250	0	1000	1000	25
250	0	1000	1000	26
250	0	1000	1000	27
250	0	1000	1000	28
250	0	1000	1000	29
250	0	1000	1000	30
250	0	1000	1000	31
# Event data block #52
# Threshold	DAC	Events	Triggered	CH#
251	0	1000	1000	0
251	0	1000	1000	1
251	0	1000	1000	2
251	0	1000	1000	3
251	0	1000	1000	4
251	0	1000	1000	5
251	0	1000	1000	6
251	0	1000	1000	7
251	0	1000	1000	8
251	0	1000	1000	9
251	0	1000	1000	10
251	0	1000	1000	11
251	0	1000	1000	12
251	0	1000	1000	13
251	0	1000	1000	14
251	0	1000	1000	15
251	0	1000	1000	16
251	0	1000	1000	17
251	0	1000	1000	18
251	0	1000	1000	19
251	0	1000	1000	20
251	0	1000	1000	21
251	0	1000	1000	22
251	0	1000	1000	23
251	0	1000	1000	24
251	0	1000	1000	25
251	0	1000	1000	26
251	0	1000	1000	27
251	0	1000	1000	28
251	0	1000	1000	29
251	0	1000	1000	30
251	0	1000	1000	31
# Event data block #53
# Threshold	DAC	Events	Triggered	CH#
252	0	1000	1000	0
252	0	1000	1000	1
252	0	1000	1000	2
252	0	1000	1000	3
252	0	1000	1000	4
252	0	1000	1000	5
252	0	1000	1000	6
252	0	1000	1000	7
252	0	1000	1000	8
252	0	1000	1000	9
252	0	1000	1000	10
252	0	1000	1000	11
252	0	1000	1000	12
252	0	1000	1000	13
252	0	1000	1000	14
252	0	1000	1000	15
252	0	1000	1000	16
252	0	1000	1000	17
252	0	1000	1000	18
252	0	1000	1000	19
252	0	1000	1000	20
252	0	1000	1000	21
252	0	1000	1000	22
252	0	1000	1000	23
252	0	1000	1000	24
252	0	1000	1000	25
252	0	1000	1000	26
252	0	1000	1000	27
252	0	1000	1000	28
252	0	1000	1000	29
252	0	1000	1000	30
252	0	1000	1000	31
# Event data block #54
# Threshold	DAC	Events	Triggered	CH#
253	0	1000	1000	0
253	0	1000	1000	1
253	0	1000	1000	2
253	0	1000	1000	3
253	0	1000	1000	4
253	0	1000	1000	5
253	0	1000	1000	6
253	0	1000	1000	7
253	0	1000	1000	8
253	0	1000	1000	9
253	0	1000	1000	10
253	0	1000	1000	11
253	0	1000	1000	12
253	0	1000	1000	13
253	0	1000	1000	14
253	0	1000	1000	15
253	0	1000	1000	16
253	0	1000	1000	17
253	0	1000	1000	18
253	0	1000	1000	19
253	0	1000	1000	20
253	0	1000	1000	21
253	0	1000	1000	22
253	0	1000	1000	23
253	0	1000	1000	24
253	0	1000	1000	25
253	0	1000	1000	26
253	0	1000	1000	27
253	0	1000	1000	28
253	0	1000	1000	29
253	0	1000	1000	30
253	0	1000	1000	31
# Event data block #55
# Threshold	DAC	Events	Triggered	CH#
254	0	1000	1000	0
254	0	1000	1000	1
254	0	1000	1000	2
254	0	1000	1000	3
254	0	1000	1000	4
254	0	1000	1000	5
254	0	1000	1000	6
254	0	1000	1000	7
254	0	1000	1000	8
254	0	1000	1000	9
254	0	1000	1000	10
254	0	1000	1000	11
254	0	1000	1000	12
254	0	1000	1000	13
254	0	1000	1000	14
254	0	1000	1000	15
254	0	1000	1000	16
254	0	1000	1000	17
254	0	1000	1000	18
254	0	1000	1000	19
254	0	1000	1000	20
254	0	1000	1000	21
254	0	1000	1000	22
254	0	1000	1000	23
254	0	1000	1000	24
254	0	1000	1000	25
254	0	1000	1000	26
254	0	1000	1000	27
254	0	1000	1000	28
254	0	1000	1000	29
254	0	1000	1000	30
254	0	1000	1000	31
# Event data block #56
# Threshold	DAC	Events	Triggered	CH#
255	0	1000	1000	0
255	0	1000	1000	1
255	0	1000	1000	2
255	0	1000	1000	3
255	0	1000	1000	4
255	0	1000	1000	5
255	0	1000	1000	6
255	0	1000	1000	7
255	0	1000	1000	8
255	0	1000	1000	9
255	0	1000	1000	10
255	0	1000	1000	11
255	0	1000	1000	12
255	0	1000	1000	13
255	0	1000	1000	14
255	0	1000	1000	15
255	0	1000	1000	16
255	0	1000	1000	17
255	0	1000	1000	18
255	0	1000	1000	19
255	0	1000	1000	20
255	0	1000	1000	21
255	0	1000	1000	22
255	0	1000	1000	23
255	0	1000	1000	24
255	0	1000	1000	25
255	0	1000	1000	26
255	0	1000	1000	27
255	0	1000	1000	28
255	0	1000	1000	29
255	0	1000	1000	30
255	0	1000	1000	31
