INDEX
ENC_l_m: ENC obtained with pedestal rms and linear gain fit with mean values
ENC_l_mwo: ENC obtained with pedestal rms and linear gain fit with mean values without outliers
ENC_3_m: ENC obtained with pedestal rms and cubic gain fit with mean values
ENC_3_mwo: ENC obtained with pedestal rms and cubic gain fit with mean values without outliers
-----------------------------------------------------------------
ch	pt	ENC_l_m	ENC_l_mwo	ENC_3_m	ENC_3_mwo
 0	 0	2.630	2.398	2.359	2.159
 0	 1	2.916	2.628	2.740	2.472
 0	 2	3.082	2.855	2.973	2.767
 0	 3	3.266	2.990	3.134	2.861
 0	 4	3.327	3.083	3.230	3.002
 0	 5	3.340	3.015	3.346	3.045
 0	 6	3.568	3.384	3.537	3.346
 0	 7	3.321	3.117	3.410	3.189
 1	 0	3.060	2.634	2.637	2.268
 1	 1	3.245	2.907	2.888	2.569
 1	 2	3.301	2.873	2.996	2.600
 1	 3	3.535	3.142	3.106	2.780
 1	 4	3.674	3.044	3.296	2.754
 1	 5	3.770	3.316	3.341	2.942
 1	 6	3.567	3.181	3.227	2.879
 1	 7	3.434	3.140	3.198	2.941
 2	 0	3.636	2.828	2.979	2.318
 2	 1	3.910	3.072	3.394	2.668
 2	 2	4.166	3.078	3.678	2.717
 2	 3	4.243	3.180	3.862	2.913
 2	 4	4.396	3.208	4.039	2.926
 2	 5	4.162	3.246	3.929	3.080
 2	 6	4.358	3.329	4.126	3.159
 2	 7	4.288	3.374	4.085	3.236
 3	 0	3.641	3.460	3.004	2.854
 3	 1	4.340	4.113	3.795	3.562
 3	 2	4.762	4.274	4.250	3.800
 3	 3	4.858	4.595	4.302	4.090
 3	 4	5.200	4.858	4.647	4.302
 3	 5	5.167	5.007	4.850	4.691
 3	 6	5.275	4.827	4.917	4.506
 3	 7	5.078	4.789	4.839	4.590
 4	 0	4.827	4.107	3.937	3.338
 4	 1	5.709	4.734	4.978	4.080
 4	 2	6.315	5.244	5.610	4.585
 4	 3	6.559	5.178	5.906	4.716
 4	 4	6.940	5.676	6.280	5.148
 4	 5	6.608	5.552	6.303	5.269
 4	 6	6.972	5.520	6.602	5.202
 4	 7	6.569	5.331	6.476	5.314
 5	 0	5.111	4.289	4.163	3.445
 5	 1	6.496	4.825	5.719	4.221
 5	 2	7.056	5.098	6.308	4.483
 5	 3	7.447	5.204	6.693	4.717
 5	 4	7.731	5.410	7.131	4.973
 5	 5	7.492	5.821	7.262	5.562
 5	 6	8.025	5.790	7.733	5.619
 5	 7	7.655	5.690	7.477	5.591
 6	 0	6.052	4.252	4.975	3.433
 6	 1	7.720	4.842	6.953	4.324
 6	 2	8.754	4.747	7.876	4.160
 6	 3	9.160	7.969	8.250	7.313
 6	 4	9.960	5.650	9.059	5.183
 6	 5	9.201	5.977	8.916	5.695
 6	 6	10.077	8.459	9.747	8.266
 6	 7	9.544	5.877	9.491	5.907
 7	 0	7.610	4.755	6.182	3.775
 7	 1	9.520	4.774	8.498	4.194
 7	 2	10.929	5.114	9.815	4.516
 7	 3	11.879	7.957	10.481	7.239
 7	 4	12.769	8.458	11.304	7.451
 7	 5	11.823	8.863	11.285	8.387
 7	 6	12.990	8.832	12.120	8.178
 7	 7	12.822	9.237	12.040	8.620
 8	 0	9.003	6.682	7.363	5.359
 8	 1	11.282	7.374	10.132	6.385
 8	 2	13.159	8.005	11.819	7.049
 8	 3	13.862	8.081	11.985	7.306
 8	 4	14.739	8.917	13.095	7.870
 8	 5	13.793	9.484	13.065	8.818
 8	 6	15.367	9.463	14.244	9.068
 8	 7	14.409	9.305	13.743	8.805
 9	 0	6.977	4.540	5.625	3.622
 9	 1	8.649	4.945	7.566	4.255
 9	 2	9.771	5.209	8.607	4.594
 9	 3	10.451	5.634	9.029	4.992
 9	 4	10.785	5.715	9.583	5.061
 9	 5	10.414	8.475	9.770	7.845
 9	 6	10.831	8.362	10.087	8.001
 9	 7	10.524	8.570	9.917	8.176
10	 0	6.114	4.373	5.085	3.632
10	 1	7.800	5.080	6.920	4.410
10	 2	8.886	5.486	7.719	4.762
10	 3	9.291	7.929	8.176	7.025
10	 4	9.815	6.047	8.668	5.340
10	 5	9.664	8.771	8.769	7.723
10	 6	10.028	8.381	8.987	7.506
10	 7	9.569	6.194	8.842	5.739
11	 0	4.612	3.781	3.854	3.148
11	 1	5.742	4.473	5.286	4.095
11	 2	6.535	4.298	5.977	3.936
11	 3	6.774	5.117	6.283	4.870
11	 4	7.119	5.141	6.744	4.985
11	 5	7.105	5.643	6.967	5.464
11	 6	7.321	5.838	7.294	5.802
11	 7	6.966	5.461	7.097	5.670
12	 0	4.480	3.835	3.738	3.200
12	 1	5.280	4.364	4.904	4.007
12	 2	5.931	4.730	5.483	4.371
12	 3	6.371	4.994	5.923	4.670
12	 4	6.604	5.353	6.242	5.075
12	 5	6.644	5.461	6.546	5.372
12	 6	7.002	5.739	6.813	5.614
12	 7	6.912	5.641	6.954	5.724
13	 0	3.977	3.645	3.345	3.056
13	 1	5.029	4.455	4.405	3.891
13	 2	5.609	4.906	5.036	4.420
13	 3	6.014	5.202	5.429	4.828
13	 4	6.201	5.337	5.734	4.995
13	 5	6.303	5.453	6.051	5.260
13	 6	6.605	5.913	6.233	5.592
13	 7	6.458	5.676	6.302	5.578
14	 0	3.763	2.821	3.161	2.362
14	 1	4.524	4.252	4.003	3.753
14	 2	5.013	4.641	4.462	4.131
14	 3	5.236	4.926	4.690	4.440
14	 4	5.364	5.094	4.885	4.633
14	 5	5.685	5.251	5.302	4.902
14	 6	5.908	5.733	5.493	5.301
14	 7	6.005	5.691	5.611	5.323
15	 0	3.827	2.980	3.132	2.439
15	 1	4.288	4.037	3.810	3.596
15	 2	4.796	4.580	4.337	4.133
15	 3	5.119	4.702	4.635	4.289
15	 4	5.525	5.186	5.088	4.795
15	 5	5.655	5.264	5.359	5.025
15	 6	5.963	5.748	5.641	5.423
15	 7	5.965	5.601	5.702	5.356
16	 0	3.327	2.825	2.750	2.326
16	 1	3.625	3.118	3.257	2.805
16	 2	3.842	3.162	3.456	2.851
16	 3	4.019	3.371	3.717	3.124
16	 4	4.193	3.496	3.946	3.297
16	 5	3.997	3.420	3.955	3.362
16	 6	4.109	3.596	4.065	3.533
16	 7	4.170	4.143	4.191	4.155
17	 0	3.916	3.015	3.252	2.491
17	 1	4.320	4.229	3.870	3.773
17	 2	4.639	4.448	4.189	4.032
17	 3	4.654	4.495	4.316	4.196
17	 4	4.865	4.663	4.445	4.270
17	 5	4.761	4.681	4.488	4.383
17	 6	4.892	4.691	4.591	4.389
17	 7	4.623	4.565	4.404	4.360
18	 0	4.263	3.970	3.611	3.366
18	 1	4.950	4.450	4.407	3.943
18	 2	5.370	4.725	4.917	4.302
18	 3	5.807	5.379	5.325	4.925
18	 4	5.957	5.510	5.504	5.018
18	 5	5.717	5.228	5.563	5.108
18	 6	5.913	5.517	5.704	5.293
18	 7	5.820	5.304	5.710	5.308
19	 0	4.645	3.852	3.915	3.232
19	 1	5.661	4.601	5.059	4.085
19	 2	6.370	4.964	5.741	4.424
19	 3	6.700	5.349	5.973	4.808
19	 4	7.201	5.619	6.507	5.082
19	 5	6.803	5.564	6.542	5.361
19	 6	7.254	5.837	6.779	5.458
19	 7	6.858	5.658	6.589	5.487
20	 0	5.689	4.482	4.645	3.668
20	 1	6.928	5.402	6.089	4.692
20	 2	7.699	5.656	6.845	4.967
20	 3	8.082	5.904	7.151	5.277
20	 4	8.131	6.036	7.268	5.378
20	 5	8.103	6.333	7.735	6.000
20	 6	8.360	6.193	7.928	5.861
20	 7	8.047	6.287	7.726	6.098
21	 0	5.850	4.885	4.949	4.118
21	 1	7.355	5.547	6.434	4.851
21	 2	8.132	5.896	7.002	4.999
21	 3	8.591	6.104	7.502	5.394
21	 4	9.266	6.244	7.937	5.355
21	 5	8.547	6.402	7.744	5.819
21	 6	9.189	6.754	8.083	5.824
21	 7	8.798	6.727	7.900	6.016
22	 0	6.582	4.886	5.403	3.990
22	 1	8.024	5.257	7.150	4.556
22	 2	9.280	7.303	8.142	6.262
22	 3	9.758	5.931	8.541	5.237
22	 4	10.128	6.048	9.161	5.548
22	 5	9.709	7.648	9.258	7.299
22	 6	10.452	6.631	9.925	6.341
22	 7	9.715	6.352	9.631	6.371
23	 0	6.470	4.480	5.327	3.625
23	 1	8.629	4.619	7.550	3.993
23	 2	9.881	5.213	8.821	4.549
23	 3	10.464	5.615	9.282	5.026
23	 4	10.981	5.986	9.887	5.441
23	 5	10.665	8.752	10.370	8.459
23	 6	11.540	8.319	11.140	8.014
23	 7	10.609	6.277	10.538	6.343
24	 0	6.577	4.620	5.307	3.704
24	 1	8.106	4.798	7.217	4.256
24	 2	9.483	5.183	8.276	4.417
24	 3	10.261	5.377	8.832	4.735
24	 4	10.857	5.811	9.310	4.964
24	 5	10.370	8.841	9.411	7.951
24	 6	11.185	8.727	10.125	7.852
24	 7	10.453	8.979	9.434	8.048
25	 0	5.284	4.418	4.338	3.640
25	 1	6.564	4.997	5.871	4.422
25	 2	7.376	5.330	6.699	4.816
25	 3	7.890	5.692	7.055	5.142
25	 4	8.433	5.905	7.659	5.353
25	 5	8.272	6.116	7.900	5.822
25	 6	8.917	6.229	8.398	5.948
25	 7	8.522	6.380	8.228	6.189
26	 0	5.127	4.425	4.237	3.636
26	 1	6.171	4.988	5.371	4.283
26	 2	7.006	5.588	6.227	4.908
26	 3	7.228	7.049	6.398	6.290
26	 4	7.866	7.572	6.999	6.758
26	 5	7.530	7.412	7.057	6.886
26	 6	7.960	7.416	7.509	7.089
26	 7	7.479	7.246	7.197	7.059
27	 0	4.540	4.095	3.725	3.364
27	 1	5.376	4.841	4.732	4.209
27	 2	6.022	4.988	5.415	4.477
27	 3	6.436	5.510	5.718	4.895
27	 4	6.677	5.709	5.927	5.091
27	 5	6.567	5.899	6.184	5.467
27	 6	6.895	5.892	6.430	5.457
27	 7	6.602	5.879	6.264	5.598
28	 0	4.004	3.742	3.291	3.059
28	 1	4.628	4.511	3.956	3.832
28	 2	5.173	3.740	4.355	3.134
28	 3	5.341	5.168	4.461	4.329
28	 4	5.519	5.279	4.643	4.463
28	 5	5.267	5.156	4.603	4.507
28	 6	5.449	4.106	4.729	3.513
28	 7	5.191	4.053	4.557	3.552
29	 0	3.612	2.992	2.978	2.470
29	 1	3.843	3.053	3.428	2.719
29	 2	4.057	3.178	3.654	2.835
29	 3	4.008	3.312	3.698	3.040
29	 4	4.246	3.419	3.905	3.143
29	 5	4.212	3.531	3.943	3.285
29	 6	4.327	3.650	4.030	3.392
29	 7	4.261	3.619	4.033	3.433
30	 0	3.692	3.701	3.003	3.001
30	 1	3.723	3.147	3.305	2.801
30	 2	3.781	3.744	3.432	3.386
30	 3	3.845	3.807	3.530	3.478
30	 4	3.907	3.433	3.595	3.179
30	 5	3.877	3.851	3.671	3.643
30	 6	3.973	3.420	3.706	3.191
30	 7	3.834	3.476	3.609	3.294
31	 0	3.290	2.752	2.715	2.270
31	 1	3.474	2.838	3.104	2.523
31	 2	3.564	3.047	3.174	2.690
31	 3	3.562	3.145	3.218	2.836
31	 4	3.724	3.097	3.369	2.807
31	 5	3.778	3.187	3.496	2.944
31	 6	3.715	3.215	3.449	2.979
31	 7	3.582	3.176	3.353	2.974
